0.99996848 -0.00310908 -0.00730623 0.00309068 0.99999202 -0.00252940 0.00731403 0.00250674 0.99997011
0.99998977 0.00151941 -0.00426043 -0.00152743 0.99999707 -0.00187915 0.00425756 0.00188564 0.99998916
0.99998081 -0.00016724 -0.00619271 0.00015979 0.99999926 -0.00120433 0.00619290 0.00120331 0.99998010
0.99999897 0.00049529 -0.00134394 -0.00049581 0.99999980 -0.00038384 0.00134375 0.00038451 0.99999902
0.99999278 -0.00129840 -0.00357005 0.00129851 0.99999916 0.00002884 0.00357001 -0.00003347 0.99999363
0.99998146 0.00242146 -0.00558647 -0.00243353 0.99999472 -0.00215498 0.00558122 0.00216854 0.99998207
0.99998873 0.00245399 -0.00406535 -0.00245679 0.99999675 -0.00068405 0.00406366 0.00069403 0.99999150
0.99999703 0.00114243 -0.00215466 -0.00113980 0.99999860 0.00122391 0.00215605 -0.00122145 0.99999693
0.99999541 -0.00121582 -0.00277404 0.00122246 0.99999639 0.00239425 0.00277112 -0.00239763 0.99999329
0.99998438 -0.00097385 -0.00550400 0.00099083 0.99999475 0.00308378 0.00550097 -0.00308919 0.99998010
0.99999928 0.00112020 -0.00042057 -0.00112048 0.99999916 -0.00064522 0.00041985 0.00064569 0.99999970
0.99999555 -0.00157568 -0.00253154 0.00157627 0.99999873 0.00023123 0.00253118 -0.00023522 0.99999677
0.99990061 0.00012699 -0.01409766 -0.00011646 0.99999971 0.00074760 0.01409775 -0.00074589 0.99990034
0.99999969 -0.00036700 -0.00069643 0.00036742 0.99999975 0.00059804 0.00069621 -0.00059830 0.99999958
0.99999954 -0.00010146 0.00095252 0.00010112 0.99999993 0.00036081 -0.00095256 -0.00036071 0.99999948
0.99993164 0.00207893 -0.01150657 -0.00211004 0.99999415 -0.00269217 0.01150091 0.00271626 0.99993017
0.99999957 -0.00091439 0.00014627 0.00091464 0.99999814 -0.00169698 -0.00014472 0.00169711 0.99999855
0.99998663 0.00469923 -0.00215590 -0.00470300 0.99998742 -0.00174640 0.00214767 0.00175652 0.99999615
0.99998969 0.00022042 -0.00453666 -0.00021837 0.99999987 0.00045251 0.00453676 -0.00045152 0.99998961
0.99999235 0.00219116 -0.00323933 -0.00218489 0.99999574 0.00193757 0.00324356 -0.00193048 0.99999288
0.99999863 0.00002237 -0.00165537 -0.00001943 0.99999842 0.00177921 0.00165541 -0.00177917 0.99999705
0.99999817 0.00160230 0.00104351 -0.00160205 0.99999869 -0.00023916 -0.00104389 0.00023748 0.99999943
0.99999570 0.00039634 -0.00290706 -0.00039798 0.99999976 -0.00056058 0.00290683 0.00056173 0.99999562
0.99999821 -0.00176612 -0.00067280 0.00176557 0.99999810 -0.00082530 0.00067426 0.00082411 0.99999943
0.99999984 -0.00004442 -0.00056463 0.00004553 0.99999806 0.00196973 0.00056454 -0.00196975 0.99999790
0.99999991 0.00042176 -0.00002434 -0.00042168 0.99999464 0.00324809 0.00002571 -0.00324808 0.99999472
0.99999953 0.00015997 0.00095711 -0.00016362 0.99999269 0.00382098 -0.00095649 -0.00382114 0.99999224
0.99999224 0.00037833 0.00392121 -0.00038542 0.99999829 0.00180920 -0.00392052 -0.00181070 0.99999068
0.99999796 0.00106649 0.00171460 -0.00106756 0.99999924 0.00062375 -0.00171394 -0.00062558 0.99999834
0.99999568 -0.00008744 0.00293655 0.00009554 0.99999619 -0.00275733 -0.00293629 0.00275759 0.99999189
0.99998489 0.00503244 0.00221203 -0.00502353 0.99997933 -0.00401207 -0.00223217 0.00400089 0.99998951
0.99999943 0.00092843 -0.00052490 -0.00092978 0.99999628 -0.00256524 0.00052252 0.00256573 0.99999657
0.99998919 -0.00452607 0.00106716 0.00452516 0.99998939 0.00085618 -0.00107103 -0.00085134 0.99999906
0.99998370 -0.00567410 -0.00063075 0.00567693 0.99997339 0.00458225 0.00060473 -0.00458576 0.99998930
0.99999451 -0.00330730 0.00022266 0.00330647 0.99998800 0.00361358 -0.00023461 -0.00361282 0.99999345
0.99996143 -0.00641606 -0.00599748 0.00641158 0.99997915 -0.00076463 0.00600226 0.00072615 0.99998172
0.99999481 -0.00257290 -0.00194165 0.00256500 0.99998847 -0.00406079 0.00195207 0.00405579 0.99998987
0.99999967 0.00054043 -0.00061430 -0.00054273 0.99999286 -0.00373893 0.00061227 0.00373927 0.99999282
0.99999769 0.00127340 -0.00173375 -0.00127423 0.99999908 -0.00047526 0.00173314 0.00047747 0.99999838
0.99999952 -0.00085817 -0.00047486 0.00085865 0.99999912 0.00101224 0.00047399 -0.00101265 0.99999937
0.99999874 0.00025455 -0.00156881 -0.00025013 0.99999600 0.00281830 0.00156953 -0.00281791 0.99999480
0.99999941 0.00075222 -0.00078042 -0.00075090 0.99999829 0.00169054 0.00078169 -0.00168995 0.99999827
0.99999678 0.00232576 -0.00101362 -0.00232294 0.99999346 0.00277204 0.00102006 -0.00276967 0.99999564
0.99999639 -0.00011202 -0.00268648 0.00011596 0.99999892 0.00146749 0.00268632 -0.00146779 0.99999531
0.99999150 0.00384491 -0.00148708 -0.00384267 0.99999149 0.00150317 0.00149285 -0.00149744 0.99999776
0.99998862 -0.00472354 0.00066614 0.00472403 0.99998857 -0.00073728 -0.00066265 0.00074041 0.99999951
0.99999901 -0.00111529 0.00085431 0.00111675 0.99999791 -0.00171224 -0.00085240 0.00171319 0.99999817
0.99999899 0.00106367 0.00093766 -0.00106165 0.99999712 -0.00215091 -0.00093994 0.00214991 0.99999725
0.99999929 -0.00106562 -0.00053590 0.00106571 0.99999942 0.00015966 0.00053573 -0.00016023 0.99999984
0.99999823 -0.00156376 0.00105096 0.00156212 0.99999757 0.00155599 -0.00105339 -0.00155434 0.99999824
0.99999662 -0.00237299 -0.00106684 0.00237429 0.99999643 0.00122687 0.00106393 -0.00122940 0.99999868
0.99998887 0.00470347 -0.00037945 -0.00470490 0.99998149 -0.00385874 0.00036129 0.00386048 0.99999248
0.99999883 -0.00145643 -0.00046433 0.00145453 0.99999068 -0.00406536 0.00047025 0.00406468 0.99999163
0.99999567 0.00292846 -0.00028868 -0.00292885 0.99999478 -0.00136192 0.00028469 0.00136275 0.99999903
0.99999321 -0.00307016 -0.00203874 0.00307743 0.99998888 0.00357472 0.00202774 -0.00358097 0.99999153
0.99999889 0.00142705 0.00042703 -0.00142826 0.99999489 0.00286174 -0.00042294 -0.00286234 0.99999581
0.99999869 -0.00157292 0.00037044 0.00157259 0.99999838 0.00087779 -0.00037182 -0.00087721 0.99999955
0.99997561 -0.00695251 0.00066899 0.00695418 0.99997262 -0.00252991 -0.00065139 0.00253450 0.99999658
0.99999804 -0.00138019 -0.00142042 0.00137741 0.99999714 -0.00195619 0.00142312 0.00195423 0.99999708
0.99999352 -0.00331330 -0.00141004 0.00331451 0.99999414 0.00085563 0.00140720 -0.00086030 0.99999864
0.99999199 -0.00393281 -0.00074270 0.00393591 0.99998332 0.00422669 0.00072606 -0.00422958 0.99999079
0.99999431 -0.00328894 -0.00075346 0.00329259 0.99998255 0.00490591 0.00073731 -0.00490837 0.99998768
0.99999969 -0.00029294 -0.00072886 0.00029476 0.99999686 0.00248845 0.00072813 -0.00248867 0.99999664
0.99999753 0.00199763 -0.00097535 -0.00200114 0.99999150 -0.00360457 0.00096814 0.00360651 0.99999303
0.99999534 0.00292933 0.00085965 -0.00292271 0.99996677 -0.00761040 -0.00088192 0.00760785 0.99997067
0.99999019 0.00440665 -0.00045606 -0.00440907 0.99997546 -0.00544433 0.00043206 0.00544629 0.99998508
0.99998642 0.00513007 -0.00091516 -0.00512906 0.99998623 0.00111046 0.00092085 -0.00110575 0.99999896
0.99999803 0.00046395 -0.00193196 -0.00045967 0.99999744 0.00221681 0.00193299 -0.00221591 0.99999568
0.99999340 0.00234344 -0.00277689 -0.00233643 0.99999408 0.00252639 0.00278279 -0.00251989 0.99999295
0.99999887 0.00065693 -0.00134900 -0.00065755 0.99999968 -0.00045990 0.00134870 0.00046079 0.99999898
0.99999641 0.00206400 -0.00170632 -0.00206245 0.99999746 0.00090955 0.00170819 -0.00090603 0.99999813
0.99999978 0.00029076 -0.00059879 -0.00029038 0.99999976 0.00062745 0.00059897 -0.00062728 0.99999962
0.99999897 0.00027421 -0.00141065 -0.00027371 0.99999990 0.00035341 0.00141075 -0.00035303 0.99999894
0.99999720 -0.00032153 -0.00234570 0.00032551 0.99999851 0.00169645 0.00234515 -0.00169721 0.99999581
0.99999754 0.00215886 -0.00050248 -0.00215743 0.99999372 0.00281336 0.00050855 -0.00281227 0.99999592
0.99999639 0.00196228 0.00183726 -0.00197055 0.99998789 0.00451006 -0.00182839 -0.00451366 0.99998814
0.99999414 0.00322238 -0.00115181 -0.00322062 0.99999365 0.00152576 0.00115672 -0.00152205 0.99999817
0.99999166 0.00368286 -0.00176621 -0.00369045 0.99998387 -0.00431711 0.00175028 0.00432359 0.99998912
0.99999802 0.00096488 0.00173854 -0.00095061 0.99996602 -0.00818867 -0.00174639 0.00818700 0.99996496
0.99999953 -0.00016995 -0.00095727 0.00016446 0.99998355 -0.00573288 0.00095822 0.00573272 0.99998311
0.99999897 0.00143677 0.00002758 -0.00143668 0.99999396 -0.00316554 -0.00003213 0.00316550 0.99999499
0.99992713 0.00307695 -0.01167374 -0.00302068 0.99998375 0.00483475 0.01168843 -0.00479914 0.99992017
0.99999955 -0.00039083 -0.00086218 0.00039275 0.99999744 0.00222823 0.00086131 -0.00222857 0.99999715
0.99999168 -0.00319565 -0.00253377 0.00318582 0.99998742 -0.00387319 0.00254611 0.00386509 0.99998929
0.99996501 -0.00825319 0.00136207 0.00826166 0.99994581 -0.00633448 -0.00130971 0.00634551 0.99997901
0.99998904 -0.00368590 0.00288733 0.00369565 0.99998746 -0.00337878 -0.00287484 0.00338941 0.99999012
0.99999244 0.00245735 0.00301494 -0.00245686 0.99999697 -0.00016488 -0.00301534 0.00015747 0.99999544
0.99998099 0.00456876 0.00414154 -0.00458134 0.99998491 0.00303300 -0.00412762 -0.00305191 0.99998682
0.99995491 -0.00326905 0.00891554 0.00326137 0.99999430 0.00087593 -0.00891835 -0.00084681 0.99995987
0.99999033 -0.00349725 0.00266781 0.00348786 0.99998773 0.00351853 -0.00268008 -0.00350919 0.99999025
0.99996636 -0.00475065 0.00668727 0.00472954 0.99998380 0.00316875 -0.00670222 -0.00313702 0.99997262
0.99993191 0.00384689 0.01101694 -0.00383101 0.99999159 -0.00146161 -0.01102247 0.00141930 0.99993824
0.99995247 0.00657173 0.00720163 -0.00658430 0.99997684 0.00172210 -0.00719015 -0.00176944 0.99997259
0.99984468 0.00516714 0.01685010 -0.00518310 0.99998616 0.00090375 -0.01684520 -0.00099094 0.99985762
0.99970293 -0.00292880 0.02419657 0.00295113 0.99999525 -0.00088695 -0.02419386 0.00095810 0.99970683
0.99967051 -0.00360648 0.02541381 0.00357337 0.99999271 0.00134828 -0.02541849 -0.00125703 0.99967611
0.99955642 -0.00157785 0.02974015 0.00149900 0.99999530 0.00267316 -0.02974423 -0.00262740 0.99955409
0.99926182 -0.00007590 0.03841630 -0.00000063 0.99999802 0.00199217 -0.03841637 -0.00199072 0.99925984
0.99949191 0.00049331 0.03186973 -0.00050799 0.99999977 0.00045264 -0.03186950 -0.00046860 0.99949193
0.99912131 0.00107224 0.04189827 -0.00104059 0.99999916 -0.00077724 -0.04189907 0.00073296 0.99912158
0.99909000 0.00021723 0.04265120 -0.00024494 0.99999976 0.00064467 -0.04265105 -0.00065453 0.99908982
0.99897491 0.00193333 0.04522600 -0.00186143 0.99999694 -0.00163197 -0.04522901 0.00154612 0.99897545
0.99852777 -0.00081097 0.05423682 0.00085802 0.99999928 -0.00084415 -0.05423610 0.00088945 0.99852774
0.99840473 -0.00077745 0.05645705 0.00083560 0.99999914 -0.00100644 -0.05645622 0.00105201 0.99840452
0.99821971 0.00002910 0.05964405 -0.00004530 0.99999996 0.00027036 -0.05964404 -0.00027258 0.99821967
0.99797164 -0.00131786 0.06364642 0.00134527 0.99999902 -0.00038777 -0.06364585 0.00047261 0.99797244
0.99784209 -0.00223022 0.06562161 0.00247075 0.99999052 -0.00358457 -0.06561299 0.00373897 0.99783814
0.99774499 -0.00159546 0.06709980 0.00176252 0.99999549 -0.00243051 -0.06709562 0.00254330 0.99774331
0.99796110 -0.00066831 0.06382158 0.00056980 0.99999862 0.00156184 -0.06382253 -0.00152229 0.99796010
0.99792565 0.00077079 0.06437240 -0.00085243 0.99999887 0.00124090 -0.06437138 -0.00129320 0.99792517
0.99795586 0.00153542 0.06388849 -0.00164914 0.99999715 0.00172734 -0.06388566 -0.00182917 0.99795555
0.99835273 -0.00514484 0.05714326 0.00521576 0.99998580 -0.00109215 -0.05713683 0.00138840 0.99836539
0.99833382 -0.00400287 0.05756350 0.00398660 0.99999197 0.00039745 -0.05756462 -0.00016730 0.99834177
0.99843076 0.00254901 0.05594220 -0.00250273 0.99999647 -0.00089745 -0.05594429 0.00075603 0.99843361
0.99837930 0.00392068 0.05677509 -0.00383415 0.99999132 -0.00163303 -0.05678100 0.00141270 0.99838566
0.99873505 0.00108745 0.05027039 -0.00099605 0.99999781 -0.00184331 -0.05027229 0.00179091 0.99873394
0.99878639 -0.00553795 0.04893947 0.00553478 0.99998466 0.00020016 -0.04893983 0.00007096 0.99880173
0.99898841 -0.01479283 0.04246558 0.01469547 0.99988863 0.00260387 -0.04249937 -0.00197719 0.99909454
0.99929661 -0.00239957 0.03742369 0.00225619 0.99998995 0.00387308 -0.03743260 -0.00378593 0.99929198
0.99938359 0.00290220 0.03498610 -0.00277429 0.99998929 -0.00370411 -0.03499647 0.00360477 0.99938093
0.99945542 0.01076058 0.03119428 -0.01060770 0.99993092 -0.00506220 -0.03124659 0.00472854 0.99950052
0.99954642 0.00537668 0.02963186 -0.00526855 0.99997918 -0.00372588 -0.02965127 0.00356807 0.99955394
0.99966847 -0.00192510 0.02567568 0.00197402 0.99999628 -0.00188038 -0.02567197 0.00193044 0.99966856
0.99966105 -0.00801438 0.02477015 0.00810030 0.99996151 -0.00337010 -0.02474218 0.00356960 0.99968749
0.99976571 -0.00621311 0.02073459 0.00637344 0.99995024 -0.00767503 -0.02068587 0.00780538 0.99975556
0.99979700 -0.00018078 0.02014739 0.00031744 0.99997697 -0.00677989 -0.02014570 0.00678491 0.99977403
0.99984246 0.00155737 0.01768156 -0.00154883 0.99999868 -0.00049701 -0.01768231 0.00046954 0.99984355
0.99989698 0.00349065 0.01392262 -0.00354639 0.99998579 0.00398117 -0.01390852 -0.00403013 0.99989515
0.99988820 0.00057931 0.01494149 -0.00063346 0.99999325 0.00361998 -0.01493929 -0.00362904 0.99988182
0.99990227 -0.00213116 0.01381662 0.00210531 0.99999601 0.00188492 -0.01382058 -0.00185565 0.99990277
0.99992764 -0.00594077 0.01046005 0.00593941 0.99998235 0.00016055 -0.01046082 -0.00009841 0.99994528
0.99994571 -0.00301075 0.00997542 0.00301975 0.99999505 -0.00088804 -0.00997270 0.00091812 0.99994985
0.99996218 -0.00163407 0.00854179 0.00163228 0.99999864 0.00021644 -0.00854213 -0.00020249 0.99996349
0.99998384 -0.00177940 0.00539963 0.00178315 0.99999817 -0.00068994 -0.00539839 0.00069955 0.99998518
0.99998142 -0.00133409 0.00594727 0.00133927 0.99999873 -0.00086843 -0.00594610 0.00087638 0.99998194
0.99998377 -0.00133136 0.00553904 0.00133407 0.99999899 -0.00048588 -0.00553839 0.00049326 0.99998454
0.99998910 -0.00108441 0.00454115 0.00108760 0.99999916 -0.00070001 -0.00454038 0.00070494 0.99998944
0.99999498 -0.00092889 0.00302945 0.00092909 0.99999957 -0.00006470 -0.00302939 0.00006751 0.99999541
0.99999563 0.00030399 0.00294083 -0.00030507 0.99999989 0.00036727 -0.00294072 -0.00036816 0.99999561
0.99999186 -0.00339144 0.00218771 0.00338964 0.99999391 0.00082816 -0.00219051 -0.00082073 0.99999726
0.99999025 -0.00433951 0.00081351 0.00433902 0.99999041 0.00060229 -0.00081611 -0.00059875 0.99999949
0.99997039 -0.00717071 -0.00279412 0.00717018 0.99997427 -0.00019870 0.00279548 0.00017866 0.99999608
0.99999657 -0.00185144 -0.00185269 0.00185052 0.99999816 -0.00049948 0.00185361 0.00049605 0.99999816
0.99999213 -0.00115875 -0.00379491 0.00116090 0.99999917 0.00056300 0.00379425 -0.00056740 0.99999264
0.99999091 -0.00093343 -0.00416128 0.00093676 0.99999924 0.00079736 0.00416053 -0.00080125 0.99999102
0.99998893 -0.00236028 -0.00406998 0.00236886 0.99999498 0.00210585 0.00406499 -0.00211547 0.99998950
0.99999117 0.00106667 -0.00406372 -0.00106190 0.99999875 0.00117532 0.00406497 -0.00117099 0.99999105
0.99998469 0.00376184 -0.00405848 -0.00375415 0.99999115 0.00190018 0.00406559 -0.00188492 0.99998996
0.99999181 0.00123333 -0.00385359 -0.00122914 0.99999865 0.00108871 0.00385493 -0.00108397 0.99999198
0.99998778 0.00051637 -0.00491722 -0.00052219 0.99999917 -0.00118184 0.00491661 0.00118440 0.99998721
0.99999138 0.00023055 -0.00414487 -0.00024863 0.99999045 -0.00436362 0.00414383 0.00436462 0.99998189
0.99996839 0.00792184 -0.00068458 -0.00792491 0.99995800 -0.00460362 0.00064809 0.00460890 0.99998917
0.99999541 0.00298978 -0.00048771 -0.00299126 0.99999085 -0.00305879 0.00047856 0.00306023 0.99999520
0.99999909 0.00131436 -0.00031561 -0.00131427 0.99999910 0.00028370 0.00031598 -0.00028328 0.99999991
0.99997186 0.00746131 -0.00077407 -0.00745890 0.99996746 0.00307363 0.00079697 -0.00306777 0.99999498
0.99999963 -0.00041302 0.00075941 0.00041140 0.99999764 0.00213287 -0.00076029 -0.00213256 0.99999744
0.99999710 0.00068913 -0.00230934 -0.00068580 0.99999872 0.00144230 0.00231034 -0.00144071 0.99999629
0.99999988 -0.00028353 -0.00040648 0.00028351 0.99999996 -0.00004364 0.00040649 0.00004353 0.99999992
0.99998643 0.00510698 0.00102823 -0.00510771 0.99998670 0.00070917 -0.00102459 -0.00071441 0.99999922
0.99999966 -0.00020128 -0.00079944 0.00020028 0.99999919 -0.00125877 0.00079969 0.00125861 0.99999889
0.99998534 0.00426150 0.00334101 -0.00426704 0.99998953 0.00165276 -0.00333393 -0.00166699 0.99999305
0.99997975 0.00533770 0.00346441 -0.00534581 0.99998298 0.00233602 -0.00345188 -0.00235450 0.99999127
0.99998348 0.00286727 0.00498221 -0.00288223 0.99999135 0.00299805 -0.00497357 -0.00301236 0.99998309
0.99997562 0.00267061 0.00645131 -0.00268402 0.99999425 0.00207077 -0.00644575 -0.00208804 0.99997705
0.99997483 -0.00035520 0.00708591 0.00035629 0.99999993 -0.00015150 -0.00708586 0.00015402 0.99997488
0.99996796 -0.00165766 0.00783121 0.00165868 0.99999862 -0.00012403 -0.00783100 0.00013702 0.99996933
0.99994327 0.00089423 0.01061360 -0.00088058 0.99999878 -0.00129121 -0.01061474 0.00128179 0.99994284
0.99996309 -0.00304978 0.00803203 0.00304963 0.99999535 0.00003114 -0.00803208 -0.00000664 0.99996774
0.99994016 0.00122629 0.01087078 -0.00123749 0.99999871 0.00102335 -0.01086951 -0.00103674 0.99994039
0.99994905 -0.00141613 0.00999508 0.00140761 0.99999864 0.00085894 -0.00999629 -0.00084483 0.99994968
0.99994281 -0.00052395 0.01068224 0.00052983 0.99999971 -0.00054758 -0.01068195 0.00055320 0.99994279
0.99994257 -0.00023913 0.01071406 0.00024037 0.99999996 -0.00011436 -0.01071403 0.00011693 0.99994260
0.99994682 0.00013998 0.01031243 -0.00012995 0.99999952 -0.00097254 -0.01031256 0.00097114 0.99994635
0.99994479 -0.00131938 0.01042447 0.00133339 0.99999822 -0.00133768 -0.01042269 0.00135151 0.99994477
0.99995391 -0.00094538 0.00955457 0.00095203 0.99999931 -0.00069145 -0.00955391 0.00070051 0.99995411
0.99995205 0.00113530 0.00972697 -0.00113326 0.99999933 -0.00021530 -0.00972720 0.00020426 0.99995267
0.99994967 -0.00044796 0.01002327 0.00045477 0.99999967 -0.00067654 -0.01002297 0.00068106 0.99994954
0.99996839 -0.00279209 0.00744450 0.00278728 0.99999590 0.00065577 -0.00744630 -0.00063500 0.99997207
0.99995697 -0.00222202 0.00900677 0.00221558 0.99999728 0.00072499 -0.00900836 -0.00070501 0.99995918
0.99998341 -0.00261803 0.00513161 0.00260321 0.99999243 0.00289305 -0.00513915 -0.00287964 0.99998265
0.99997876 -0.00362261 0.00541766 0.00361526 0.99999253 0.00136574 -0.00542256 -0.00134612 0.99998439
0.99999134 -0.00397104 0.00124865 0.00397003 0.99999180 0.00080485 -0.00125184 -0.00079988 0.99999890
0.99999868 -0.00151132 0.00060364 0.00151036 0.99999759 0.00159120 -0.00060605 -0.00159028 0.99999855
0.99999853 -0.00008049 0.00171305 0.00008131 0.99999988 -0.00047505 -0.00171301 0.00047519 0.99999842
0.99999707 -0.00125580 -0.00207096 0.00125374 0.99999872 -0.00099556 0.00207220 0.00099296 0.99999736
0.99999704 -0.00082970 -0.00228817 0.00082431 0.99999688 -0.00235788 0.00229012 0.00235598 0.99999460
0.99999774 0.00048003 -0.00207103 -0.00048249 0.99999918 -0.00118945 0.00207046 0.00119045 0.99999715
0.99995738 0.00184612 -0.00904577 -0.00184748 0.99999828 -0.00014241 0.00904549 0.00015912 0.99995908
0.99994772 0.00143040 -0.01012465 -0.00142730 0.99999893 0.00031338 0.01012509 -0.00029891 0.99994870
0.99990927 0.00051819 -0.01346053 -0.00053590 0.99999900 -0.00131185 0.01345984 0.00131894 0.99990854
0.99984092 0.00017323 -0.01783529 -0.00017981 0.99999992 -0.00036780 0.01783522 0.00037095 0.99984087
0.99977907 0.00063108 -0.02100977 -0.00070495 0.99999360 -0.00350884 0.02100742 0.00352288 0.99977311
0.99965638 0.00005398 -0.02621277 -0.00013433 0.99999530 -0.00306370 0.02621248 0.00306617 0.99965169
0.99957119 0.00221640 -0.02919792 -0.00224663 0.99999697 -0.00100240 0.02919561 0.00106757 0.99957315
0.99948222 0.00053891 -0.03217142 -0.00052731 0.99999979 0.00036895 0.03217161 -0.00035179 0.99948230
0.99927278 -0.00003316 -0.03813030 0.00012299 0.99999722 0.00235339 0.03813011 -0.00235636 0.99927000
0.99921729 0.00201677 -0.03950613 -0.00187558 0.99999172 0.00361063 0.03951309 -0.00353371 0.99921280
0.99893790 0.00080108 -0.04606974 -0.00064617 0.99999409 0.00337724 0.04607217 -0.00334388 0.99893252
0.99893010 0.00512142 -0.04596103 -0.00485670 0.99997098 0.00586939 0.04598976 -0.00563989 0.99892599
0.99855530 0.00108756 -0.05372265 -0.00102972 0.99999886 0.00110423 0.05372379 -0.00104732 0.99855529
0.99848651 0.00118034 -0.05498457 -0.00113679 0.99999901 0.00082338 0.05498548 -0.00075963 0.99848687
0.99831622 -0.00340945 -0.05790594 0.00343398 0.99999405 0.00032406 0.05790449 -0.00052236 0.99832199
0.99786177 -0.00238713 -0.06531602 0.00208289 0.99998667 -0.00472554 0.06532643 0.00457939 0.99785344
0.99737078 -0.00398914 -0.07235756 0.00351688 0.99997168 -0.00665290 0.07238205 0.00638094 0.99735657
0.99761372 0.00111365 -0.06903355 -0.00131625 0.99999496 -0.00288928 0.06902998 0.00297325 0.99761015
0.99767923 0.00222623 -0.06805297 -0.00238595 0.99999459 -0.00226589 0.06804756 0.00242300 0.99767914
0.99764046 0.00048207 -0.06865333 -0.00068788 0.99999534 -0.00297420 0.06865158 0.00301440 0.99763614
0.99763567 -0.00601776 -0.06846060 0.00625382 0.99997521 0.00323442 0.06843944 -0.00365491 0.99764858
0.99755210 -0.00095123 -0.06992063 0.00133179 0.99998455 0.00539634 0.06991442 -0.00547625 0.99753796
0.99777754 -0.00103656 -0.06662517 0.00152546 0.99997228 0.00728757 0.06661577 -0.00737300 0.99775146
0.99797048 0.00193380 -0.06364886 -0.00157234 0.99998236 0.00572857 0.06365881 -0.00561686 0.99795591
0.99820993 0.00080872 -0.05980205 -0.00044277 0.99998110 0.00613233 0.05980588 -0.00609487 0.99819142
0.99837092 0.00240500 -0.05700635 -0.00210389 0.99998352 0.00534149 0.05701825 -0.00521286 0.99835953
0.99874220 0.00293795 -0.05005382 -0.00279530 0.99999183 0.00291961 0.05006199 -0.00277602 0.99874225
0.99900919 0.00935177 -0.04351080 -0.00932595 0.99995620 0.00079636 0.04351634 -0.00038979 0.99905264
0.99930633 0.00417505 -0.03700586 -0.00420917 0.99999079 -0.00084421 0.03700200 0.00099939 0.99931469
0.99945058 0.00138300 -0.03311524 -0.00139452 0.99999897 -0.00032473 0.03311475 0.00037073 0.99945149
0.99972783 -0.00563413 -0.02263877 0.00562420 0.99998406 -0.00050254 0.02264124 0.00037508 0.99974358
0.99986460 -0.00307009 -0.01616648 0.00307539 0.99999523 0.00030321 0.01616547 -0.00035289 0.99986927
0.99990541 0.00432420 -0.01305669 -0.00433315 0.99999040 -0.00065759 0.01305372 0.00071410 0.99991454
0.99994097 0.00325000 -0.01036768 -0.00324604 0.99999465 0.00039865 0.01036892 -0.00036497 0.99994617
0.99995114 0.00798521 -0.00582637 -0.00799444 0.99996682 -0.00156281 0.00581370 0.00160931 0.99998181
0.99998208 0.00507098 -0.00318269 -0.00508264 0.99998036 -0.00366615 0.00316404 0.00368226 0.99998821
0.99999660 0.00249010 0.00077288 -0.00248867 0.99999521 -0.00184270 -0.00077746 0.00184077 0.99999800
0.99998975 -0.00376218 0.00251713 0.00377271 0.99998410 -0.00419220 -0.00250132 0.00420165 0.99998804
0.99998965 -0.00247027 0.00381968 0.00249260 0.99997978 -0.00585116 -0.00380515 0.00586062 0.99997559
0.99999242 -0.00060459 0.00384520 0.00062125 0.99999042 -0.00433371 -0.00384254 0.00433606 0.99998322
0.99997223 0.00608700 0.00429942 -0.00608766 0.99998146 0.00013872 -0.00429850 -0.00016489 0.99999075
0.99997034 0.00414578 0.00649143 -0.00416802 0.99998548 0.00341587 -0.00647718 -0.00344282 0.99997310
0.99998619 -0.00223033 0.00475899 0.00220683 0.99998537 0.00493763 -0.00476994 -0.00492706 0.99997649
0.99998685 -0.00332230 0.00390778 0.00329945 0.99997751 0.00583910 -0.00392709 -0.00582613 0.99997532
0.99998194 -0.00512885 0.00313139 0.00511023 0.99996939 0.00592533 -0.00316168 -0.00590922 0.99997754
0.99998837 -0.00323672 0.00357596 0.00323170 0.99999379 0.00140638 -0.00358049 -0.00139480 0.99999262
0.99998830 -0.00481166 0.00049909 0.00481320 0.99998347 -0.00314515 -0.00048395 0.00314751 0.99999493
0.99999671 -0.00239354 -0.00091976 0.00238675 0.99997045 -0.00730806 0.00093723 0.00730585 0.99997287
0.99999961 0.00008516 -0.00087504 -0.00009090 0.99997848 -0.00656058 0.00087446 0.00656065 0.99997810
0.99999354 0.00312634 -0.00177324 -0.00313316 0.99998766 -0.00385580 0.00176117 0.00386133 0.99999099
0.99999306 -0.00268008 -0.00258860 0.00269215 0.99998547 0.00466996 0.00257605 -0.00467690 0.99998575
0.99999326 -0.00316057 -0.00187014 0.00317451 0.99996684 0.00749906 0.00184638 -0.00750495 0.99997013
0.99999562 0.00202231 -0.00216087 -0.00201040 0.99998285 0.00549982 0.00217195 -0.00549545 0.99998254
0.99999018 0.00411643 -0.00164431 -0.00411733 0.99999138 -0.00054195 0.00164206 0.00054872 0.99999850
0.99998498 0.00504131 -0.00214840 -0.00505157 0.99997575 -0.00479339 0.00212418 0.00480417 0.99998620
0.99998931 -0.00162208 -0.00433010 0.00160003 0.99998577 -0.00508937 0.00433830 0.00508239 0.99997767
0.99999122 -0.00196302 -0.00370128 0.00195075 0.99999260 -0.00331609 0.00370776 0.00330884 0.99998765
0.99999488 -0.00154554 -0.00280029 0.00155012 0.99999746 0.00163392 0.00279776 -0.00163825 0.99999474
0.99998370 -0.00433616 -0.00371334 0.00434364 0.99998855 0.00201036 0.00370459 -0.00202645 0.99999108
0.99999805 -0.00066894 -0.00185788 0.00067414 0.99999586 0.00279880 0.00185600 -0.00280004 0.99999436
0.99999066 -0.00336073 -0.00271852 0.00336789 0.99999086 0.00263285 0.00270965 -0.00264198 0.99999284
0.99998718 -0.00501736 -0.00068155 0.00501821 0.99998661 0.00126275 0.00067521 -0.00126616 0.99999897
0.99999908 0.00102303 -0.00088549 -0.00102194 0.99999871 0.00124020 0.00088675 -0.00123929 0.99999884
0.99997607 0.00685756 0.00091533 -0.00685615 0.99997530 -0.00154439 -0.00092590 0.00153808 0.99999839
0.99998988 0.00449773 0.00011549 -0.00449738 0.99998586 -0.00283814 -0.00012826 0.00283759 0.99999597
0.99996167 0.00871399 0.00085403 -0.00871251 0.99996057 -0.00171642 -0.00086895 0.00170891 0.99999816
0.99998627 0.00459623 0.00251517 -0.00459804 0.99998917 0.00071476 -0.00251186 -0.00072632 0.99999658
0.99999069 0.00318837 0.00290786 -0.00319466 0.99999257 0.00215788 -0.00290096 -0.00216714 0.99999344
0.99999482 0.00093553 0.00308036 -0.00093402 0.99999944 -0.00049193 -0.00308082 0.00048905 0.99999513
0.99999683 -0.00130447 0.00215144 0.00130965 0.99999624 -0.00240730 -0.00214829 0.00241011 0.99999479
0.99998959 -0.00379979 0.00252531 0.00379487 0.99999090 0.00195093 -0.00253270 -0.00194132 0.99999491
0.99998080 -0.00610535 0.00106048 0.00610662 0.99998064 -0.00119833 -0.00105314 0.00120478 0.99999872
0.99999745 -0.00186397 0.00127189 0.00186428 0.99999823 -0.00024666 -0.00127143 0.00024903 0.99999916
0.99999461 0.00289976 0.00154276 -0.00290386 0.99999223 0.00266644 -0.00153501 -0.00267090 0.99999526
0.99999325 0.00325142 0.00171112 -0.00326048 0.99998054 0.00531825 -0.00169380 -0.00532380 0.99998439
0.99999181 0.00396403 0.00081484 -0.00396754 0.99998261 0.00436295 -0.00079753 -0.00436614 0.99999015
0.99999594 -0.00263340 0.00108734 0.00264062 0.99997415 -0.00668816 -0.00106970 0.00669101 0.99997704
0.99997060 -0.00737804 0.00208849 0.00740801 0.99986416 -0.01472323 -0.00197958 0.01473827 0.99988943
0.99999297 -0.00357732 -0.00112254 0.00356742 0.99995576 -0.00870343 0.00115363 0.00869936 0.99996149
0.99999964 -0.00080052 -0.00029693 0.00080314 0.99995989 0.00892016 0.00028978 -0.00892039 0.99996017
0.99999601 -0.00170396 -0.00225420 0.00175105 0.99977679 0.02105471 0.00221782 -0.02105857 0.99977578
0.99999942 0.00006157 -0.00107540 -0.00004581 0.99989270 0.01464871 0.00107619 -0.01464865 0.99989212
0.99999405 0.00344818 0.00005665 -0.00344781 0.99997855 -0.00556937 -0.00007585 0.00556914 0.99998449
0.99998251 0.00591264 -0.00016111 -0.00591447 0.99985433 -0.01601030 0.00006642 0.01601098 0.99987181
0.99999098 -0.00397121 -0.00150452 0.00395933 0.99996161 -0.00781618 0.00153550 0.00781015 0.99996832
0.99998996 -0.00437609 -0.00096782 0.00437543 0.99999020 -0.00068197 0.00097079 0.00067773 0.99999930
0.99999426 -0.00160905 -0.00298177 0.00161603 0.99999596 0.00233983 0.00297800 -0.00234463 0.99999282
0.99998525 -0.00297581 -0.00454385 0.00296556 0.99999305 -0.00226117 0.00455055 0.00224766 0.99998712
0.99998409 -0.00203170 -0.00526174 0.00201893 0.99999500 -0.00243226 0.00526666 0.00242160 0.99998320
0.99997635 0.00621147 -0.00295328 -0.00620981 0.99998056 0.00057033 0.00295676 -0.00055198 0.99999548
0.99997115 0.00747252 -0.00136139 -0.00747235 0.99997207 0.00012598 0.00136230 -0.00011581 0.99999907
0.99999471 0.00263711 -0.00190613 -0.00263321 0.99999443 0.00204885 0.00191153 -0.00204382 0.99999608
0.99999753 -0.00129205 -0.00181094 0.00130065 0.99998785 0.00475565 0.00180477 -0.00475799 0.99998705
0.99999872 -0.00154097 -0.00042128 0.00154085 0.99999877 -0.00028406 0.00042172 0.00028341 0.99999987
0.99999387 -0.00249159 -0.00245866 0.00248411 0.99999229 -0.00303986 0.00246621 0.00303374 0.99999236
0.99996967 -0.00628657 -0.00459817 0.00626692 0.99997122 -0.00427541 0.00462491 0.00424646 0.99998029
0.99997112 -0.00326507 -0.00686258 0.00325516 0.99999365 -0.00145377 0.00686729 0.00143139 0.99997540
0.99992403 -0.00031272 -0.01232255 0.00036659 0.99999039 0.00436977 0.01232107 -0.00437395 0.99991453
0.99998719 -0.00129301 -0.00489389 0.00132805 0.99997346 0.00716308 0.00488450 -0.00716949 0.99996237
0.99999144 -0.00150481 -0.00385306 0.00154006 0.99995683 0.00916307 0.00383910 -0.00916892 0.99995059
0.99997580 0.00637851 -0.00277920 -0.00637337 0.99997797 0.00185285 0.00279096 -0.00183509 0.99999442
0.99998348 0.00243674 -0.00520683 -0.00246164 0.99998554 -0.00478116 0.00519510 0.00479390 0.99997501
0.99998294 -0.00182792 -0.00554823 0.00176694 0.99993820 -0.01097599 0.00556795 0.01096599 0.99992437
0.99997039 -0.00360486 -0.00679892 0.00357615 0.99998466 -0.00422961 0.00681406 0.00420517 0.99996794
0.99998514 -0.00109504 -0.00533985 0.00109404 0.99999938 -0.00018998 0.00534005 0.00018413 0.99998572
0.99994995 0.00734492 -0.00679299 -0.00732257 0.99996771 0.00330934 0.00681708 -0.00325943 0.99997145
0.99995028 0.00577105 -0.00813184 -0.00578354 0.99998213 -0.00151437 0.00812295 0.00156133 0.99996579
0.99994700 0.00304475 -0.00983476 -0.00311066 0.99997276 -0.00669319 0.00981412 0.00672343 0.99992924
0.99996603 -0.00097904 -0.00818473 0.00095514 0.99999527 -0.00292346 0.00818755 0.00291554 0.99996223
0.99996837 -0.00009141 -0.00795267 0.00011052 0.99999711 0.00240224 0.00795242 -0.00240304 0.99996549
0.99996910 0.00173666 -0.00766764 -0.00167402 0.99996523 0.00816881 0.00768156 -0.00815572 0.99993724
0.99996414 0.00548197 -0.00645489 -0.00544945 0.99997243 0.00504494 0.00648237 -0.00500958 0.99996644
0.99994825 -0.00286752 -0.00976130 0.00289797 0.99999098 0.00310615 0.00975230 -0.00313428 0.99994753
0.99997768 0.00043297 -0.00666673 -0.00041802 0.99999739 0.00224499 0.00666768 -0.00224215 0.99997526
0.99998158 -0.00104283 -0.00597962 0.00103470 0.99999854 -0.00136263 0.00598103 0.00135642 0.99998119
0.99998271 0.00378270 -0.00450256 -0.00380825 0.99997662 -0.00567964 0.00448097 0.00569669 0.99997373
0.99997265 0.00610928 -0.00416945 -0.00613882 0.99995589 -0.00710913 0.00412583 0.00713453 0.99996604
0.99999534 0.00182974 -0.00244463 -0.00183649 0.99999450 -0.00276010 0.00243957 0.00276457 0.99999320
0.99998711 0.00127480 -0.00491473 -0.00124744 0.99998372 0.00556739 0.00492175 -0.00556119 0.99997242
0.99999315 0.00165273 -0.00331121 -0.00161948 0.99994848 0.01002114 0.00332760 -0.01001571 0.99994430
0.99999215 -0.00094893 -0.00384625 0.00097660 0.99997361 0.00719960 0.00383932 -0.00720330 0.99996669
0.99998243 -0.00384342 -0.00451308 0.00382796 0.99998679 -0.00342936 0.00452620 0.00341202 0.99998394
0.99990188 -0.01276058 -0.00577860 0.01269955 0.99986446 -0.01047804 0.00591153 0.01040362 0.99992841
0.99997322 -0.00347356 -0.00644210 0.00344307 0.99998285 -0.00473711 0.00645844 0.00471480 0.99996803
0.99996271 0.00367894 -0.00781357 -0.00366916 0.99999247 0.00126616 0.00781817 -0.00123745 0.99996867
0.99996512 -0.00256542 -0.00794791 0.00261284 0.99997881 0.00596235 0.00793244 -0.00598291 0.99995064
0.99997611 -0.00387129 -0.00572658 0.00389283 0.99998537 0.00375495 0.00571196 -0.00377715 0.99997655
0.99993918 -0.00867256 -0.00681275 0.00870121 0.99995337 0.00418773 0.00677611 -0.00424675 0.99996802
0.99996371 -0.00573159 -0.00630254 0.00572931 0.99998352 -0.00037938 0.00630461 0.00034325 0.99998007
0.99997804 -0.00362780 -0.00554542 0.00358414 0.99996266 -0.00786354 0.00557374 0.00784349 0.99995371
0.99994539 -0.00664728 -0.00806455 0.00656046 0.99992075 -0.01074510 0.00813534 0.01069161 0.99990975
0.99993117 -0.00956009 -0.00680160 0.00953492 0.99994761 -0.00372298 0.00683683 0.00365787 0.99996994
0.99998274 0.00283305 -0.00514785 -0.00280069 0.99997634 0.00628320 0.00516553 -0.00626867 0.99996701
0.99993419 0.01013789 -0.00536996 -0.01006756 0.99986524 0.01296685 0.00550069 -0.01291193 0.99990151
0.99997900 0.00445012 -0.00471172 -0.00441380 0.99996069 0.00768940 0.00474575 -0.00766844 0.99995934
0.99999072 -0.00028744 -0.00429879 0.00027314 0.99999443 -0.00332619 0.00429972 0.00332498 0.99998523
0.99999227 0.00114112 -0.00376305 -0.00117700 0.99995372 -0.00954868 0.00375198 0.00955303 0.99994733
0.99992464 0.01215966 -0.00168946 -0.01217555 0.99987847 -0.00973620 0.00157087 0.00975604 0.99995117
0.99999625 -0.00204176 -0.00182499 0.00203628 0.99999343 -0.00299858 0.00183110 0.00299485 0.99999384
0.99998219 -0.00540693 -0.00252738 0.00541888 0.99997407 0.00474241 0.00250167 -0.00475602 0.99998556
0.99999974 -0.00040494 0.00059704 0.00040013 0.99996774 0.00802229 -0.00060027 -0.00802205 0.99996764
0.99999854 0.00008569 -0.00170785 -0.00007636 0.99998506 0.00546516 0.00170829 -0.00546502 0.99998361
0.99999880 0.00020378 -0.00153384 -0.00020522 0.99999954 -0.00094013 0.00153365 0.00094045 0.99999838
0.99998821 -0.00315401 -0.00369231 0.00312068 0.99995465 -0.00899813 0.00372052 0.00898650 0.99995270
0.99994325 -0.01060447 -0.00102159 0.01059147 0.99987204 -0.01198890 0.00114860 0.01197740 0.99992761
0.99992958 -0.01137942 -0.00336864 0.01136915 0.99993071 -0.00305255 0.00340314 0.00301404 0.99998967
0.99999491 0.00308249 -0.00082612 -0.00307851 0.99998386 0.00477590 0.00084083 -0.00477333 0.99998825
0.99998382 0.00546574 -0.00157766 -0.00544995 0.99993670 0.00984388 0.00163137 -0.00983512 0.99995030
0.99999505 0.00160726 -0.00270405 -0.00159843 0.99999339 0.00326479 0.00270928 -0.00326045 0.99999101
0.99999393 -0.00319509 -0.00139168 0.00318952 0.99998697 -0.00398628 0.00140439 0.00398182 0.99999109
0.99999924 0.00122173 -0.00018106 -0.00122282 0.99998058 -0.00611065 0.00017359 0.00611087 0.99998131
0.99998335 0.00576436 -0.00027456 -0.00576449 0.99998327 -0.00046972 0.00027184 0.00047129 0.99999985
0.99999879 0.00152934 -0.00027624 -0.00152853 0.99999456 0.00292283 0.00028070 -0.00292241 0.99999569
0.99999455 0.00326634 0.00048263 -0.00326820 0.99998710 0.00388933 -0.00046992 -0.00389089 0.99999232
0.99999231 0.00389630 0.00044024 -0.00389754 0.99998835 0.00284741 -0.00042914 -0.00284910 0.99999585
0.99999644 0.00252197 -0.00086823 -0.00252250 0.99999663 -0.00060882 0.00086669 0.00061101 0.99999944
0.99999914 -0.00122698 -0.00046834 0.00122535 0.99999323 -0.00347007 0.00047259 0.00346949 0.99999387
0.99999586 0.00271497 -0.00095236 -0.00272006 0.99998181 -0.00538303 0.00093773 0.00538560 0.99998506
0.99999872 -0.00084100 -0.00136097 0.00084214 0.99999929 0.00084023 0.00136026 -0.00084137 0.99999872
0.99999626 -0.00169632 -0.00214527 0.00171779 0.99994808 0.01004463 0.00212812 -0.01004828 0.99994725
0.99999548 -0.00233242 -0.00189586 0.00235028 0.99995237 0.00947293 0.00187367 -0.00947734 0.99995333
0.99997827 -0.00650297 -0.00107815 0.00650463 0.99997766 0.00153799 0.00106812 -0.00154497 0.99999824
0.99999959 -0.00089088 -0.00018218 0.00088960 0.99997561 -0.00692734 0.00018835 0.00692717 0.99997599
0.99999844 0.00175627 -0.00019452 -0.00175727 0.99998467 -0.00525097 0.00018529 0.00525131 0.99998619
0.99998425 -0.00555563 0.00079599 0.00556067 0.99996356 -0.00647718 -0.00075998 0.00648150 0.99997871
0.99999662 -0.00222141 0.00135374 0.00222684 0.99998945 -0.00401859 -0.00134480 0.00402160 0.99999101
0.99999359 -0.00151243 0.00324663 0.00152797 0.99998736 -0.00478991 -0.00323935 0.00479484 0.99998326
0.99998495 0.00077767 0.00543013 -0.00077307 0.99999934 -0.00084830 -0.00543079 0.00084409 0.99998490
0.99998590 0.00027143 0.00530319 -0.00029531 0.99998981 0.00450394 -0.00530191 -0.00450544 0.99997580
0.99995940 0.00515689 0.00738955 -0.00523236 0.99993398 0.01023005 -0.00733630 -0.01026830 0.99992037
0.99996160 0.00651886 0.00585748 -0.00654582 0.99996802 0.00459527 -0.00582734 -0.00463343 0.99997229
0.99996869 0.00108209 0.00783920 -0.00106905 0.99999804 -0.00166632 -0.00784099 0.00165789 0.99996788
0.99997516 -0.00266447 0.00652570 0.00271737 0.99996342 -0.00811070 -0.00650385 0.00812823 0.99994581
0.99997406 -0.00033023 0.00719467 0.00039389 0.99996077 -0.00884836 -0.00719146 0.00885097 0.99993497
0.99996091 0.00299958 0.00831802 -0.00294791 0.99997633 -0.00621690 -0.00833647 0.00619214 0.99994608
0.99996718 -0.00059427 0.00807949 0.00058512 0.99999918 0.00113506 -0.00808016 -0.00113030 0.99996672
0.99997950 -0.00359671 0.00529744 0.00356658 0.99997747 0.00568758 -0.00531778 -0.00566857 0.99996979
0.99995507 -0.00742738 0.00589017 0.00739497 0.99995751 0.00550471 -0.00593081 -0.00546090 0.99996750
0.99996900 -0.00613742 0.00493287 0.00612899 0.99997973 0.00172277 -0.00494335 -0.00169248 0.99998635
0.99999305 0.00058072 0.00368284 -0.00058470 0.99999925 0.00107757 -0.00368221 -0.00107972 0.99999264
0.99999090 0.00417263 0.00088493 -0.00417392 0.99999022 0.00146535 -0.00087881 -0.00146903 0.99999853
0.99999973 -0.00069482 -0.00022189 0.00069515 0.99999861 0.00151302 0.00022083 -0.00151317 0.99999883
0.99999970 0.00035703 0.00069338 -0.00035901 0.99999582 0.00286933 -0.00069235 -0.00286958 0.99999564
0.99999468 0.00286392 0.00155823 -0.00286786 0.99999268 0.00253469 -0.00155095 -0.00253914 0.99999557
0.99996598 0.00824438 0.00027749 -0.00824294 0.99995436 -0.00483012 -0.00031730 0.00482767 0.99998830
0.99998842 0.00471254 -0.00097137 -0.00472087 0.99995044 -0.00876569 0.00093002 0.00877018 0.99996111
0.99999676 -0.00227984 -0.00113517 0.00226860 0.99994934 -0.00980709 0.00115747 0.00980448 0.99995127
0.99997532 -0.00598759 -0.00367438 0.00597025 0.99997107 -0.00471242 0.00370249 0.00469037 0.99998215
0.99999051 0.00189898 -0.00392011 -0.00187606 0.99998117 0.00584215 0.00393114 -0.00583474 0.99997525
0.99996587 0.00716734 -0.00410926 -0.00711702 0.99990108 0.01213197 0.00419581 -0.01210231 0.99991796
0.99996939 -0.00532798 -0.00572991 0.00540656 0.99989033 0.01378754 0.00565582 -0.01381810 0.99988853
0.99996700 -0.00673363 -0.00454512 0.00677612 0.99993288 0.00939815 0.00448153 -0.00942863 0.99994551
0.99999097 -0.00131088 -0.00404171 0.00129967 0.99999531 -0.00277344 0.00404532 0.00276817 0.99998799
0.99998793 0.00368032 -0.00325547 -0.00370058 0.99997369 -0.00623927 0.00323242 0.00625124 0.99997524
0.99998871 -0.00219079 -0.00421572 0.00215276 0.99995715 -0.00900372 0.00423527 0.00899454 0.99995058
0.99997427 -0.00715483 -0.00052058 0.00715227 0.99996308 -0.00476180 0.00055464 0.00475796 0.99998853
0.99996717 -0.00786949 -0.00192905 0.00787691 0.99996148 0.00387150 0.00189851 -0.00388657 0.99999065
0.99996806 -0.00780119 -0.00173780 0.00780973 0.99995717 0.00496569 0.00169899 -0.00497910 0.99998616
0.99999272 -0.00274491 -0.00265042 0.00274953 0.99999470 0.00174373 0.00264562 -0.00175101 0.99999497
0.99999379 -0.00317483 -0.00152898 0.00316990 0.99998980 -0.00321686 0.00153918 0.00321199 0.99999366
0.99998482 -0.00541046 -0.00104062 0.00540520 0.99997293 -0.00499180 0.00106760 0.00498610 0.99998700
0.99995651 -0.00896603 -0.00256579 0.00896016 0.99995723 -0.00229096 0.00258622 0.00226787 0.99999408
0.99999823 -0.00162110 -0.00095650 0.00162404 0.99999392 0.00308715 0.00095149 -0.00308870 0.99999478
0.99999476 -0.00261973 -0.00190355 0.00262693 0.99998936 0.00379225 0.00189359 -0.00379723 0.99999100
0.99999990 0.00039650 0.00018863 -0.00039698 0.99999663 0.00256752 -0.00018762 -0.00256759 0.99999669
