1.00000000 0.00000000 0.00000000 0.00000000 1.00000000 0.00000000 0.00000000 0.00000000 1.00000000
0.99999039 0.00161294 -0.00407708 -0.00162015 0.99999713 -0.00176614 0.00407422 0.00177273 0.99999013
0.99999166 0.00014562 -0.00408112 -0.00015278 0.99999845 -0.00175184 0.00408086 0.00175245 0.99999014
0.99998535 0.00146643 -0.00521029 -0.00147095 0.99999854 -0.00086535 0.00520902 0.00087300 0.99998605
0.99999027 -0.00077186 -0.00434351 0.00076996 0.99999961 -0.00044028 0.00434385 0.00043694 0.99999047
0.99998703 0.00214614 -0.00461925 -0.00215269 0.99999669 -0.00141205 0.00461620 0.00142197 0.99998833
0.99998139 0.00308545 -0.00526292 -0.00309013 0.99999484 -0.00088102 0.00526017 0.00089727 0.99998576
0.99998891 0.00062227 -0.00466932 -0.00061615 0.99999895 0.00131207 0.00467013 -0.00130918 0.99998824
0.99998763 -0.00065619 -0.00492970 0.00066802 0.99999690 0.00239924 0.00492811 -0.00240250 0.99998497
0.99999195 -0.00001552 -0.00401231 0.00002486 0.99999729 0.00232756 0.00401226 -0.00232764 0.99998924
0.99999323 0.00202558 -0.00307081 -0.00202861 0.99999746 -0.00098286 0.00306881 0.00098908 0.99999480
0.99999615 -0.00024794 -0.00276377 0.00024668 0.99999986 -0.00045777 0.00276388 0.00045709 0.99999608
0.99999413 -0.00258871 -0.00224466 0.00258701 0.99999636 -0.00076042 0.00224662 0.00075460 0.99999719
0.99999743 0.00017865 -0.00225856 -0.00017704 0.99999973 0.00071257 0.00225869 -0.00071217 0.99999720
0.99999850 -0.00110526 -0.00133308 0.00110484 0.99999934 -0.00031179 0.00133343 0.00031032 0.99999906
0.99999373 0.00275450 -0.00222332 -0.00275957 0.99999358 -0.00228408 0.00221701 0.00229020 0.99999492
0.99999845 0.00107208 -0.00139676 -0.00107585 0.99999576 -0.00270678 0.00139385 0.00270827 0.99999536
0.99998923 0.00428677 -0.00178092 -0.00428970 0.99998945 -0.00164297 0.00177386 0.00165059 0.99999706
0.99999863 0.00134123 -0.00097516 -0.00134105 0.99999908 0.00018002 0.00097540 -0.00017871 0.99999951
0.99999879 -0.00040345 -0.00149983 0.00040548 0.99999901 0.00135030 0.00149929 -0.00135090 0.99999796
0.99999819 0.00104987 -0.00158862 -0.00104774 0.99999855 0.00134080 0.00159003 -0.00133914 0.99999784
0.99999922 -0.00037396 -0.00119056 0.00037409 0.99999992 0.00010799 0.00119052 -0.00010844 0.99999929
0.99999821 0.00028525 -0.00187202 -0.00028689 0.99999958 -0.00087390 0.00187177 0.00087443 0.99999787
0.99999808 -0.00142489 -0.00134814 0.00142399 0.99999876 -0.00067242 0.00134910 0.00067050 0.99999887
0.99999964 0.00017005 -0.00083474 -0.00016871 0.99999870 0.00160427 0.00083501 -0.00160413 0.99999836
0.99999856 0.00169047 -0.00016347 -0.00168994 0.99999354 0.00317114 0.00016883 -0.00317086 0.99999496
0.99999943 0.00087080 0.00062217 -0.00087310 0.99999277 0.00370199 -0.00061894 -0.00370253 0.99999295
0.99999822 -0.00109976 0.00153130 0.00109533 0.99999522 0.00289100 -0.00153447 -0.00288931 0.99999465
0.99999863 0.00042181 0.00159841 -0.00042315 0.99999956 0.00083903 -0.00159806 -0.00083971 0.99999837
0.99999866 0.00057236 0.00153598 -0.00056794 0.99999569 -0.00287943 -0.00153762 0.00287856 0.99999467
0.99999819 0.00165915 0.00093463 -0.00165456 0.99998669 -0.00488699 -0.00094273 0.00488543 0.99998762
0.99999931 -0.00040355 0.00110610 0.00040697 0.99999515 -0.00308848 -0.00110485 0.00308893 0.99999462
0.99999685 -0.00245361 0.00052758 0.00245311 0.99999653 0.00095694 -0.00052992 -0.00095564 0.99999940
0.99999799 -0.00196240 -0.00041986 0.00196442 0.99998614 0.00488405 0.00041027 -0.00488486 0.99998798
0.99999110 -0.00407716 -0.00108837 0.00408111 0.99998502 0.00364674 0.00107349 -0.00365115 0.99999276
0.99997456 -0.00701089 -0.00131454 0.00701006 0.99997523 -0.00063264 0.00131895 0.00062341 0.99999894
0.99999751 -0.00157292 -0.00158478 0.00156669 0.99999106 -0.00392859 0.00159094 0.00392610 0.99999103
0.99999854 0.00083834 -0.00148619 -0.00084432 0.99999154 -0.00402484 0.00148280 0.00402609 0.99999080
0.99999574 0.00167880 -0.00238662 -0.00168025 0.99999840 -0.00060888 0.00238559 0.00061289 0.99999697
0.99999970 0.00028745 -0.00071863 -0.00028661 0.99999927 0.00117432 0.00071897 -0.00117412 0.99999905
0.99999343 0.00332657 -0.00144041 -0.00332257 0.99999064 0.00277201 0.00144962 -0.00276721 0.99999512
0.99999914 0.00050060 -0.00121415 -0.00049897 0.99999897 0.00134278 0.00121482 -0.00134217 0.99999836
0.99999814 0.00153110 -0.00117036 -0.00152811 0.99999557 0.00255259 0.00117426 -0.00255079 0.99999606
0.99999999 0.00012430 0.00010828 -0.00012463 0.99999553 0.00298614 -0.00010791 -0.00298615 0.99999554
0.99998112 0.00611707 -0.00058642 -0.00611572 0.99997870 0.00227814 0.00060034 -0.00227451 0.99999723
0.99999989 0.00045172 -0.00015444 -0.00045184 0.99999962 -0.00074018 0.00015410 0.00074025 0.99999971
0.99999965 0.00083656 0.00007469 -0.00083642 0.99999791 -0.00186548 -0.00007625 0.00186542 0.99999826
0.99999534 0.00304988 -0.00014531 -0.00305023 0.99999233 -0.00245620 0.00013782 0.00245663 0.99999697
0.99999910 0.00003196 -0.00133837 -0.00003194 1.00000000 0.00001494 0.00133837 -0.00001489 0.99999910
0.99999700 -0.00155049 -0.00189633 0.00155227 0.99999836 0.00093630 0.00189487 -0.00093924 0.99999776
0.99999890 0.00125482 -0.00079565 -0.00125403 0.99999873 0.00098803 0.00079689 -0.00098703 0.99999920
0.99999375 0.00352056 -0.00031181 -0.00352166 0.99998732 -0.00360107 0.00029913 0.00360215 0.99999347
0.99999834 0.00137773 -0.00119658 -0.00138281 0.99998997 -0.00426005 0.00119070 0.00426170 0.99999021
0.99999856 0.00147545 -0.00083992 -0.00147658 0.99999801 -0.00134346 0.00083794 0.00134470 0.99999874
0.99999978 -0.00057735 -0.00032741 0.00057848 0.99999392 0.00343884 0.00032543 -0.00343903 0.99999403
0.99999829 -0.00177369 -0.00052452 0.00177531 0.99999361 0.00310211 0.00051902 -0.00310303 0.99999505
0.99999863 -0.00158283 -0.00049164 0.00158310 0.99999860 0.00054426 0.00049077 -0.00054503 0.99999973
0.99999673 -0.00252798 -0.00039449 0.00252746 0.99999595 -0.00130523 0.00039778 0.00130422 0.99999907
0.99999773 -0.00207741 -0.00046350 0.00207667 0.99999659 -0.00158128 0.00046679 0.00158032 0.99999864
0.99999864 -0.00123460 -0.00108957 0.00123595 0.99999847 0.00124107 0.00108804 -0.00124241 0.99999864
0.99999484 -0.00297593 -0.00121298 0.00298106 0.99998654 0.00424721 0.00120033 -0.00425080 0.99999024
0.99999967 -0.00053043 -0.00061863 0.00053334 0.99998872 0.00471966 0.00061612 -0.00471998 0.99998867
0.99999780 0.00206766 -0.00035867 -0.00206688 0.99999548 0.00218430 0.00036319 -0.00218355 0.99999755
0.99999725 0.00177263 -0.00153455 -0.00177903 0.99998968 -0.00418016 0.00152712 0.00418288 0.99999009
0.99999466 0.00292632 -0.00145746 -0.00293782 0.99996411 -0.00794613 0.00143415 0.00795037 0.99996737
0.99999649 0.00244601 -0.00102248 -0.00245101 0.99998490 -0.00491811 0.00101044 0.00492060 0.99998738
0.99998600 0.00517404 -0.00111187 -0.00517311 0.99998627 0.00083726 0.00111618 -0.00083150 0.99999903
0.99999526 0.00284465 -0.00117416 -0.00284187 0.99999318 0.00235877 0.00118086 -0.00235542 0.99999653
0.99999511 0.00297203 -0.00097182 -0.00297072 0.99999468 0.00134994 0.00097583 -0.00134705 0.99999862
0.99999850 0.00126847 -0.00118189 -0.00126896 0.99999911 -0.00041149 0.00118136 0.00041299 0.99999922
0.99999637 0.00206231 -0.00173551 -0.00206105 0.99999761 0.00072688 0.00173700 -0.00072330 0.99999823
0.99999816 0.00122958 -0.00147351 -0.00122878 0.99999910 0.00054249 0.00147417 -0.00054068 0.99999877
0.99999874 0.00031722 -0.00155576 -0.00031679 0.99999991 0.00027741 0.00155585 -0.00027692 0.99999875
0.99999895 0.00041683 -0.00139135 -0.00041548 0.99999944 0.00096879 0.00139175 -0.00096821 0.99999856
0.99999417 0.00308672 -0.00145742 -0.00308291 0.99999184 0.00261021 0.00146546 -0.00260570 0.99999553
0.99999797 0.00160649 -0.00121277 -0.00160164 0.99999076 0.00398879 0.00121917 -0.00398684 0.99999131
0.99999245 0.00357437 -0.00152509 -0.00357197 0.99999238 0.00157315 0.00153071 -0.00156769 0.99999760
0.99999243 0.00370100 -0.00119956 -0.00370604 0.99998421 -0.00422513 0.00118390 0.00422954 0.99999035
0.99999869 0.00122667 -0.00105135 -0.00123436 0.99997224 -0.00734793 0.00104230 0.00734921 0.99997245
0.99999903 0.00018553 -0.00138325 -0.00019381 0.99998205 -0.00598815 0.00138211 0.00598841 0.99998111
0.99999878 0.00153716 -0.00028641 -0.00153754 0.99999791 -0.00135083 0.00028433 0.00135127 0.99999905
0.99999548 0.00291787 -0.00072281 -0.00291531 0.99998960 0.00350661 0.00073303 -0.00350449 0.99999359
0.99999923 0.00047832 -0.00114371 -0.00047578 0.99999744 0.00221313 0.00114477 -0.00221258 0.99999690
0.99999704 -0.00235411 -0.00061260 0.00235194 0.99999100 -0.00352975 0.00062091 0.00352830 0.99999358
0.99997486 -0.00709017 0.00008334 0.00709051 0.99996028 -0.00540094 -0.00004504 0.00540140 0.99998541
0.99999456 -0.00312873 0.00104451 0.00313403 0.99998200 -0.00511670 -0.00102849 0.00511995 0.99998636
0.99999090 0.00283349 0.00318869 -0.00283231 0.99999592 -0.00037428 -0.00318973 0.00036524 0.99999485
0.99997872 0.00510627 0.00405974 -0.00511862 0.99998229 0.00303719 -0.00404415 -0.00305791 0.99998715
0.99998924 -0.00143470 0.00441128 0.00142150 0.99999451 0.00299344 -0.00441555 -0.00298714 0.99998579
0.99998007 -0.00362484 0.00516973 0.00360327 0.99998480 0.00417413 -0.00518478 -0.00415541 0.99997793
0.99995948 -0.00429346 0.00791198 0.00426608 0.99998487 0.00347392 -0.00792677 -0.00344003 0.99996267
0.99993283 0.00420780 0.01079987 -0.00420560 0.99999113 -0.00022666 -0.01080073 0.00018123 0.99994165
0.99986898 0.00571941 0.01514298 -0.00571383 0.99998359 -0.00041173 -0.01514509 0.00032515 0.99988525
0.99982260 0.00560127 0.01798338 -0.00561400 0.99998403 0.00065764 -0.01797941 -0.00075848 0.99983807
0.99975373 -0.00115586 0.02216185 0.00113717 0.99999899 0.00085589 -0.02216282 -0.00083048 0.99975403
0.99964378 -0.00294405 0.02652613 0.00291334 0.99999504 0.00119634 -0.02652952 -0.00111864 0.99964740
0.99955874 -0.00070044 0.02969581 0.00065559 0.99999863 0.00152004 -0.02969684 -0.00149990 0.99955783
0.99944195 0.00001798 0.03340346 -0.00008093 0.99999822 0.00188313 -0.03340337 -0.00188478 0.99944017
0.99928244 0.00031853 0.03787496 -0.00033909 0.99999980 0.00053652 -0.03787478 -0.00054898 0.99928234
0.99910302 0.00051674 0.04234245 -0.00050777 0.99999985 -0.00022275 -0.04234256 0.00020105 0.99910313
0.99893815 0.00015033 0.04607120 -0.00012836 0.99999988 -0.00047970 -0.04607127 0.00047327 0.99893804
0.99872085 0.00237901 0.05050746 -0.00226520 0.99999477 -0.00231039 -0.05051270 0.00219302 0.99872101
0.99846119 0.00080984 0.05544902 -0.00064905 0.99999553 -0.00291784 -0.05545114 0.00287736 0.99845726
0.99822379 0.00025629 0.05957510 -0.00012968 0.99999773 -0.00212907 -0.05957551 0.00211757 0.99822156
0.99805263 0.00066333 0.06237395 -0.00053955 0.99999785 -0.00200116 -0.06237515 0.00196361 0.99805084
0.99788785 0.00026907 0.06495978 -0.00014997 0.99999830 -0.00183819 -0.06496016 0.00182456 0.99788619
0.99780370 -0.00212905 0.06620602 0.00225753 0.99999571 -0.00186592 -0.06620177 0.00201128 0.99780423
0.99789264 -0.00109070 0.06487744 0.00116627 0.99999868 -0.00112691 -0.06487612 0.00120020 0.99789260
0.99790343 -0.00069606 0.06471671 0.00063222 0.99999929 0.00100696 -0.06471737 -0.00096394 0.99790317
0.99795364 0.00161656 0.06392114 -0.00176982 0.99999569 0.00234118 -0.06391708 -0.00244952 0.99795221
0.99799995 -0.00074120 0.06321043 0.00073409 0.99999972 0.00013571 -0.06321051 -0.00008903 0.99800021
0.99810420 -0.00297634 0.06147476 0.00304620 0.99999482 -0.00104280 -0.06147134 0.00122809 0.99810809
0.99825868 -0.00537577 0.05874276 0.00545293 0.99998447 -0.00115336 -0.05873564 0.00147167 0.99827249
0.99843675 0.00203764 0.05585603 -0.00197714 0.99999740 -0.00113847 -0.05585821 0.00102626 0.99843818
0.99848040 0.00431853 0.05493858 -0.00428609 0.99999056 -0.00070822 -0.05494112 0.00047167 0.99848948
0.99868365 0.00116081 0.05127978 -0.00106775 0.99999773 -0.00184222 -0.05128180 0.00178504 0.99868263
0.99888122 -0.00660625 0.04682600 0.00662348 0.99997804 -0.00021288 -0.04682357 0.00052280 0.99890304
0.99898401 -0.01443954 0.04269009 0.01435111 0.99989419 0.00237727 -0.04271990 -0.00176220 0.99908553
0.99928103 -0.00371425 0.03773111 0.00361361 0.99998973 0.00273516 -0.03774088 -0.00259685 0.99928418
0.99937838 0.00367092 0.03506235 -0.00356469 0.99998887 -0.00309186 -0.03507331 0.00296495 0.99938034
0.99940624 0.01179229 0.03237459 -0.01164340 0.99992077 -0.00478345 -0.03242844 0.00440366 0.99946436
0.99955277 0.00554162 0.02938611 -0.00545955 0.99998097 -0.00287230 -0.02940146 0.00271058 0.99956401
0.99964523 -0.00071807 0.02662509 0.00075874 0.99999856 -0.00151761 -0.02662396 0.00153727 0.99964434
0.99969039 -0.00650861 0.02401572 0.00657732 0.99997450 -0.00278324 -0.02399699 0.00294033 0.99970771
0.99977527 -0.00593382 0.02035213 0.00608582 0.99995399 -0.00741488 -0.02030719 0.00753707 0.99976538
0.99979636 -0.00162909 0.02011442 0.00177900 0.99997076 -0.00743737 -0.02010171 0.00747164 0.99977002
0.99983705 0.00302187 0.01779742 -0.00301219 0.99999530 -0.00057087 -0.01779906 0.00051717 0.99984145
0.99987419 0.00248853 0.01566570 -0.00255886 0.99998673 0.00447124 -0.01565437 -0.00451077 0.99986729
0.99989508 0.00003094 0.01448536 -0.00007600 0.99999516 0.00311029 -0.01448519 -0.00311107 0.99989024
0.99990690 -0.00225012 0.01345826 0.00222090 0.99999515 0.00218556 -0.01346311 -0.00215546 0.99990704
0.99992512 -0.00381464 0.01162791 0.00381035 0.99999266 0.00039060 -0.01162932 -0.00034626 0.99993232
0.99994178 -0.00327453 0.01028140 0.00328298 0.99999429 -0.00080436 -0.01027871 0.00083807 0.99994682
0.99996671 -0.00217949 0.00786322 0.00218564 0.99999731 -0.00077379 -0.00786152 0.00079095 0.99996879
0.99998228 -0.00195045 0.00562413 0.00195259 0.99999802 -0.00037364 -0.00562339 0.00038462 0.99998411
0.99998345 -0.00155444 0.00554005 0.00156054 0.99999818 -0.00109607 -0.00553834 0.00110469 0.99998405
0.99998173 -0.00046419 0.00602716 0.00046812 0.99999968 -0.00064976 -0.00602686 0.00065257 0.99998163
0.99998785 -0.00234624 0.00433619 0.00234720 0.99999722 -0.00021660 -0.00433567 0.00022677 0.99999058
0.99999470 -0.00148339 0.00289940 0.00148352 0.99999890 -0.00004257 -0.00289934 0.00004687 0.99999580
0.99999514 -0.00059094 0.00306273 0.00058990 0.99999977 0.00033856 -0.00306293 -0.00033675 0.99999525
0.99999593 -0.00150454 0.00242277 0.00150364 0.99999880 0.00037371 -0.00242333 -0.00037006 0.99999700
0.99999128 -0.00413748 0.00056990 0.00413749 0.99999144 -0.00002041 -0.00056981 0.00002276 0.99999984
0.99999590 -0.00274473 -0.00082180 0.00274461 0.99999622 -0.00015240 0.00082222 0.00015015 0.99999965
0.99999638 -0.00114406 -0.00243532 0.00114319 0.99999928 -0.00035584 0.00243572 0.00035305 0.99999697
0.99999061 -0.00204991 -0.00381774 0.00204872 0.99999785 -0.00031521 0.00381838 0.00030738 0.99999266
0.99999017 -0.00000683 -0.00443387 0.00000760 0.99999998 0.00017322 0.00443387 -0.00017325 0.99999016
0.99999070 -0.00132783 -0.00410270 0.00133364 0.99999811 0.00141192 0.00410082 -0.00141738 0.99999059
0.99999144 0.00055461 -0.00409985 -0.00054889 0.99999887 0.00139623 0.00410062 -0.00139397 0.99999062
0.99998569 0.00333387 -0.00418287 -0.00332493 0.99999218 0.00214212 0.00418998 -0.00212818 0.99998896
0.99999119 0.00112515 -0.00404416 -0.00112133 0.99999892 0.00094649 0.00404522 -0.00094194 0.99999137
0.99998603 0.00317680 -0.00422478 -0.00318061 0.99999454 -0.00089564 0.00422192 0.00090906 0.99999067
0.99999087 0.00247481 -0.00348375 -0.00248850 0.99998919 -0.00392803 0.00347399 0.00393667 0.99998622
0.99997876 0.00630158 -0.00166543 -0.00630956 0.99996842 -0.00483140 0.00163493 0.00484180 0.99998694
0.99999486 0.00320662 -0.00005919 -0.00320676 0.99999165 -0.00253120 0.00005108 0.00253138 0.99999679
0.99999610 0.00278149 -0.00024100 -0.00278129 0.99999578 0.00083785 0.00024333 -0.00083718 0.99999962
0.99999491 0.00318100 0.00023730 -0.00318153 0.99999235 0.00227693 -0.00023005 -0.00227767 0.99999738
0.99999980 -0.00063601 0.00003765 0.00063597 0.99999914 0.00115107 -0.00003838 -0.00115105 0.99999934
0.99999525 0.00306145 -0.00035253 -0.00306108 0.99999475 0.00106415 0.00035579 -0.00106307 0.99999937
0.99999820 0.00189477 -0.00013455 -0.00189479 0.99999820 -0.00012630 0.00013431 0.00012655 0.99999998
0.99999521 0.00308661 -0.00021326 -0.00308669 0.99999515 -0.00040656 0.00021201 0.00040721 0.99999989
0.99999480 0.00304555 0.00106043 -0.00304432 0.99999469 -0.00116452 -0.00106397 0.00116129 0.99999876
0.99999198 0.00305615 0.00258696 -0.00305785 0.99999511 0.00065387 -0.00258495 -0.00066178 0.99999644
0.99998973 0.00276647 0.00358906 -0.00277195 0.99999500 0.00152276 -0.00358483 -0.00153269 0.99999240
0.99998907 0.00170313 0.00435402 -0.00171493 0.99999486 0.00270782 -0.00434939 -0.00271526 0.99998686
0.99997584 0.00276516 0.00637808 -0.00277738 0.99999432 0.00190769 -0.00637277 -0.00192536 0.99997784
0.99997265 0.00074378 0.00735848 -0.00074454 0.99999972 0.00010111 -0.00735840 -0.00010658 0.99997292
0.99996207 0.00082620 0.00867086 -0.00081618 0.99999900 -0.00115878 -0.00867181 0.00115166 0.99996174
0.99995265 -0.00012846 0.00973059 0.00013051 0.99999997 -0.00020943 -0.00973056 0.00021069 0.99995263
0.99995441 -0.00145477 0.00943688 0.00144373 0.99999827 0.00117624 -0.00943858 -0.00116256 0.99995478
0.99994073 0.00218871 0.01066496 -0.00220245 0.99999676 0.00127710 -0.01066213 -0.00130052 0.99994231
0.99993715 -0.00079208 0.01118338 0.00078691 0.99999958 0.00046627 -0.01118375 -0.00045744 0.99993736
0.99993891 0.00054314 0.01103969 -0.00053513 0.99999959 -0.00072843 -0.01104008 0.00072248 0.99993880
0.99993646 0.00074981 0.01124789 -0.00074243 0.99999951 -0.00066057 -0.01124838 0.00065218 0.99993652
0.99994554 0.00150677 0.01032655 -0.00149565 0.99999829 -0.00108464 -0.01032817 0.00106914 0.99994609
0.99994994 -0.00000144 0.01000584 0.00001071 0.99999957 -0.00092628 -0.01000584 0.00092634 0.99994951
0.99995528 -0.00004777 0.00945739 0.00005398 0.99999978 -0.00065656 -0.00945736 0.00065704 0.99995506
0.99995233 -0.00015172 0.00976251 0.00015685 0.99999985 -0.00052402 -0.00976243 0.00052552 0.99995221
0.99995818 -0.00016816 0.00914394 0.00016873 0.99999998 -0.00006057 -0.00914393 0.00006211 0.99995819
0.99996164 -0.00047440 0.00874662 0.00046640 0.99999947 0.00091652 -0.00874705 -0.00091241 0.99996133
0.99997155 -0.00150772 0.00739143 0.00149576 0.99999756 0.00162315 -0.00739386 -0.00161205 0.99997137
0.99998220 -0.00288272 0.00522376 0.00287218 0.99999383 0.00202293 -0.00522956 -0.00200790 0.99998431
0.99998861 -0.00285312 0.00382532 0.00284564 0.99999403 0.00195837 -0.00383088 -0.00194747 0.99999077
0.99999468 -0.00140067 0.00294567 0.00139635 0.99999795 0.00146665 -0.00294772 -0.00146253 0.99999459
0.99999919 0.00020764 0.00125336 -0.00020911 0.99999929 0.00117015 -0.00125311 -0.00117041 0.99999853
0.99999968 0.00016267 0.00078380 -0.00016264 0.99999999 -0.00004315 -0.00078381 0.00004302 0.99999969
0.99999961 -0.00026386 -0.00083741 0.00026330 0.99999974 -0.00066791 0.00083759 0.00066769 0.99999943
0.99999595 -0.00055547 -0.00279001 0.00055132 0.99999874 -0.00149039 0.00279084 0.00148885 0.99999500
0.99998626 0.00010339 -0.00524136 -0.00010701 0.99999976 -0.00069088 0.00524128 0.00069144 0.99998603
0.99996687 0.00096718 -0.00808270 -0.00097307 0.99999926 -0.00072490 0.00808199 0.00073274 0.99996707
0.99993501 0.00120651 -0.01133628 -0.00120602 0.99999927 0.00005055 0.01133633 -0.00003687 0.99993574
0.99990518 0.00069311 -0.01375335 -0.00069945 0.99999965 -0.00045582 0.01375303 0.00046540 0.99990531
0.99985372 0.00054254 -0.01709536 -0.00056663 0.99999885 -0.00140419 0.01709458 0.00141367 0.99985288
0.99977418 0.00131410 -0.02120992 -0.00137689 0.99999471 -0.00294574 0.02120594 0.00297428 0.99977070
0.99969971 0.00139190 -0.02446535 -0.00147171 0.99999365 -0.00324463 0.02446067 0.00327967 0.99969541
0.99959473 0.00124967 -0.02843980 -0.00130995 0.99999694 -0.00210085 0.02843708 0.00213725 0.99959330
0.99943829 0.00134403 -0.03348585 -0.00132189 0.99999889 0.00068338 0.03348673 -0.00063873 0.99943896
0.99926322 0.00052242 -0.03837627 -0.00042858 0.99999690 0.00245334 0.03837744 -0.00243508 0.99926035
0.99910230 0.00109568 -0.04234845 -0.00093057 0.99999189 0.00391827 0.04235240 -0.00387534 0.99909522
0.99895000 0.00239840 -0.04575083 -0.00218026 0.99998602 0.00481726 0.04576175 -0.00471246 0.99894127
0.99875490 0.00382837 -0.04973917 -0.00363629 0.99998558 0.00395172 0.04975358 -0.00376593 0.99875442
0.99857982 0.00309205 -0.05318629 -0.00297959 0.99999316 0.00219354 0.05319271 -0.00203195 0.99858220
0.99834262 0.00005256 -0.05755003 -0.00005772 0.99999999 -0.00008809 0.05755003 0.00009127 0.99834262
0.99804865 -0.00312015 -0.06236306 0.00299767 0.99999339 -0.00205742 0.06236907 0.00186646 0.99805141
0.99780339 -0.00233801 -0.06620370 0.00202585 0.99998652 -0.00478180 0.06621399 0.00463717 0.99779467
0.99763278 -0.00326833 -0.06868889 0.00290964 0.99998161 -0.00532137 0.06870502 0.00510891 0.99762394
0.99757839 0.00183798 -0.06952687 -0.00212691 0.99998941 -0.00408182 0.06951863 0.00421981 0.99757173
0.99752667 0.00112103 -0.07028010 -0.00130633 0.99999579 -0.00259063 0.07027690 0.00267604 0.99752393
0.99754466 -0.00237862 -0.06999288 0.00227903 0.99999627 -0.00150276 0.06999619 0.00133955 0.99754636
0.99762379 -0.00279059 -0.06884035 0.00283744 0.99999580 0.00058285 0.06883844 -0.00077679 0.99762752
0.99765832 -0.00024097 -0.06839461 0.00057057 0.99998832 0.00479963 0.06839265 -0.00482742 0.99764680
0.99771038 -0.00127668 -0.06761930 0.00172341 0.99997707 0.00654855 0.06760939 -0.00665010 0.99768970
0.99781861 0.00163254 -0.06599510 -0.00128718 0.99998526 0.00527520 0.06600274 -0.00517874 0.99780600
0.99810915 0.00002572 -0.06146646 0.00037542 0.99997871 0.00651462 0.06146532 -0.00652538 0.99808789
0.99840528 0.00329119 -0.05635660 -0.00303303 0.99998452 0.00466577 0.05637108 -0.00448739 0.99839980
0.99875897 0.00365258 -0.04967062 -0.00352135 0.99999008 0.00272912 0.04968010 -0.00255083 0.99876192
0.99906647 0.00725628 -0.04258565 -0.00718319 0.99997245 0.00186905 0.04259803 -0.00156141 0.99909107
0.99931406 0.00421224 -0.03679229 -0.00429443 0.99998846 -0.00215507 0.03678279 0.00231160 0.99932061
0.99946935 0.00155751 -0.03253594 -0.00157716 0.99999859 -0.00057814 0.03253500 0.00062915 0.99947040
0.99973617 -0.00517824 -0.02237800 0.00517064 0.99998655 -0.00039742 0.02237976 0.00028161 0.99974950
0.99986875 -0.00266509 -0.01598033 0.00267105 0.99999637 0.00035189 0.01597934 -0.00039453 0.99987224
0.99990726 0.00401425 -0.01301401 -0.00402711 0.99999143 -0.00096229 0.01301004 0.00101460 0.99991485
0.99993470 0.00599000 -0.00973225 -0.00599192 0.99998203 -0.00016809 0.00973107 0.00022639 0.99995263
0.99995069 0.00801437 -0.00586356 -0.00802456 0.99996633 -0.00171723 0.00584960 0.00176420 0.99998133
0.99997914 0.00574317 -0.00295546 -0.00575413 0.99997654 -0.00371631 0.00293404 0.00373323 0.99998873
0.99999889 0.00139266 -0.00053189 -0.00139413 0.99999519 -0.00277219 0.00052803 0.00277292 0.99999602
0.99999464 -0.00184383 0.00270681 0.00185325 0.99999222 -0.00348193 -0.00270037 0.00348692 0.99999027
0.99998749 -0.00262015 0.00426114 0.00264948 0.99997273 -0.00689286 -0.00424296 0.00690406 0.99996717
0.99999116 -0.00040408 0.00418541 0.00042558 0.99998672 -0.00513581 -0.00418328 0.00513755 0.99997805
0.99997545 0.00536126 0.00451169 -0.00536220 0.99998560 0.00019553 -0.00451058 -0.00021972 0.99998980
0.99997509 0.00432481 0.00557839 -0.00434390 0.99998474 0.00341448 -0.00556354 -0.00343863 0.99997861
0.99998841 -0.00177890 0.00447380 0.00175773 0.99998725 0.00473315 -0.00448216 -0.00472523 0.99997879
0.99999049 -0.00261551 0.00349035 0.00259604 0.99998111 0.00557216 -0.00350486 -0.00556305 0.99997838
0.99999314 -0.00124592 0.00348843 0.00123055 0.99998954 0.00440431 -0.00349388 -0.00439999 0.99998422
0.99998690 -0.00419715 0.00293068 0.00419635 0.99999116 0.00027862 -0.00293182 -0.00026632 0.99999567
0.99999290 -0.00373961 0.00047427 0.00374118 0.99998734 -0.00336439 -0.00046168 0.00336614 0.99999423
0.99999811 -0.00193681 -0.00014375 0.00193571 0.99997150 -0.00729703 0.00015788 0.00729674 0.99997337
0.99999875 0.00154783 -0.00032018 -0.00155006 0.99997366 -0.00708993 0.00030920 0.00709042 0.99997481
0.99999355 0.00255338 -0.00252699 -0.00256392 0.99998799 -0.00417655 0.00251629 0.00418300 0.99998809
0.99999676 -0.00001891 -0.00254481 0.00002841 0.99999303 0.00373385 0.00254472 -0.00373391 0.99998979
0.99999722 -0.00176241 -0.00156783 0.00177368 0.99997238 0.00721751 0.00155507 -0.00722027 0.99997272
0.99999398 0.00246922 -0.00243926 -0.00245558 0.99998142 0.00557948 0.00245299 -0.00557346 0.99998146
0.99999032 0.00407100 -0.00166734 -0.00407258 0.99999126 -0.00094387 0.00166348 0.00095066 0.99999816
0.99998326 0.00542790 -0.00200405 -0.00543800 0.99997238 -0.00506550 0.00197650 0.00507631 0.99998516
0.99999290 0.00022255 -0.00376087 -0.00024409 0.99998356 -0.00572804 0.00375954 0.00572892 0.99997652
0.99999178 -0.00123757 -0.00386135 0.00122454 0.99999356 -0.00337324 0.00386550 0.00336848 0.99998686
0.99999030 -0.00181207 -0.00401476 0.00181637 0.99999778 0.00106781 0.00401281 -0.00107509 0.99999137
0.99998916 -0.00309521 -0.00347794 0.00310141 0.99999361 0.00177897 0.00347241 -0.00178974 0.99999237
0.99999826 0.00007386 -0.00186425 -0.00006939 0.99999712 0.00239829 0.00186442 -0.00239816 0.99999539
0.99999691 -0.00216739 -0.00121916 0.00216999 0.99999536 0.00213754 0.00121452 -0.00214018 0.99999697
0.99999064 -0.00431774 -0.00026524 0.00431795 0.99999037 0.00078348 0.00026185 -0.00078462 0.99999966
0.99999873 0.00145183 -0.00065810 -0.00145088 0.99999791 0.00144315 0.00066019 -0.00144219 0.99999874
0.99998397 0.00562992 0.00059820 -0.00562869 0.99998205 -0.00205443 -0.00060975 0.00205103 0.99999771
0.99998396 0.00563657 0.00055999 -0.00563467 0.99997858 -0.00333039 -0.00057875 0.00332718 0.99999430
0.99995553 0.00937147 0.00105987 -0.00936987 0.99995497 -0.00150231 -0.00107390 0.00149231 0.99999831
0.99997177 0.00687024 0.00304368 -0.00687184 0.99997625 0.00051730 -0.00304005 -0.00053820 0.99999523
0.99998906 0.00365122 0.00292469 -0.00365707 0.99999132 0.00199789 -0.00291737 -0.00200856 0.99999373
0.99999652 0.00072131 0.00253728 -0.00071907 0.99999935 -0.00088360 -0.00253791 0.00088178 0.99999639
0.99999691 -0.00138035 0.00206913 0.00138607 0.99999521 -0.00276615 -0.00206530 0.00276901 0.99999403
0.99998461 -0.00532392 0.00156074 0.00532176 0.99998488 0.00138579 -0.00156810 -0.00137747 0.99999782
0.99997757 -0.00668240 0.00045857 0.00668315 0.99997630 -0.00165440 -0.00044750 0.00165743 0.99999853
0.99999872 -0.00011860 0.00159497 0.00011833 0.99999998 0.00016779 -0.00159499 -0.00016760 0.99999871
0.99999042 0.00396625 0.00185312 -0.00397163 0.99998788 0.00290899 -0.00184156 -0.00291633 0.99999405
0.99999221 0.00380746 0.00104427 -0.00381287 0.99997908 0.00522594 -0.00102435 -0.00522988 0.99998580
0.99998837 0.00474623 0.00085415 -0.00474951 0.99998118 0.00388378 -0.00083570 -0.00388779 0.99999209
0.99999770 -0.00173338 0.00126419 0.00174160 0.99997715 -0.00653147 -0.00125284 0.00653366 0.99997787
0.99997418 -0.00718640 0.00006592 0.00718660 0.99986766 -0.01459480 0.00003897 0.01459490 0.99989349
0.99999216 -0.00391657 -0.00059069 0.00391103 0.99995091 -0.00910435 0.00062632 0.00910197 0.99995838
0.99999932 -0.00080688 -0.00083897 0.00081427 0.99996063 0.00883585 0.00083181 -0.00883652 0.99996061
0.99999767 -0.00163873 -0.00140320 0.00166727 0.99978669 0.02058609 0.00136917 -0.02058838 0.99978710
0.99999914 0.00029049 -0.00127710 -0.00027133 0.99988769 0.01498427 0.00128131 -0.01498391 0.99988691
0.99999161 0.00408087 -0.00034784 -0.00408286 0.99997400 -0.00594398 0.00032358 0.00594535 0.99998227
0.99998467 0.00530545 -0.00158460 -0.00533101 0.99984814 -0.01659125 0.00149633 0.01659944 0.99986110
0.99999888 -0.00111267 -0.00100047 0.00110436 0.99996518 -0.00827149 0.00100964 0.00827037 0.99996529
0.99999042 -0.00380347 -0.00216693 0.00380122 0.99999224 -0.00103895 0.00217086 0.00103071 0.99999711
0.99999541 0.00071117 -0.00294499 -0.00070677 0.99999863 0.00149535 0.00294605 -0.00149326 0.99999455
0.99999300 -0.00018074 -0.00373769 0.00017392 0.99999832 -0.00182559 0.00373802 0.00182492 0.99999135
0.99998748 0.00123115 -0.00485061 -0.00124097 0.99999719 -0.00202184 0.00484811 0.00202783 0.99998619
0.99997854 0.00579082 -0.00306360 -0.00579222 0.99998312 -0.00044906 0.00306095 0.00046680 0.99999521
0.99997563 0.00664735 -0.00213231 -0.00664898 0.99997761 -0.00075794 0.00212723 0.00077210 0.99999744
0.99999479 0.00237742 -0.00218312 -0.00237389 0.99999588 0.00161564 0.00218696 -0.00161045 0.99999631
0.99999854 -0.00083050 -0.00149452 0.00083693 0.99999037 0.00430710 0.00149093 -0.00430835 0.99998961
0.99999842 -0.00092863 -0.00151606 0.00092792 0.99999946 -0.00047210 0.00151649 0.00047069 0.99999874
0.99999491 -0.00164089 -0.00273499 0.00163167 0.99999300 -0.00336857 0.00274050 0.00336409 0.99999059
0.99997527 -0.00503367 -0.00491057 0.00501419 0.99997954 -0.00397167 0.00493046 0.00394695 0.99998006
0.99997632 -0.00242114 -0.00644222 0.00241121 0.99999589 -0.00154837 0.00644595 0.00153280 0.99997805
0.99997765 -0.00031135 -0.00667791 0.00034095 0.99999012 0.00443249 0.00667646 -0.00443467 0.99996788
0.99998109 -0.00059909 -0.00612104 0.00064553 0.99997101 0.00758758 0.00611632 -0.00759139 0.99995248
0.99999224 -0.00107089 -0.00379136 0.00109776 0.99997426 0.00709072 0.00378367 -0.00709483 0.99996767
0.99996223 0.00780530 -0.00382334 -0.00779701 0.99996723 0.00217689 0.00384020 -0.00214700 0.99999032
0.99998715 0.00280138 -0.00422409 -0.00282302 0.99998288 -0.00512564 0.00420966 0.00513750 0.99997794
0.99997421 -0.00037299 -0.00717272 0.00029796 0.99994526 -0.01045931 0.00717623 0.01045691 0.99991957
0.99997247 -0.00337290 -0.00660906 0.00333117 0.99997451 -0.00631548 0.00663019 0.00629329 0.99995822
0.99997892 -0.00018044 -0.00649101 0.00018421 0.99999981 0.00058075 0.00649090 -0.00058193 0.99997876
0.99994313 0.00765898 -0.00742119 -0.00763681 0.99996630 0.00301199 0.00744401 -0.00295514 0.99996793
0.99995191 0.00558109 -0.00806378 -0.00559836 0.99998208 -0.00212077 0.00805180 0.00216581 0.99996524
0.99994832 0.00224205 -0.00991569 -0.00230607 0.99997654 -0.00644988 0.00990100 0.00647241 0.99993004
0.99996440 -0.00121868 -0.00834948 0.00119348 0.99999472 -0.00302257 0.00835312 0.00301250 0.99996057
0.99996536 0.00071620 -0.00829226 -0.00069820 0.99999739 0.00217383 0.00829379 -0.00216797 0.99996326
0.99996005 0.00373900 -0.00811890 -0.00368454 0.99997068 0.00671273 0.00814376 -0.00668255 0.99994451
0.99995591 0.00430435 -0.00834563 -0.00426067 0.99997717 0.00524440 0.00836801 -0.00520861 0.99995142
0.99997075 -0.00049722 -0.00763243 0.00051939 0.99999565 0.00290317 0.00763095 -0.00290705 0.99996666
0.99997903 0.00132225 -0.00634001 -0.00131081 0.99999751 0.00180780 0.00634238 -0.00179945 0.99997827
0.99999077 -0.00079249 -0.00422353 0.00078384 0.99999759 -0.00204942 0.00422514 0.00204609 0.99998898
0.99997684 0.00520909 -0.00437933 -0.00523483 0.99996897 -0.00588762 0.00434853 0.00591041 0.99997308
0.99997260 0.00651150 -0.00352113 -0.00653606 0.99995407 -0.00701011 0.00347533 0.00703294 0.99996923
0.99999413 0.00186895 -0.00287231 -0.00187650 0.99999479 -0.00262838 0.00286738 0.00263376 0.99999242
0.99999142 0.00250393 -0.00330078 -0.00248510 0.99998069 0.00569586 0.00331498 -0.00568760 0.99997833
0.99999250 0.00308192 -0.00234561 -0.00305786 0.99994337 0.01019311 0.00237689 -0.01018586 0.99994530
0.99999067 0.00254036 -0.00349237 -0.00251479 0.99997016 0.00730410 0.00351082 -0.00729525 0.99996723
0.99998310 -0.00311241 -0.00491132 0.00309411 0.99998826 -0.00372860 0.00492287 0.00371334 0.99998099
0.99991581 -0.01180805 -0.00538051 0.01175272 0.99987889 -0.01020201 0.00550032 0.01013791 0.99993348
0.99997352 -0.00160431 -0.00709779 0.00156778 0.99998551 -0.00514990 0.00710595 0.00513863 0.99996155
0.99996737 0.00451084 -0.00670168 -0.00450466 0.99998941 0.00093741 0.00670584 -0.00090719 0.99997710
0.99997017 -0.00102330 -0.00765563 0.00106794 0.99998244 0.00582890 0.00764953 -0.00583691 0.99995371
0.99996026 -0.00467165 -0.00759267 0.00469654 0.99998364 0.00326412 0.00757730 -0.00329965 0.99996585
0.99994937 -0.00822756 -0.00579347 0.00824849 0.99995951 0.00359811 0.00576363 -0.00364572 0.99997674
0.99997471 -0.00356912 -0.00615095 0.00356558 0.99999347 -0.00058687 0.00615300 0.00056493 0.99998091
0.99997653 -0.00274857 -0.00627596 0.00270421 0.99997138 -0.00706536 0.00629520 0.00704822 0.99995535
0.99993969 -0.00830038 -0.00719221 0.00822546 0.99991225 -0.01038406 0.00727777 0.01032427 0.99992022
0.99992904 -0.00976990 -0.00681652 0.00974081 0.99994336 -0.00428778 0.00685802 0.00422107 0.99996757
0.99996992 0.00398352 -0.00665454 -0.00393300 0.99996348 0.00758692 0.00668452 -0.00756052 0.99994908
0.99993230 0.01041850 -0.00518122 -0.01035061 0.99986242 0.01296147 0.00531554 -0.01290697 0.99990257
0.99997463 0.00528340 -0.00477843 -0.00524660 0.99995674 0.00768100 0.00481880 -0.00765573 0.99995908
0.99999356 -0.00021622 -0.00358167 0.00020450 0.99999462 -0.00327261 0.00358236 0.00327185 0.99998823
0.99999610 0.00223408 -0.00167369 -0.00225319 0.99993127 -0.01150536 0.00164787 0.01150909 0.99993241
0.99993068 0.01143288 -0.00281556 -0.01145966 0.99988742 -0.00968579 0.00270451 0.00971738 0.99994913
0.99999674 -0.00126946 -0.00221579 0.00126044 0.99999093 -0.00406765 0.00222093 0.00406484 0.99998927
0.99998478 -0.00499094 -0.00235074 0.00500167 0.99997700 0.00458150 0.00232782 -0.00459319 0.99998674
1.00000000 0.00006883 -0.00004174 -0.00006847 0.99996314 0.00858537 0.00004233 -0.00858537 0.99996314
0.99999834 0.00180916 0.00022392 -0.00181030 0.99998483 0.00520268 -0.00021450 -0.00520307 0.99998644
0.99999858 0.00064657 -0.00155887 -0.00064817 0.99999926 -0.00102793 0.00155820 0.00102894 0.99999826
0.99999590 -0.00225338 -0.00176600 0.00223660 0.99995291 -0.00944337 0.00178719 0.00943938 0.99995385
0.99995292 -0.00951877 -0.00188535 0.00949565 0.99988395 -0.01191332 0.00199854 0.01189485 0.99992726
0.99994847 -0.00989654 -0.00226046 0.00988616 0.99994076 -0.00455511 0.00230541 0.00453252 0.99998707
0.99999570 0.00273406 -0.00106273 -0.00272968 0.99998786 0.00410248 0.00107393 -0.00409956 0.99999102
0.99998368 0.00554938 -0.00135476 -0.00553484 0.99992945 0.01050968 0.00141299 -0.01050201 0.99994385
0.99999838 0.00074278 -0.00163883 -0.00073783 0.99999517 0.00302077 0.00164107 -0.00301956 0.99999409
0.99999953 -0.00050150 -0.00083262 0.00049804 0.99999126 -0.00415153 0.00083469 0.00415111 0.99999104
0.99999914 0.00124136 0.00043151 -0.00123851 0.99997790 -0.00653183 -0.00043961 0.00653129 0.99997857
0.99997619 0.00688791 -0.00042316 -0.00688814 0.99997612 -0.00055724 0.00041931 0.00056014 0.99999976
0.99999569 0.00288703 -0.00053617 -0.00288540 0.99999134 0.00299979 0.00054483 -0.00299823 0.99999536
0.99999168 0.00401869 -0.00069523 -0.00401655 0.99998728 0.00305218 0.00070749 -0.00304936 0.99999510
0.99999281 0.00379032 0.00007889 -0.00379052 0.99998879 0.00283608 -0.00006814 -0.00283636 0.99999598
0.99999412 0.00339220 -0.00049755 -0.00339239 0.99999417 -0.00037940 0.00049626 0.00038108 0.99999980
0.99999897 -0.00136215 -0.00045691 0.00136042 0.99999196 -0.00377196 0.00046204 0.00377134 0.99999278
0.99999473 0.00311448 -0.00091341 -0.00311939 0.99998043 -0.00542363 0.00089651 0.00542645 0.99998487
0.99999748 0.00173066 -0.00143136 -0.00173051 0.99999850 0.00010200 0.00143153 -0.00009953 0.99999897
0.99999776 0.00014217 -0.00211018 -0.00012181 0.99995348 0.00964523 0.00211145 -0.00964495 0.99995126
0.99999696 -0.00172837 -0.00175943 0.00174466 0.99995521 0.00930206 0.00174327 -0.00930510 0.99995519
0.99998305 -0.00578951 -0.00061541 0.00579057 0.99998174 0.00172833 0.00060539 -0.00173186 0.99999832
0.99999925 -0.00092405 -0.00080895 0.00091843 0.99997559 -0.00692613 0.00081533 0.00692538 0.99997569
0.99999679 0.00241932 0.00075480 -0.00241535 0.99998351 -0.00521073 -0.00076740 0.00520889 0.99998614
0.99999967 0.00026585 0.00076338 -0.00026135 0.99998261 -0.00589140 -0.00076493 0.00589120 0.99998235
0.99999792 -0.00194125 0.00063191 0.00194354 0.99999145 -0.00365103 -0.00062482 0.00365225 0.99999314
0.99999252 -0.00257330 0.00288921 0.00258741 0.99998469 -0.00489217 -0.00287658 0.00489961 0.99998386
0.99998881 -0.00128367 0.00455322 0.00129031 0.99999811 -0.00145579 -0.00455134 0.00146165 0.99998857
0.99998480 0.00196802 0.00515059 -0.00199241 0.99998680 0.00473614 -0.00514120 -0.00474633 0.99997552
0.99996884 0.00428846 0.00662724 -0.00434874 0.99994906 0.00910880 -0.00658783 -0.00913733 0.99993655
0.99996029 0.00670937 0.00586616 -0.00673480 0.99996796 0.00432720 -0.00583694 -0.00436653 0.99997343
0.99998060 0.00134491 0.00608169 -0.00133313 0.99999723 -0.00194138 -0.00608429 0.00193324 0.99997962
0.99997236 -0.00111276 0.00735124 0.00117160 0.99996728 -0.00800361 -0.00734210 0.00801200 0.99994095
0.99997029 0.00156547 0.00754728 -0.00149655 0.99995720 -0.00912962 -0.00756125 0.00911805 0.99992984
0.99996810 0.00304272 0.00738547 -0.00300200 0.99998027 -0.00551780 -0.00740211 0.00549545 0.99995750
0.99996945 0.00006459 0.00781667 -0.00007277 0.99999945 0.00104621 -0.00781660 -0.00104675 0.99996890
0.99997658 -0.00324274 0.00602759 0.00321070 0.99998071 0.00531783 -0.00604471 -0.00529836 0.99996769
0.99995440 -0.00708902 0.00639886 0.00705250 0.99995882 0.00571138 -0.00643909 -0.00566599 0.99996322
0.99996980 -0.00507661 0.00588363 0.00506940 0.99998638 0.00124072 -0.00588985 -0.00121086 0.99998192
0.99999112 0.00163137 0.00388624 -0.00163443 0.99999835 0.00078679 -0.00388495 -0.00079314 0.99999214
0.99999102 0.00401816 0.00134508 -0.00401991 0.99999107 0.00130710 -0.00133982 -0.00131249 0.99999824
0.99999951 0.00097403 0.00015911 -0.00097431 0.99999794 0.00178073 -0.00015737 -0.00178088 0.99999840
0.99999986 0.00025049 -0.00045621 -0.00024933 0.99999678 0.00252431 0.00045684 -0.00252419 0.99999671
0.99999792 0.00201744 0.00031381 -0.00201800 0.99999638 0.00178045 -0.00031022 -0.00178108 0.99999837
0.99996259 0.00864602 0.00026900 -0.00864451 0.99994926 -0.00517269 -0.00031371 0.00517017 0.99998659
0.99998687 0.00511108 -0.00036636 -0.00511415 0.99994699 -0.00893625 0.00032067 0.00893800 0.99996000
0.99999722 -0.00158761 -0.00174244 0.00157212 0.99995952 -0.00885945 0.00175643 0.00885668 0.99995924
0.99997836 -0.00569431 -0.00329506 0.00567883 0.99997289 -0.00468721 0.00332166 0.00466840 0.99998359
0.99998979 0.00239674 -0.00383102 -0.00237623 0.99998286 0.00535029 0.00384378 -0.00534114 0.99997835
0.99996595 0.00722160 -0.00399294 -0.00717241 0.99989986 0.01219928 0.00408064 -0.01217023 0.99991761
0.99997781 -0.00474505 -0.00467691 0.00481094 0.99988791 0.01417807 0.00460911 -0.01420025 0.99988855
0.99996919 -0.00653691 -0.00434594 0.00657651 0.99993642 0.00916003 0.00428579 -0.00918833 0.99994860
0.99999481 -0.00138428 -0.00290877 0.00137771 0.99999649 -0.00226193 0.00291189 0.00225791 0.99999321
0.99998634 0.00459235 -0.00249653 -0.00460864 0.99996788 -0.00655677 0.00246634 0.00656819 0.99997539
0.99999167 -0.00114455 -0.00391847 0.00110891 0.99995810 -0.00908648 0.00392870 0.00908206 0.99995104
0.99996576 -0.00795832 -0.00226640 0.00794657 0.99995519 -0.00514511 0.00230725 0.00512693 0.99998420
0.99996893 -0.00784023 -0.00082102 0.00784417 0.99995717 0.00491188 0.00078248 -0.00491816 0.99998760
0.99997408 -0.00699892 -0.00168773 0.00700574 0.99996718 0.00406808 0.00165921 -0.00407980 0.99999030
0.99999455 -0.00298819 -0.00140469 0.00299188 0.99999206 0.00263307 0.00139681 -0.00263726 0.99999555
0.99999772 -0.00174037 -0.00123832 0.00173645 0.99999350 -0.00316043 0.00124381 0.00315827 0.99999424
0.99998553 -0.00525900 -0.00113697 0.00525317 0.99997337 -0.00506633 0.00116359 0.00506028 0.99998652
0.99996402 -0.00840890 -0.00112058 0.00840764 0.99996402 -0.00112385 0.00112999 0.00111439 0.99999874
0.99999865 -0.00120435 -0.00111603 0.00120761 0.99999499 0.00292633 0.00111250 -0.00292767 0.99999510
0.99999953 -0.00070504 -0.00066924 0.00070780 0.99999116 0.00414404 0.00066631 -0.00414451 0.99999119
0.99999952 -0.00043541 -0.00087206 0.00043789 0.99999585 0.00284581 0.00087081 -0.00284619 0.99999557
