0.99906305 -0.00130332 0.04325874 0.00142522 0.99999510 -0.00278706 -0.04325490 0.00284610 0.99906002
0.99896832 -0.00413351 0.04522400 0.00433688 0.99998092 -0.00439964 -0.04520495 0.00459123 0.99896718
0.99890258 0.00029583 0.04683525 -0.00008202 0.99998957 -0.00456701 -0.04683611 0.00455815 0.99889219
0.99891111 0.00080012 0.04664708 -0.00062483 0.99999269 -0.00377236 -0.04664975 0.00373910 0.99890431
0.99886448 -0.00222259 0.04759006 0.00223089 0.99999750 -0.00012144 -0.04758967 0.00022747 0.99886694
0.99896321 -0.00333179 0.04540279 0.00339944 0.99999322 -0.00141281 -0.04539778 0.00156569 0.99896776
0.99892641 -0.00361413 0.04618395 0.00377116 0.99998740 -0.00331332 -0.04617140 0.00348393 0.99892746
0.99899494 -0.00315328 0.04471195 0.00326742 0.99999159 -0.00248003 -0.04470376 0.00262363 0.99899684
0.99895397 0.00026830 0.04572639 -0.00020692 0.99999907 -0.00134709 -0.04572671 0.00133622 0.99895309
0.99894080 -0.00119910 0.04599816 0.00118849 0.99999926 0.00025794 -0.04599843 -0.00020300 0.99894149
0.99886647 0.00071994 0.04759480 -0.00073984 0.99999965 0.00040054 -0.04759450 -0.00043530 0.99886664
0.99888080 -0.00085283 0.04729072 0.00088051 0.99999945 -0.00056454 -0.04729021 0.00060554 0.99888101
0.99893500 -0.00151925 0.04611471 0.00160757 0.99999694 -0.00187840 -0.04611171 0.00195053 0.99893438
0.99893311 -0.00253046 0.04611112 0.00254620 0.99999672 -0.00028252 -0.04611026 0.00039962 0.99893628
0.99894946 -0.00048343 0.04582296 0.00055730 0.99999857 -0.00159926 -0.04582212 0.00162311 0.99894830
0.99897092 -0.00535978 0.04503736 0.00532506 0.99998543 0.00089069 -0.04504148 -0.00064995 0.99898491
0.99891354 0.00063641 0.04659760 -0.00059404 0.99999940 -0.00092329 -0.04659816 0.00089460 0.99891332
0.99892142 -0.00146710 0.04640943 0.00157095 0.99999634 -0.00220130 -0.04640603 0.00227183 0.99892008
0.99884805 -0.00316893 0.04788044 0.00326595 0.99999277 -0.00194816 -0.04787392 0.00210229 0.99885117
0.99894115 0.00051062 0.04600343 -0.00042934 0.99999833 -0.00177669 -0.04600426 0.00175506 0.99893970
0.99893976 -0.00314866 0.04592874 0.00330082 0.99998931 -0.00323737 -0.04591805 0.00338554 0.99893947
0.99899115 -0.00292882 0.04481191 0.00307550 0.99999014 -0.00320483 -0.04480209 0.00333941 0.99899030
0.99899415 -0.00154462 0.04481406 0.00160680 0.99999780 -0.00135159 -0.04481188 0.00142224 0.99899443
0.99904949 -0.00471564 0.04333447 0.00472098 0.99998886 -0.00002091 -0.04333389 0.00022547 0.99906062
0.99916918 -0.00388886 0.04056890 0.00391718 0.99999214 -0.00061879 -0.04056618 0.00077719 0.99917655
0.99926489 0.00099937 0.03832344 -0.00084750 0.99999172 -0.00397891 -0.03832710 0.00394351 0.99925747
0.99934772 0.00000221 0.03611270 -0.00003028 0.99999970 0.00077657 -0.03611269 -0.00077715 0.99934742
0.99938628 -0.00313693 0.03488877 0.00306455 0.99999304 0.00212779 -0.03489521 -0.00201957 0.99938894
0.99941131 -0.00035633 0.03430615 0.00036635 0.99999989 -0.00028605 -0.03430605 0.00029845 0.99941133
0.99943189 0.00317368 0.03355325 -0.00309383 0.99999226 -0.00243140 -0.03356071 0.00232621 0.99943397
0.99948912 0.00002346 0.03196098 0.00001643 0.99999922 -0.00124759 -0.03196098 0.00124748 0.99948834
0.99953344 -0.00206666 0.03047350 0.00208778 0.99999760 -0.00066131 -0.03047206 0.00072462 0.99953536
0.99953582 -0.00164246 0.03042102 0.00164577 0.99999864 -0.00008400 -0.03042084 0.00013403 0.99953717
0.99954417 0.00152173 0.03015173 -0.00154655 0.99999848 0.00079993 -0.03015047 -0.00084620 0.99954501
0.99954266 0.00073088 0.03023154 -0.00074523 0.99999961 0.00046331 -0.03023119 -0.00048563 0.99954282
0.99962052 -0.00257733 0.02742565 0.00261145 0.99999586 -0.00120828 -0.02742242 0.00127944 0.99962312
0.99969051 -0.00445320 0.02447562 0.00448965 0.99998889 -0.00143431 -0.02446896 0.00154376 0.99969940
0.99974485 -0.00373311 0.02227769 0.00375404 0.99999255 -0.00089737 -0.02227418 0.00098077 0.99975142
0.99978500 -0.00575583 0.01992028 0.00576657 0.99998326 -0.00048165 -0.01991718 0.00059642 0.99980146
0.99983184 -0.00464839 0.01773935 0.00463471 0.99998893 0.00081215 -0.01774293 -0.00072980 0.99984232
0.99989218 -0.00511323 0.01376518 0.00512670 0.99998641 -0.00094302 -0.01376017 0.00101349 0.99990481
0.99992199 -0.00332181 0.01204108 0.00331897 0.99999446 0.00025655 -0.01204187 -0.00021657 0.99992747
0.99991980 -0.00082502 0.01263750 0.00081270 0.99999919 0.00097994 -0.01263830 -0.00096959 0.99991966
0.99990376 0.00035479 0.01386873 -0.00035241 0.99999992 -0.00017393 -0.01386879 0.00016902 0.99990381
0.99992436 0.00184645 0.01215958 -0.00179962 0.99999093 -0.00386136 -0.01216660 0.00383918 0.99991861
0.99994008 -0.00084518 0.01091422 0.00088030 0.99999445 -0.00321353 -0.01091144 0.00322294 0.99993527
0.99995490 -0.00338925 0.00887237 0.00340990 0.99999151 -0.00231313 -0.00886445 0.00234328 0.99995796
0.99997060 0.00056757 0.00764672 -0.00056042 0.99999940 -0.00093631 -0.00764724 0.00093200 0.99997033
0.99998600 0.00084227 0.00522495 -0.00083724 0.99999918 -0.00096420 -0.00522575 0.00095981 0.99998589
0.99998737 -0.00283623 0.00414965 0.00284274 0.99999474 -0.00156165 -0.00414520 0.00157342 0.99999017
0.99998707 0.00059991 0.00505045 -0.00059163 0.99999848 -0.00163952 -0.00505143 0.00163651 0.99998590
0.99998628 -0.00005785 0.00523735 0.00006243 0.99999962 -0.00087470 -0.00523730 0.00087501 0.99998590
0.99999503 0.00048834 0.00311552 -0.00049149 0.99999937 0.00101002 -0.00311503 -0.00101154 0.99999464
0.99999538 0.00161577 0.00257453 -0.00161890 0.99999796 0.00121202 -0.00257257 -0.00121619 0.99999595
0.99999513 0.00190114 0.00247562 -0.00190448 0.99999728 0.00134660 -0.00247305 -0.00135131 0.99999603
0.99999774 -0.00149843 0.00150543 0.00150166 0.99999657 -0.00214492 -0.00150221 0.00214718 0.99999657
0.99999843 0.00087295 0.00154334 -0.00087334 0.99999959 0.00025497 -0.00154312 -0.00025632 0.99999878
0.99999773 -0.00209450 0.00039188 0.00209491 0.99999727 -0.00103929 -0.00038970 0.00104011 0.99999938
0.99999809 0.00127024 0.00148802 -0.00126816 0.99999822 -0.00139711 -0.00148979 0.00139522 0.99999792
0.99999473 -0.00169545 -0.00276929 0.00169122 0.99999740 -0.00152912 0.00277188 0.00152443 0.99999500
0.99999927 -0.00031750 -0.00116408 0.00031805 0.99999984 0.00047690 0.00116393 -0.00047727 0.99999921
0.99999901 0.00041694 -0.00134180 -0.00041602 0.99999968 0.00068993 0.00134209 -0.00068937 0.99999886
0.99999175 -0.00245123 -0.00323906 0.00244944 0.99999685 -0.00055611 0.00324041 0.00054817 0.99999460
0.99999644 0.00262235 -0.00049509 -0.00262272 0.99999628 -0.00074722 0.00049313 0.00074852 0.99999960
0.99999367 -0.00234165 -0.00267865 0.00233999 0.99999707 -0.00061960 0.00268010 0.00061333 0.99999622
0.99999713 0.00223126 -0.00087346 -0.00223149 0.99999748 -0.00026318 0.00087287 0.00026513 0.99999958
0.99999908 -0.00091008 -0.00100453 0.00091191 0.99999792 0.00182431 0.00100287 -0.00182522 0.99999783
0.99999996 0.00010837 0.00024876 -0.00010882 0.99999831 0.00183353 -0.00024856 -0.00183355 0.99999829
0.99999918 -0.00115786 -0.00054048 0.00115753 0.99999915 -0.00060672 0.00054118 0.00060609 0.99999967
0.99999889 -0.00123294 -0.00083191 0.00123175 0.99999822 -0.00142769 0.00083366 0.00142667 0.99999863
0.99999956 0.00064109 -0.00068311 -0.00064136 0.99999972 -0.00039492 0.00068286 0.00039536 0.99999969
0.99999997 0.00017766 -0.00016623 -0.00017769 0.99999996 -0.00019760 0.00016620 0.00019763 0.99999997
0.99999947 -0.00011460 -0.00102097 0.00011518 0.99999984 0.00056205 0.00102090 -0.00056216 0.99999932
0.99999914 -0.00116375 0.00061166 0.00116356 0.99999928 0.00030866 -0.00061201 -0.00030795 0.99999977
0.99999835 0.00111652 -0.00143435 -0.00111840 0.99999852 -0.00130686 0.00143289 0.00130847 0.99999812
0.99997968 -0.00636405 -0.00036588 0.00636364 0.99997914 -0.00110358 0.00037289 0.00110123 0.99999932
0.99999988 0.00028178 0.00039581 -0.00028138 0.99999946 -0.00099656 -0.00039609 0.00099645 0.99999943
0.99999888 0.00020727 -0.00147930 -0.00020929 0.99999905 -0.00136602 0.00147901 0.00136633 0.99999797
0.99999215 -0.00315004 0.00240352 0.00314935 0.99999500 0.00029220 -0.00240443 -0.00028463 0.99999707
0.99999934 0.00095663 0.00063580 -0.00095667 0.99999954 0.00007439 -0.00063573 -0.00007500 0.99999980
0.99999621 -0.00211383 0.00176582 0.00211225 0.99999737 0.00089824 -0.00176771 -0.00089451 0.99999804
0.99999653 0.00254637 0.00066868 -0.00254706 0.99999622 0.00103170 -0.00066605 -0.00103340 0.99999924
0.99999825 -0.00155586 0.00103766 0.00155668 0.99999848 -0.00078759 -0.00103643 0.00078920 0.99999915
0.99999693 0.00133110 0.00208996 -0.00132907 0.99999865 -0.00097088 -0.00209125 0.00096810 0.99999734
0.99998767 -0.00005229 0.00496538 0.00005534 0.99999981 -0.00061371 -0.00496534 0.00061397 0.99998748
0.99998948 -0.00007888 0.00458524 0.00007867 1.00000000 0.00004636 -0.00458524 -0.00004600 0.99998949
0.99997507 0.00392890 0.00586795 -0.00393245 0.99999209 0.00059470 -0.00586557 -0.00061776 0.99998261
0.99997503 0.00388291 0.00590430 -0.00387527 0.99999164 -0.00130490 -0.00590932 0.00128199 0.99998172
0.99998358 -0.00022300 0.00572687 0.00023408 0.99999810 -0.00193378 -0.00572643 0.00193509 0.99998173
0.99999182 -0.00067754 0.00398669 0.00067868 0.99999973 -0.00028420 -0.00398649 0.00028691 0.99999201
0.99998482 0.00192907 0.00516219 -0.00192613 0.99999798 -0.00057330 -0.00516328 0.00056335 0.99998651
0.99998557 0.00233507 0.00483913 -0.00233627 0.99999724 0.00024261 -0.00483855 -0.00025391 0.99998826
0.99999318 0.00322704 0.00179776 -0.00322596 0.99999461 -0.00060327 -0.00179969 0.00059747 0.99999820
0.99998316 0.00069654 0.00576204 -0.00070028 0.99999955 0.00064745 -0.00576159 -0.00065147 0.99998319
0.99997343 0.00041177 0.00727824 -0.00041199 0.99999991 0.00002886 -0.00727823 -0.00003185 0.99997351
0.99998587 -0.00087029 0.00524514 0.00087957 0.99999805 -0.00176714 -0.00524359 0.00177173 0.99998468
0.99998717 -0.00037026 0.00505210 0.00037652 0.99999916 -0.00123772 -0.00505164 0.00123960 0.99998647
0.99998562 -0.00055741 0.00533304 0.00055541 0.99999977 0.00037641 -0.00533325 -0.00037344 0.99998571
0.99997868 0.00157872 0.00633602 -0.00157484 0.99999857 -0.00061667 -0.00633699 0.00060668 0.99997974
0.99998822 0.00036545 0.00484025 -0.00036325 0.99999983 -0.00045578 -0.00484041 0.00045402 0.99998818
0.99995043 -0.00031974 0.00995204 0.00035048 0.99999517 -0.00308794 -0.00995100 0.00309128 0.99994571
0.99990299 0.00023636 -0.01392698 -0.00029196 0.99999200 -0.00398991 0.01392593 0.00399359 0.99989505
0.99997434 -0.00646067 0.00309430 0.00645551 0.99997776 0.00167490 -0.00310505 -0.00165489 0.99999381
0.99999283 -0.00145545 0.00349506 0.00145732 0.99999880 -0.00053245 -0.00349429 0.00053754 0.99999375
0.99999313 0.00060830 0.00365741 -0.00060614 0.99999964 -0.00059399 -0.00365777 0.00059177 0.99999314
0.99999588 0.00006812 0.00286924 -0.00006645 0.99999983 -0.00058246 -0.00286928 0.00058227 0.99999571
0.99999273 0.00141387 0.00354249 -0.00141085 0.99999864 -0.00085479 -0.00354369 0.00084979 0.99999336
0.99998956 0.00054743 0.00453575 -0.00054267 0.99999930 -0.00105186 -0.00453633 0.00104938 0.99998916
0.99998749 0.00085461 0.00492765 -0.00085469 0.99999963 0.00001397 -0.00492763 -0.00001818 0.99998786
0.99998182 0.00207522 0.00566118 -0.00207363 0.99999781 -0.00028801 -0.00566177 0.00027626 0.99998393
0.99998783 0.00045072 0.00491307 -0.00044800 0.99999975 -0.00055388 -0.00491332 0.00055167 0.99998778
0.99999241 -0.00017184 0.00389320 0.00017225 0.99999998 -0.00010416 -0.00389318 0.00010483 0.99999242
0.99998839 0.00157369 0.00455398 -0.00157577 0.99999866 0.00045344 -0.00455326 -0.00046061 0.99998953
0.99999256 -0.00145152 0.00357433 0.00145203 0.99999894 -0.00013912 -0.00357412 0.00014430 0.99999360
0.99999215 -0.00130910 0.00374006 0.00131045 0.99999908 -0.00035675 -0.00373959 0.00036165 0.99999294
0.99999978 -0.00049575 0.00043978 0.00049627 0.99999917 -0.00119130 -0.00043919 0.00119152 0.99999919
0.99999630 -0.00126970 0.00240627 0.00127399 0.99999760 -0.00178389 -0.00240400 0.00178695 0.99999551
0.99999022 -0.00062681 0.00437881 0.00062981 0.99999957 -0.00068507 -0.00437838 0.00068782 0.99999018
0.99999648 0.00078649 0.00253542 -0.00078555 0.99999962 -0.00037031 -0.00253571 0.00036831 0.99999672
0.99999614 -0.00078378 0.00266405 0.00078330 0.99999968 0.00018112 -0.00266419 -0.00017903 0.99999644
0.99999981 -0.00016844 0.00059397 0.00016767 0.99999916 0.00128550 -0.00059419 -0.00128540 0.99999900
0.99998576 -0.00074876 0.00528455 0.00074947 0.99999971 -0.00013118 -0.00528445 0.00013514 0.99998603
0.99999602 -0.00258745 0.00112335 0.00258691 0.99999654 0.00048165 -0.00112460 -0.00047874 0.99999925
0.99998665 0.00362687 0.00368013 -0.00363111 0.99999275 0.00114397 -0.00367596 -0.00115732 0.99999257
0.99999649 0.00196494 0.00177677 -0.00196397 0.99999792 -0.00054676 -0.00177784 0.00054327 0.99999827
0.99999430 0.00144581 0.00304961 -0.00144260 0.99999840 -0.00105584 -0.00305113 0.00105143 0.99999479
0.99999152 0.00200745 0.00359627 -0.00199838 0.99999482 -0.00252512 -0.00360132 0.00251791 0.99999035
0.99999908 -0.00024981 0.00133260 0.00025176 0.99999889 -0.00146830 -0.00133223 0.00146864 0.99999803
0.99997862 0.00120826 0.00642679 -0.00120230 0.99999884 -0.00093133 -0.00642791 0.00092358 0.99997891
0.99998180 0.00529179 0.00289786 -0.00528348 0.99998193 -0.00286742 -0.00291298 0.00285206 0.99999169
0.99997684 0.00052070 0.00678524 -0.00051435 0.99999943 -0.00093735 -0.00678573 0.00093384 0.99997654
0.99999880 -0.00146102 -0.00050725 0.00146235 0.99999548 0.00262557 0.00050341 -0.00262631 0.99999642
0.99999210 0.00077966 0.00389837 -0.00078113 0.99999962 0.00037699 -0.00389807 -0.00038003 0.99999233
0.99998744 0.00033983 0.00500132 -0.00034106 0.99999991 0.00024458 -0.00500123 -0.00024628 0.99998746
0.99999213 -0.00021166 0.00396168 0.00021287 0.99999993 -0.00030573 -0.00396161 0.00030657 0.99999211
0.99999474 0.00035915 0.00322261 -0.00035706 0.99999973 -0.00064629 -0.00322284 0.00064514 0.99999460
0.99999451 0.00038710 0.00329013 -0.00038521 0.99999976 -0.00057804 -0.00329035 0.00057676 0.99999442
0.99999508 -0.00129841 0.00285562 0.00130000 0.99999900 -0.00055519 -0.00285489 0.00055889 0.99999577
0.99999952 0.00023883 0.00094724 -0.00023886 0.99999997 0.00003003 -0.00094724 -0.00003026 0.99999955
0.99999235 -0.00064832 0.00385748 0.00064605 0.99999962 0.00058888 -0.00385786 -0.00058639 0.99999239
0.99999681 -0.00120946 0.00221527 0.00120995 0.99999924 -0.00021897 -0.00221500 0.00022165 0.99999752
0.99999535 0.00080274 0.00294169 -0.00079820 0.99999849 -0.00154461 -0.00294292 0.00154225 0.99999448
0.99999669 0.00035435 0.00254649 -0.00035309 0.99999982 -0.00049477 -0.00254667 0.00049387 0.99999664
0.99998595 0.00082764 0.00523579 -0.00081783 0.99999791 -0.00187612 -0.00523733 0.00187181 0.99998453
0.99999058 0.00187875 0.00391315 -0.00187511 0.99999781 -0.00093177 -0.00391489 0.00092443 0.99999191
0.99999347 0.00264596 0.00245996 -0.00264283 0.99999570 -0.00127303 -0.00246332 0.00126652 0.99999616
0.99999695 -0.00080694 0.00233569 0.00080820 0.99999953 -0.00053939 -0.00233525 0.00054128 0.99999713
0.99999657 -0.00196456 0.00173213 0.00196310 0.99999772 0.00084421 -0.00173379 -0.00084080 0.99999814
0.99999412 -0.00094190 0.00329590 0.00093931 0.99999925 0.00078699 -0.00329664 -0.00078389 0.99999426
0.99997948 0.00173671 0.00616690 -0.00173074 0.99999803 -0.00097270 -0.00616858 0.00096201 0.99998051
0.99999737 0.00150809 -0.00172748 -0.00150734 0.99999877 0.00043330 0.00172813 -0.00043070 0.99999841
0.99998614 0.00067944 0.00522010 -0.00068479 0.99999924 0.00102443 -0.00521940 -0.00102799 0.99998585
0.99998808 0.00118345 0.00473693 -0.00118571 0.99999919 0.00047290 -0.00473637 -0.00047851 0.99998867
0.99999121 0.00050028 0.00416235 -0.00049918 0.99999984 -0.00026445 -0.00416248 0.00026237 0.99999130
0.99999338 0.00042402 0.00361427 -0.00042411 0.99999991 0.00002412 -0.00361426 -0.00002565 0.99999347
0.99997005 0.00057106 0.00771885 -0.00056751 0.99999973 -0.00046203 -0.00771911 0.00045764 0.99997010
0.99999875 0.00141292 0.00070945 -0.00141340 0.99999877 0.00067620 -0.00070850 -0.00067720 0.99999952
0.99999914 0.00111610 -0.00068464 -0.00111721 0.99999806 -0.00162315 0.00068283 0.00162391 0.99999845
0.99998796 -0.00011073 0.00490515 0.00011420 0.99999974 -0.00070796 -0.00490507 0.00070851 0.99998772
0.99997288 0.00074684 0.00732636 -0.00074204 0.99999951 -0.00065794 -0.00732685 0.00065248 0.99997295
0.99999926 0.00100914 0.00067756 -0.00100923 0.99999948 0.00013115 -0.00067742 -0.00013183 0.99999976
0.99999072 -0.00034395 0.00429384 0.00034783 0.99999953 -0.00090370 -0.00429353 0.00090518 0.99999037
0.99999185 0.00071470 0.00397420 -0.00070853 0.99999854 -0.00155485 -0.00397531 0.00155202 0.99999089
0.99999467 -0.00050640 0.00322453 0.00051029 0.99999915 -0.00120318 -0.00322392 0.00120482 0.99999408
0.99999491 -0.00203333 0.00246004 0.00203910 0.99999517 -0.00234554 -0.00245526 0.00235055 0.99999422
0.99996665 0.00193261 0.00793526 -0.00193458 0.99999810 0.00023988 -0.00793478 -0.00025522 0.99996849
0.99998697 -0.00204073 0.00468029 0.00204726 0.99999694 -0.00139205 -0.00467743 0.00140161 0.99998808
0.99999262 -0.00228156 0.00309245 0.00228648 0.99999612 -0.00158947 -0.00308881 0.00159653 0.99999396
0.99999771 -0.00109439 0.00183763 0.00109382 0.99999935 0.00030957 -0.00183797 -0.00030756 0.99999826
0.99999750 -0.00068686 0.00212575 0.00069013 0.99999857 -0.00154077 -0.00212469 0.00154223 0.99999655
0.99999755 -0.00066372 0.00211142 0.00066671 0.99999877 -0.00141651 -0.00211048 0.00141791 0.99999677
0.99999435 -0.00106332 0.00318800 0.00106545 0.99999921 -0.00066651 -0.00318728 0.00066990 0.99999470
0.99997500 0.00115860 0.00697545 -0.00115602 0.99999926 -0.00037364 -0.00697588 0.00036557 0.99997560
0.99999102 0.00415729 0.00082492 -0.00415516 0.99998808 -0.00256394 -0.00083557 0.00256049 0.99999637
0.99998327 -0.00277754 0.00507403 0.00278049 0.99999597 -0.00057281 -0.00507242 0.00058690 0.99998696
0.99999634 -0.00185789 0.00196499 0.00185714 0.99999820 0.00038475 -0.00196570 -0.00038110 0.99999800
0.99999787 -0.00081197 0.00189727 0.00081146 0.99999963 0.00027147 -0.00189749 -0.00026993 0.99999816
0.99999400 0.00152076 0.00311276 -0.00152090 0.99999884 0.00004118 -0.00311269 -0.00004592 0.99999515
0.99997786 0.00091709 0.00659121 -0.00092490 0.99999887 0.00118253 -0.00659012 -0.00118860 0.99997758
0.99999434 -0.00160621 0.00295700 0.00160419 0.99999848 0.00068784 -0.00295810 -0.00068309 0.99999539
0.99999540 -0.00144117 0.00266913 0.00143900 0.99999863 0.00081704 -0.00267031 -0.00081320 0.99999610
0.99999909 0.00128914 0.00038539 -0.00128800 0.99999487 -0.00293266 -0.00038917 0.00293216 0.99999563
0.99999307 0.00068725 0.00365980 -0.00067532 0.99999446 -0.00325888 -0.00366202 0.00325639 0.99998799
0.99999492 -0.00026601 0.00317520 0.00026621 0.99999996 -0.00006204 -0.00317518 0.00006288 0.99999496
0.99998441 0.00212860 0.00516141 -0.00213284 0.99999739 0.00081646 -0.00515965 -0.00082746 0.99998635
0.99996799 0.00212614 0.00771336 -0.00212613 0.99999774 -0.00001020 -0.00771336 -0.00000620 0.99997025
0.99996608 0.00339819 0.00750264 -0.00340034 0.99999418 0.00027386 -0.00750167 -0.00029936 0.99997182
0.99998663 0.00013480 0.00516876 -0.00013427 0.99999999 -0.00010305 -0.00516878 0.00010235 0.99998664
0.99998055 -0.00132065 0.00609627 0.00132219 0.99999910 -0.00024828 -0.00609593 0.00025633 0.99998139
0.99998916 -0.00104644 0.00453761 0.00105090 0.99999897 -0.00097948 -0.00453658 0.00098424 0.99998923
0.99998551 -0.00054088 0.00535528 0.00054216 0.99999982 -0.00023864 -0.00535515 0.00024154 0.99998563
0.99999832 0.00004548 0.00183475 -0.00004886 0.99999830 0.00184260 -0.00183467 -0.00184269 0.99999662
0.99998489 0.00326154 0.00442461 -0.00326188 0.99999468 0.00006984 -0.00442436 -0.00008427 0.99999021
0.99999407 0.00198376 0.00281553 -0.00198182 0.99999780 -0.00069247 -0.00281690 0.00068688 0.99999580
0.99999622 -0.00167950 0.00217715 0.00167940 0.99999859 0.00004719 -0.00217723 -0.00004354 0.99999763
0.99998467 -0.00081161 0.00547667 0.00080961 0.99999960 0.00036800 -0.00547696 -0.00036356 0.99998494
0.99998399 -0.00283682 0.00489638 0.00283754 0.99999596 -0.00013994 -0.00489596 0.00015383 0.99998800
0.99999315 0.00026473 0.00369184 -0.00026646 0.99999986 0.00046691 -0.00369172 -0.00046789 0.99999308
0.99997587 0.00034943 0.00693875 -0.00035386 0.99999973 0.00063745 -0.00693852 -0.00063989 0.99997572
0.99999423 -0.00095405 0.00326007 0.00095124 0.99999917 0.00086620 -0.00326089 -0.00086309 0.99999431
0.99997764 0.00375120 0.00553574 -0.00374839 0.99999284 -0.00051731 -0.00553764 0.00049654 0.99998454
0.99998636 0.00443062 0.00276539 -0.00442543 0.99998844 -0.00188068 -0.00277369 0.00186842 0.99999441
0.99998954 0.00363288 0.00277783 -0.00362526 0.99998967 -0.00274294 -0.00278777 0.00273284 0.99999238
0.99998449 0.00233850 0.00505502 -0.00234803 0.99999548 0.00187969 -0.00505060 -0.00189153 0.99998546
0.99999414 -0.00092767 0.00329420 0.00092321 0.99999866 0.00135462 -0.00329545 -0.00135157 0.99999366
0.99999883 -0.00024837 0.00150641 0.00024981 0.99999951 -0.00095404 -0.00150618 0.00095441 0.99999841
0.99999314 0.00267927 0.00255671 -0.00268040 0.99999631 0.00043987 -0.00255553 -0.00044672 0.99999663
0.99999319 0.00190206 0.00316249 -0.00191076 0.99999440 0.00274900 -0.00315724 -0.00275503 0.99999122
0.99999293 0.00343508 0.00152768 -0.00343835 0.99999180 0.00213979 -0.00152032 -0.00214503 0.99999654
0.99999876 -0.00129976 -0.00088490 0.00129917 0.99999893 -0.00066762 0.00088576 0.00066647 0.99999939
0.99998100 0.00079042 0.00611385 -0.00079082 0.99999969 0.00006375 -0.00611380 -0.00006858 0.99998131
0.99999649 -0.00034492 0.00262634 0.00034316 0.99999972 0.00067047 -0.00262657 -0.00066957 0.99999633
0.99999543 0.00074641 0.00293000 -0.00074903 0.99999932 0.00089228 -0.00292933 -0.00089447 0.99999531
0.99999015 0.00276861 0.00346788 -0.00276571 0.99999582 -0.00084043 -0.00347020 0.00083083 0.99999363
0.99993615 0.01038175 0.00446251 -0.01036667 0.99994052 -0.00338868 -0.00449742 0.00334220 0.99998430
0.99994514 0.01028331 0.00199420 -0.01026520 0.99990782 -0.00888674 -0.00208540 0.00886579 0.99995852
0.99994848 -0.01013237 0.00060785 0.01013536 0.99993537 -0.00515110 -0.00055562 0.00515699 0.99998655
0.99996766 -0.00797488 0.00104381 0.00797023 0.99995861 0.00438772 -0.00107876 -0.00437926 0.99998983
0.99999849 0.00173532 0.00002754 -0.00173551 0.99994457 0.01038524 -0.00000952 -0.01038527 0.99994607
0.99998430 0.00560236 -0.00006696 -0.00560159 0.99994798 0.00852367 0.00011471 -0.00852316 0.99996367
0.99998397 0.00475871 0.00306955 -0.00476766 0.99998439 0.00291438 -0.00305564 -0.00292897 0.99999104
0.99999073 0.00047768 0.00427982 -0.00048095 0.99999959 0.00076266 -0.00427945 -0.00076471 0.99999055
0.99996923 -0.00541703 0.00567334 0.00542706 0.99998374 -0.00175406 -0.00566374 0.00178479 0.99998237
0.99997880 -0.00495639 0.00422371 0.00497373 0.99997921 -0.00410484 -0.00420328 0.00412576 0.99998266
0.99999670 0.00121446 0.00226348 -0.00120924 0.99999661 -0.00230620 -0.00226627 0.00230346 0.99999478
0.99997789 -0.00052944 0.00662836 0.00053336 0.99999968 -0.00059026 -0.00662805 0.00059378 0.99997786
0.99997670 -0.00029995 0.00682010 0.00029242 0.99999935 0.00110517 -0.00682043 -0.00110315 0.99997613
0.99999311 0.00082268 0.00361942 -0.00082819 0.99999850 0.00152285 -0.00361816 -0.00152584 0.99999229
0.99998976 -0.00064335 0.00448023 0.00064498 0.99999973 -0.00036337 -0.00447999 0.00036625 0.99998990
0.99999670 0.00099115 0.00236979 -0.00099305 0.99999919 0.00080120 -0.00236900 -0.00080356 0.99999687
0.99999206 0.00122593 0.00379266 -0.00122538 0.99999924 -0.00014821 -0.00379284 0.00014356 0.99999280
0.99998130 -0.00186966 0.00582340 0.00186086 0.99999712 0.00151468 -0.00582621 -0.00150381 0.99998190
0.99997326 -0.00119279 0.00721538 0.00117087 0.99999469 0.00304037 -0.00721897 -0.00303184 0.99996935
0.99994453 -0.00068605 0.01051049 0.00065727 0.99999603 0.00274096 -0.01051233 -0.00273390 0.99994101
0.99995888 0.00026084 0.00906437 -0.00025046 0.99999931 -0.00114647 -0.00906466 0.00114416 0.99995826
0.99995074 0.00270224 0.00955106 -0.00267344 0.99999185 -0.00302653 -0.00955916 0.00300084 0.99994981
0.99997728 0.00359351 0.00570354 -0.00358839 0.99999315 -0.00090797 -0.00570677 0.00088748 0.99998332
0.99997897 0.00045679 0.00646955 -0.00045563 0.99999988 -0.00018146 -0.00646963 0.00017850 0.99997906
0.99997715 0.00486988 0.00468904 -0.00486011 0.99998600 -0.00209291 -0.00469916 0.00207007 0.99998682
0.99996804 0.00382466 -0.00702133 -0.00383439 0.99999171 -0.00137349 0.00701602 0.00140037 0.99997441
0.99999988 0.00027527 0.00040528 -0.00027525 0.99999996 -0.00006409 -0.00040530 0.00006398 0.99999992
0.99999958 -0.00017811 0.00090073 0.00017600 0.99999727 0.00233128 -0.00090115 -0.00233112 0.99999688
0.99999728 -0.00231496 -0.00030134 0.00231608 0.99999022 0.00376894 0.00029261 -0.00376962 0.99999285
0.99999054 -0.00434250 -0.00025093 0.00434386 0.99997429 0.00570466 0.00022615 -0.00570569 0.99998370
0.99998733 -0.00500283 -0.00056050 0.00500489 0.99998049 0.00373761 0.00054179 -0.00374037 0.99999286
0.99996744 0.00689000 -0.00420132 -0.00689631 0.99997511 -0.00149038 0.00419095 0.00151930 0.99999006
0.99997432 0.00716255 0.00024749 -0.00716119 0.99996123 -0.00512381 -0.00028418 0.00512191 0.99998684
0.99998641 0.00471163 -0.00223050 -0.00471533 0.99998751 -0.00165465 0.00222268 0.00166515 0.99999614
0.99999340 0.00189635 -0.00309972 -0.00190110 0.99999703 -0.00152813 0.00309681 0.00153402 0.99999403
0.99999661 -0.00215919 -0.00145772 0.00216038 0.99999733 0.00081627 0.00145595 -0.00081942 0.99999860
0.99999029 0.00027343 -0.00439803 -0.00027109 0.99999982 0.00053396 0.00439817 -0.00053276 0.99999019
0.99999794 0.00126881 -0.00158434 -0.00127342 0.99999494 -0.00291460 0.00158064 0.00291661 0.99999450
0.99997367 0.00708930 -0.00155226 -0.00708831 0.99997467 0.00064078 0.00155677 -0.00062976 0.99999859
0.99995378 0.00957157 0.00090336 -0.00957212 0.99995400 0.00060665 -0.00089751 -0.00061527 0.99999941
0.99996877 0.00755069 0.00233242 -0.00754749 0.99997057 -0.00137715 -0.00234275 0.00135951 0.99999633
0.99999778 0.00180971 -0.00108301 -0.00181055 0.99999806 -0.00077407 0.00108161 0.00077603 0.99999911
0.99999920 -0.00103329 -0.00073457 0.00103422 0.99999867 0.00126244 0.00073326 -0.00126319 0.99999893
0.99999441 -0.00038905 0.00332130 0.00038167 0.99999746 0.00222128 -0.00332216 -0.00222000 0.99999202
0.99999893 0.00134225 -0.00058460 -0.00134130 0.99999779 0.00162150 0.00058677 -0.00162072 0.99999851
0.99999560 0.00287898 -0.00071732 -0.00287984 0.99999514 -0.00119751 0.00071387 0.00119957 0.99999903
0.99999895 0.00121769 0.00078629 -0.00121592 0.99999673 -0.00224801 -0.00078903 0.00224705 0.99999716
0.99999562 -0.00001880 0.00296127 0.00002224 0.99999932 -0.00116209 -0.00296125 0.00116215 0.99999494
0.99999219 -0.00138832 0.00370019 0.00138372 0.99999827 0.00124498 -0.00370191 -0.00123985 0.99999238
0.99999743 -0.00152595 -0.00167435 0.00152858 0.99999760 0.00156934 0.00167195 -0.00157189 0.99999737
0.99999986 -0.00051573 -0.00014679 0.00051579 0.99999978 0.00040670 0.00014658 -0.00040677 0.99999991
0.99999951 0.00020017 -0.00096959 -0.00019994 0.99999995 0.00023850 0.00096964 -0.00023831 0.99999950
0.99999257 -0.00068332 -0.00379256 0.00068677 0.99999935 0.00090891 0.00379193 -0.00091151 0.99999240
0.99999990 0.00045241 -0.00000864 -0.00045241 0.99999952 0.00087301 0.00000903 -0.00087301 0.99999962
0.99999886 0.00104242 0.00109186 -0.00104161 0.99999918 -0.00074157 -0.00109263 0.00074043 0.99999913
0.99999815 0.00029488 -0.00190191 -0.00029755 0.99999897 -0.00140128 0.00190149 0.00140184 0.99999721
0.99999796 -0.00098833 0.00176245 0.00098723 0.99999932 0.00062599 -0.00176307 -0.00062425 0.99999825
0.99999877 -0.00030615 0.00153537 0.00030411 0.99999907 0.00133237 -0.00153578 -0.00133190 0.99999793
0.99999530 0.00238856 0.00192308 -0.00238860 0.99999715 0.00002062 -0.00192303 -0.00002521 0.99999815
0.99999889 0.00076100 0.00127788 -0.00076126 0.99999969 0.00020939 -0.00127772 -0.00021036 0.99999916
0.99999933 0.00077548 -0.00085734 -0.00077593 0.99999956 -0.00052589 0.00085693 0.00052655 0.99999949
0.99999964 -0.00074629 0.00039912 0.00074635 0.99999971 -0.00014288 -0.00039901 0.00014317 0.99999991
0.99999887 0.00027879 0.00147495 -0.00028138 0.99999841 0.00175946 -0.00147445 -0.00175987 0.99999736
0.99999948 0.00095572 0.00036642 -0.00095623 0.99999855 0.00140945 -0.00036507 -0.00140980 0.99999894
0.99999833 0.00050251 -0.00175635 -0.00050319 0.99999980 -0.00038723 0.00175615 0.00038811 0.99999838
0.99999360 -0.00033813 0.00356171 0.00033820 0.99999994 -0.00001760 -0.00356170 0.00001880 0.99999366
0.99999992 -0.00036761 0.00016678 0.00036777 0.99999949 -0.00094130 -0.00016643 0.00094136 0.99999954
0.99999910 -0.00027676 0.00131461 0.00027623 0.99999988 0.00040441 -0.00131473 -0.00040405 0.99999905
0.99999968 0.00036256 -0.00071184 -0.00036252 0.99999993 0.00005320 0.00071186 -0.00005294 0.99999975
0.99999990 -0.00006186 0.00043949 0.00006246 0.99999907 -0.00136099 -0.00043941 0.00136101 0.99999898
0.99999942 0.00105406 0.00020921 -0.00105387 0.99999901 -0.00092858 -0.00021019 0.00092836 0.99999955
0.99999350 -0.00039988 0.00358212 0.00039566 0.99999923 0.00117776 -0.00358259 -0.00117633 0.99999289
0.99999968 -0.00003232 -0.00080042 0.00003331 0.99999925 0.00122742 0.00080038 -0.00122745 0.99999893
0.99999999 0.00000820 -0.00013359 -0.00000799 0.99999884 0.00152358 0.00013360 -0.00152358 0.99999883
0.99999522 -0.00039591 0.00306683 0.00039731 0.99999982 -0.00045448 -0.00306665 0.00045570 0.99999519
0.99999846 -0.00175016 0.00015830 0.00175023 0.99999838 -0.00042927 -0.00015755 0.00042955 0.99999990
0.99999999 -0.00000961 -0.00012168 0.00000968 0.99999981 0.00061199 0.00012168 -0.00061199 0.99999981
0.99999919 0.00057420 -0.00113356 -0.00057354 0.99999966 0.00058459 0.00113389 -0.00058394 0.99999919
0.99999990 0.00039499 0.00019412 -0.00039499 0.99999992 -0.00002475 -0.00019413 0.00002467 0.99999998
0.99999995 0.00007457 0.00031767 -0.00007442 0.99999989 -0.00047193 -0.00031771 0.00047191 0.99999984
0.99999894 -0.00043568 0.00138602 0.00043424 0.99999937 0.00103961 -0.00138647 -0.00103901 0.99999850
0.99999553 0.00143169 -0.00262505 -0.00142669 0.99999717 0.00190484 0.00262777 -0.00190109 0.99999474
0.99999912 0.00082966 0.00103433 -0.00083036 0.99999943 0.00067555 -0.00103377 -0.00067641 0.99999924
0.99999953 0.00070968 0.00065813 -0.00070836 0.99999775 -0.00199933 -0.00065954 0.00199886 0.99999778
0.99999989 0.00009237 0.00044961 -0.00009116 0.99999637 -0.00269130 -0.00044986 0.00269126 0.99999628
0.99999982 -0.00049565 -0.00032434 0.00049556 0.99999984 -0.00028726 0.00032448 0.00028710 0.99999991
0.99999991 -0.00017236 0.00038824 0.00017126 0.99999603 0.00281346 -0.00038873 -0.00281339 0.99999597
0.99998521 -0.00061881 0.00540251 0.00060830 0.99999792 0.00194546 -0.00540371 -0.00194214 0.99998351
0.99999981 -0.00053137 0.00031782 0.00053149 0.99999980 -0.00035362 -0.00031763 0.00035379 0.99999989
0.99999998 -0.00010929 0.00017811 0.00010944 0.99999967 -0.00080489 -0.00017802 0.00080491 0.99999966
0.99998852 -0.00026084 -0.00478486 0.00025772 0.99999975 -0.00065354 0.00478503 0.00065230 0.99998834
0.99999840 -0.00175983 -0.00030814 0.00176008 0.99999811 0.00082980 0.00030667 -0.00083034 0.99999961
0.99999977 -0.00063422 0.00024560 0.00063391 0.99999902 0.00124682 -0.00024639 -0.00124667 0.99999919
0.99999970 0.00076875 0.00005133 -0.00076881 0.99999911 0.00109097 -0.00005049 -0.00109101 0.99999940
0.99999686 -0.00045132 -0.00246381 0.00045087 0.99999988 -0.00018305 0.00246390 0.00018194 0.99999695
0.99999976 -0.00060802 -0.00032446 0.00060813 0.99999976 0.00033028 0.00032426 -0.00033048 0.99999989
0.99999884 -0.00068780 0.00135680 0.00068543 0.99999824 0.00174527 -0.00135800 -0.00174434 0.99999756
0.99999943 0.00106109 0.00006591 -0.00106116 0.99999897 0.00096283 -0.00006489 -0.00096290 0.99999953
0.99999486 0.00186058 -0.00261127 -0.00185922 0.99999813 0.00052294 0.00261224 -0.00051808 0.99999645
0.99999503 -0.00117675 0.00292494 0.00117868 0.99999909 -0.00065837 -0.00292416 0.00066181 0.99999551
0.99999847 -0.00159296 -0.00072810 0.00159247 0.99999850 -0.00067861 0.00072918 0.00067745 0.99999950
0.99999950 -0.00071783 0.00069530 0.00071823 0.99999957 -0.00058221 -0.00069488 0.00058271 0.99999959
0.99999972 -0.00003733 -0.00074530 0.00003800 0.99999960 0.00088961 0.00074527 -0.00088964 0.99999933
0.99999931 -0.00092149 -0.00072289 0.00092278 0.99999797 0.00178977 0.00072124 -0.00179043 0.99999814
0.99999982 -0.00029490 -0.00052871 0.00029439 0.99999949 -0.00096482 0.00052900 0.00096466 0.99999939
0.99999547 0.00081125 -0.00289837 -0.00081154 0.99999967 -0.00010159 0.00289829 0.00010395 0.99999579
0.99999115 0.00082037 0.00412739 -0.00081953 0.99999964 -0.00020481 -0.00412756 0.00020143 0.99999146
0.99999952 0.00085666 -0.00047577 -0.00085623 0.99999922 0.00090622 0.00047654 -0.00090582 0.99999948
0.99999869 0.00079997 0.00140710 -0.00079999 0.99999968 0.00001158 -0.00140709 -0.00001270 0.99999901
0.99999840 0.00173180 -0.00044108 -0.00173168 0.99999846 0.00027759 0.00044156 -0.00027682 0.99999986
0.99999836 0.00179272 0.00025781 -0.00179268 0.99999838 -0.00018154 -0.00025814 0.00018108 0.99999995
0.99999978 0.00066258 0.00004666 -0.00066251 0.99999894 -0.00129659 -0.00004752 0.00129656 0.99999916
0.99999793 -0.00086518 -0.00184119 0.00086611 0.99999950 0.00050603 0.00184075 -0.00050762 0.99999818
0.99999995 -0.00014156 -0.00028879 0.00014202 0.99999872 0.00159428 0.00028856 -0.00159432 0.99999869
0.99999896 0.00081752 0.00119178 -0.00081889 0.99999900 0.00115184 -0.00119084 -0.00115282 0.99999863
0.99999919 0.00125367 0.00023053 -0.00125339 0.99999850 -0.00119473 -0.00023202 0.00119444 0.99999926
0.99999961 -0.00085110 0.00024337 0.00085154 0.99999796 -0.00183054 -0.00024182 0.00183074 0.99999829
0.99999971 -0.00047175 -0.00060441 0.00047086 0.99999881 -0.00147230 0.00060510 0.00147202 0.99999873
0.99999775 -0.00052312 -0.00205643 0.00052361 0.99999983 0.00023722 0.00205631 -0.00023830 0.99999786
0.99999428 -0.00135075 0.00310038 0.00134583 0.99999783 0.00159073 -0.00310253 -0.00158655 0.99999393
0.99999986 -0.00049606 0.00016552 0.00049588 0.99999927 0.00109855 -0.00016606 -0.00109847 0.99999938
0.99999982 -0.00029818 0.00052741 0.00029781 0.99999971 0.00069514 -0.00052762 -0.00069498 0.99999962
0.99999459 0.00048998 -0.00325383 -0.00049229 0.99999963 -0.00070961 0.00325348 0.00071121 0.99999445
0.99999972 0.00010935 -0.00073353 -0.00010986 0.99999975 -0.00069473 0.00073346 0.00069481 0.99999949
0.99999982 -0.00019888 0.00056877 0.00019871 0.99999994 0.00030040 -0.00056883 -0.00030028 0.99999979
0.99999990 -0.00042986 -0.00013262 0.00042993 0.99999977 0.00053302 0.00013239 -0.00053308 0.99999985
0.99999989 0.00047151 -0.00004837 -0.00047149 0.99999979 0.00045234 0.00004858 -0.00045232 0.99999990
0.99999958 0.00018325 -0.00089624 -0.00018343 0.99999996 -0.00020115 0.00089620 0.00020132 0.99999958
0.99999978 0.00002315 -0.00066743 -0.00002408 0.99999902 -0.00139923 0.00066740 0.00139924 0.99999880
1.00000000 0.00004255 0.00000397 -0.00004255 0.99999995 0.00032589 -0.00000395 -0.00032589 0.99999995
0.99999861 -0.00141725 0.00087298 0.00141649 0.99999862 0.00087191 -0.00087421 -0.00087067 0.99999924
0.99999905 -0.00049157 -0.00128638 0.00049193 0.99999984 0.00028449 0.00128624 -0.00028513 0.99999913
0.99999970 -0.00058798 -0.00050395 0.00058737 0.99999910 -0.00120373 0.00050466 0.00120344 0.99999915
0.99999742 -0.00223628 -0.00040380 0.00223567 0.99999637 -0.00150152 0.00040716 0.00150061 0.99999879
0.99999950 -0.00077203 0.00063202 0.00077189 0.99999968 0.00021063 -0.00063218 -0.00021014 0.99999978
0.99999962 -0.00064651 -0.00058596 0.00064715 0.99999920 0.00108753 0.00058526 -0.00108791 0.99999924
0.99999981 0.00056372 -0.00023620 -0.00056349 0.99999938 0.00096553 0.00023674 -0.00096540 0.99999951
0.99999726 -0.00056690 -0.00226992 0.00056749 0.99999980 0.00026168 0.00226977 -0.00026297 0.99999739
0.99999950 0.00076447 -0.00063716 -0.00076432 0.99999968 0.00023281 0.00063734 -0.00023232 0.99999977
0.99999099 -0.00057406 -0.00420598 0.00057085 0.99999954 -0.00076607 0.00420642 0.00076366 0.99999086
0.99999948 0.00005846 -0.00101706 -0.00005975 0.99999919 -0.00127011 0.00101698 0.00127017 0.99999868
0.99999971 0.00013860 -0.00074476 -0.00013919 0.99999968 -0.00078489 0.00074465 0.00078499 0.99999941
0.99999927 0.00003637 -0.00120939 -0.00003621 0.99999999 0.00013531 0.00120939 -0.00013527 0.99999926
0.99999964 0.00062513 0.00057419 -0.00062543 0.99999967 0.00052610 -0.00057386 -0.00052646 0.99999970
0.99999928 0.00052688 0.00107971 -0.00052673 0.99999985 -0.00014244 -0.00107979 0.00014187 0.99999941
0.99999723 0.00039388 -0.00232013 -0.00039359 0.99999991 0.00012528 0.00232018 -0.00012436 0.99999730
0.99999945 0.00076329 0.00072037 -0.00076278 0.99999946 -0.00070601 -0.00072091 0.00070546 0.99999949
0.99999678 -0.00010308 0.00253387 0.00010474 0.99999978 -0.00065651 -0.00253380 0.00065677 0.99999657
0.99999842 -0.00057376 0.00168397 0.00057307 0.99999975 0.00041231 -0.00168420 -0.00041134 0.99999850
0.99999927 -0.00060855 0.00104312 0.00060763 0.99999943 0.00087889 -0.00104365 -0.00087825 0.99999907
0.99999922 -0.00042017 -0.00117519 0.00042110 0.99999960 0.00079210 0.00117485 -0.00079259 0.99999900
0.99999343 -0.00057197 0.00357876 0.00057005 0.99999969 0.00053768 -0.00357907 -0.00053564 0.99999345
0.99999886 0.00107042 -0.00106681 -0.00107136 0.99999904 -0.00088284 0.00106587 0.00088398 0.99999904
0.99999939 0.00040788 0.00102691 -0.00040715 0.99999966 -0.00071367 -0.00102720 0.00071325 0.99999922
0.99999862 -0.00070002 0.00150888 0.00070028 0.99999974 -0.00016885 -0.00150876 0.00016990 0.99999885
0.99999969 -0.00018905 0.00077081 0.00018895 0.99999997 0.00013595 -0.00077084 -0.00013580 0.99999969
0.99999952 -0.00080089 -0.00056244 0.00080122 0.99999950 0.00059000 0.00056197 -0.00059045 0.99999967
0.99999972 0.00074016 0.00012723 -0.00074017 0.99999973 0.00003139 -0.00012720 -0.00003148 0.99999999
0.99999951 0.00067103 -0.00073371 -0.00067157 0.99999950 -0.00073993 0.00073322 0.00074043 0.99999946
0.99999951 0.00089598 -0.00042183 -0.00089622 0.99999944 -0.00055662 0.00042133 0.00055699 0.99999976
0.99999974 -0.00055376 -0.00046287 0.00055318 0.99999906 -0.00125333 0.00046357 0.00125307 0.99999911
0.99999996 0.00024991 -0.00013072 -0.00024980 0.99999962 0.00083934 0.00013093 -0.00083931 0.99999964
0.99999925 -0.00091685 -0.00080631 0.00091816 0.99999825 0.00162906 0.00080482 -0.00162980 0.99999835
0.99999967 -0.00057111 -0.00057956 0.00057193 0.99999884 0.00141140 0.00057875 -0.00141173 0.99999884
0.99999922 -0.00038121 -0.00118580 0.00038119 0.99999993 -0.00001629 0.00118581 0.00001584 0.99999930
0.99999870 -0.00088499 -0.00134482 0.00088350 0.99999899 -0.00111169 0.00134580 0.00111050 0.99999848
0.99999963 0.00014968 -0.00085070 -0.00015029 0.99999973 -0.00072335 0.00085059 0.00072348 0.99999938
0.99999894 0.00128046 -0.00068964 -0.00128098 0.99999890 -0.00075405 0.00068868 0.00075494 0.99999948
0.99998345 0.00029681 -0.00574496 -0.00029866 0.99999990 -0.00032080 0.00574487 0.00032251 0.99998345
0.99999792 -0.00072687 0.00190444 0.00072773 0.99999963 -0.00044914 -0.00190411 0.00045052 0.99999809
0.99999924 -0.00116231 0.00040333 0.00116248 0.99999923 -0.00043033 -0.00040283 0.00043080 0.99999983
0.99999834 0.00165209 -0.00077467 -0.00165148 0.99999833 0.00077796 0.00077595 -0.00077668 0.99999940
0.99999675 0.00158482 -0.00199926 -0.00158524 0.99999872 -0.00020954 0.00199892 0.00021270 0.99999798
0.99999810 0.00154258 -0.00119595 -0.00154325 0.99999865 -0.00056097 0.00119509 0.00056282 0.99999913
0.99999860 -0.00104976 -0.00130124 0.00104859 0.99999905 -0.00089513 0.00130217 0.00089376 0.99999875
0.99999723 -0.00112179 -0.00207037 0.00111994 0.99999897 -0.00089426 0.00207137 0.00089194 0.99999746
0.99999978 -0.00056187 -0.00036417 0.00056195 0.99999982 0.00019617 0.00036406 -0.00019637 0.99999991
0.99999950 0.00098534 -0.00014871 -0.00098502 0.99999722 0.00214337 0.00015083 -0.00214322 0.99999769
