1.00000000 0.00000000 0.00000000 0.00000000 1.00000000 0.00000000 0.00000000 0.00000000 1.00000000
0.99896034 -0.00346562 0.04545578 0.00369112 0.99998129 -0.00487789 -0.04543802 0.00504060 0.99895444
0.99896232 0.00119301 0.04552862 -0.00101621 0.99999185 -0.00390621 -0.04553291 0.00385589 0.99895540
0.99891993 0.00308153 0.04636250 -0.00298629 0.99999329 -0.00212346 -0.04636874 0.00198272 0.99892242
0.99888328 -0.00141595 0.04722496 0.00142714 0.99999896 -0.00020330 -0.04722462 0.00027047 0.99888426
0.99887707 0.00031366 0.04737624 -0.00023079 0.99999843 -0.00175456 -0.04737672 0.00174166 0.99887557
0.99892764 -0.00244323 0.04623410 0.00259630 0.99999134 -0.00325105 -0.04622576 0.00336760 0.99892534
0.99898215 -0.00145770 0.04508363 0.00155898 0.99999634 -0.00221137 -0.04508024 0.00227941 0.99898077
0.99894784 0.00058487 0.04585705 -0.00052180 0.99999890 -0.00138738 -0.04585781 0.00136199 0.99894705
0.99893300 0.00123630 0.04616645 -0.00128585 0.99999863 0.00104359 -0.04616510 -0.00110184 0.99893322
0.99888893 0.00120335 0.04711119 -0.00121301 0.99999925 0.00017636 -0.04711094 -0.00023331 0.99888964
0.99886521 0.00185361 0.04759045 -0.00189389 0.99999789 0.00080137 -0.04758887 -0.00089059 0.99886661
0.99890499 -0.00103206 0.04677344 0.00107372 0.99999905 -0.00086554 -0.04677250 0.00091481 0.99890515
0.99888256 -0.00136676 0.04724163 0.00139774 0.99999883 -0.00062274 -0.04724073 0.00068808 0.99888330
0.99891024 0.00110415 0.04665948 -0.00102629 0.99999804 -0.00169267 -0.04666126 0.00164294 0.99890942
0.99889057 -0.00280189 0.04700823 0.00279598 0.99999607 0.00019134 -0.04700858 -0.00005970 0.99889448
0.99889310 0.00188458 0.04700028 -0.00184208 0.99999785 -0.00094734 -0.04700197 0.00085972 0.99889443
0.99885558 0.00081053 0.04782119 -0.00068662 0.99999637 -0.00260735 -0.04782313 0.00257153 0.99885251
0.99884868 -0.00121858 0.04795646 0.00128573 0.99999824 -0.00136930 -0.04795470 0.00142938 0.99884849
0.99891048 0.00189160 0.04662922 -0.00181547 0.99999695 -0.00167501 -0.04663225 0.00158853 0.99891086
0.99893992 -0.00103829 0.04602131 0.00118675 0.99999418 -0.00319887 -0.04601772 0.00325010 0.99893534
0.99890996 -0.00119127 0.04666349 0.00127944 0.99999745 -0.00185982 -0.04666116 0.00191749 0.99890893
0.99896730 0.00019694 0.04543461 -0.00012134 0.99999860 -0.00166684 -0.04543487 0.00165961 0.99896592
0.99902539 -0.00302019 0.04403585 0.00300200 0.99999538 0.00047936 -0.04403710 -0.00034670 0.99902984
0.99909253 -0.00062911 0.04258778 0.00056850 0.99999881 0.00143526 -0.04258863 -0.00140975 0.99909170
0.99925767 0.00031914 0.03852294 -0.00021160 0.99999607 -0.00279563 -0.03852368 0.00278540 0.99925381
0.99936648 0.00057359 0.03558531 -0.00059422 0.99999966 0.00056910 -0.03558497 -0.00058988 0.99936648
0.99932781 -0.00158408 0.03662551 0.00154171 0.99999811 0.00118502 -0.03662732 -0.00112776 0.99932836
0.99938712 0.00034521 0.03500393 -0.00032551 0.99999979 -0.00056851 -0.03500412 0.00055677 0.99938701
0.99942039 0.00391007 0.03381723 -0.00384048 0.99999037 -0.00212242 -0.03382520 0.00199132 0.99942578
0.99948488 0.00143862 0.03206091 -0.00140112 0.99999831 -0.00119223 -0.03206257 0.00114670 0.99948521
0.99950192 -0.00091860 0.03154482 0.00093729 0.99999939 -0.00057790 -0.03154427 0.00060718 0.99950217
0.99949189 -0.00066306 0.03186717 0.00066516 0.99999978 -0.00005530 -0.03186712 0.00007646 0.99949211
0.99951183 0.00211925 0.03117074 -0.00214027 0.99999750 0.00064112 -0.03116930 -0.00070752 0.99951387
0.99954780 0.00045788 0.03006642 -0.00046829 0.99999983 0.00033939 -0.03006626 -0.00035331 0.99954785
0.99963327 -0.00219350 0.02699111 0.00220938 0.99999740 -0.00055862 -0.02698982 0.00061805 0.99963552
0.99966909 -0.00336238 0.02550295 0.00337819 0.99999413 -0.00057674 -0.02550086 0.00066271 0.99967458
0.99974023 -0.00347602 0.02252516 0.00348855 0.99999378 -0.00051695 -0.02252322 0.00059539 0.99974614
0.99978393 -0.00471455 0.02024530 0.00472076 0.99998882 -0.00025882 -0.02024386 0.00035434 0.99979501
0.99984429 -0.00343220 0.01730921 0.00342368 0.99999400 0.00052209 -0.01731089 -0.00046275 0.99985005
0.99987562 -0.00236310 0.01559346 0.00236340 0.99999721 -0.00000120 -0.01559342 0.00003805 0.99987841
0.99989057 -0.00143588 0.01472357 0.00142658 0.99999878 0.00064259 -0.01472448 -0.00062152 0.99989140
0.99992002 0.00087838 0.01261673 -0.00088492 0.99999948 0.00051261 -0.01261628 -0.00052374 0.99992027
0.99992397 0.00105902 0.01228581 -0.00105610 0.99999941 -0.00024386 -0.01228606 0.00023086 0.99992450
0.99993995 0.00098332 0.01091464 -0.00094570 0.99999360 -0.00345063 -0.01091796 0.00344010 0.99993448
0.99994654 0.00039247 0.01033309 -0.00035716 0.99999409 -0.00341824 -0.01033437 0.00341437 0.99994077
0.99995638 -0.00045339 0.00932910 0.00047608 0.99999693 -0.00243033 -0.00932797 0.00243466 0.99995353
0.99997370 0.00129341 0.00713671 -0.00128313 0.99999813 -0.00144463 -0.00713856 0.00143543 0.99997349
0.99998557 0.00136834 0.00519555 -0.00136267 0.99999847 -0.00109425 -0.00519704 0.00108716 0.99998590
0.99998943 -0.00063035 0.00455542 0.00063686 0.99999878 -0.00142801 -0.00455451 0.00143090 0.99998860
0.99998960 -0.00001958 0.00456031 0.00002705 0.99999865 -0.00164000 -0.00456028 0.00164010 0.99998826
0.99999227 -0.00187846 0.00345412 0.00188093 0.99999798 -0.00071375 -0.00345278 0.00072024 0.99999378
0.99999675 0.00015017 0.00254522 -0.00015302 0.99999936 0.00111679 -0.00254505 -0.00111717 0.99999614
0.99999769 -0.00102954 0.00188688 0.00102590 0.99999761 0.00193214 -0.00188886 -0.00193020 0.99999635
0.99999846 0.00034825 0.00171722 -0.00035001 0.99999941 0.00102593 -0.00171686 -0.00102653 0.99999800
0.99999180 -0.00367573 0.00169910 0.00367637 0.99999317 -0.00037130 -0.00169772 0.00037754 0.99999849
0.99999891 -0.00118146 0.00088364 0.00118139 0.99999930 0.00008211 -0.00088373 -0.00008107 0.99999961
0.99999691 -0.00244170 0.00046336 0.00244220 0.99999645 -0.00106718 -0.00046076 0.00106831 0.99999932
0.99999990 -0.00023817 -0.00038739 0.00023799 0.99999986 -0.00047144 0.00038750 0.00047134 0.99999981
0.99999881 0.00016408 -0.00153530 -0.00016676 0.99999846 -0.00174965 0.00153501 0.00174991 0.99999729
0.99999745 -0.00034050 -0.00223344 0.00034059 0.99999994 0.00004289 0.00223342 -0.00004365 0.99999750
0.99999715 0.00099201 -0.00217300 -0.00099053 0.99999928 0.00068026 0.00217368 -0.00067810 0.99999741
0.99999809 -0.00017497 -0.00194676 0.00017343 0.99999967 -0.00079185 0.00194690 0.00079151 0.99999779
0.99999757 0.00012736 -0.00220097 -0.00012998 0.99999928 -0.00119384 0.00220082 0.00119412 0.99999687
0.99999861 -0.00075995 -0.00148664 0.00075892 0.99999948 -0.00068691 0.00148716 0.00068578 0.99999866
0.99999808 0.00114275 -0.00159148 -0.00114253 0.99999934 0.00013914 0.00159163 -0.00013732 0.99999872
0.99999732 -0.00172746 -0.00154241 0.00173010 0.99999704 0.00171077 0.00153945 -0.00171343 0.99999735
0.99999765 -0.00198845 -0.00086120 0.00199013 0.99999611 0.00195448 0.00085731 -0.00195619 0.99999772
0.99999748 -0.00170858 -0.00145853 0.00170671 0.99999772 -0.00128047 0.00146071 0.00127798 0.99999812
0.99999513 -0.00250383 -0.00186495 0.00249978 0.99999451 -0.00217505 0.00187038 0.00217037 0.99999590
0.99999924 0.00055540 -0.00110381 -0.00055550 0.99999984 -0.00008667 0.00110376 0.00008728 0.99999939
0.99999935 -0.00103112 -0.00049672 0.00103099 0.99999944 -0.00024417 0.00049697 0.00024365 0.99999985
0.99999983 -0.00039411 -0.00043312 0.00039444 0.99999962 0.00077781 0.00043281 -0.00077798 0.99999960
0.99999138 -0.00346371 -0.00229023 0.00346501 0.99999384 0.00056231 0.00228827 -0.00057024 0.99999722
0.99999862 -0.00133614 -0.00098579 0.00133626 0.99999910 0.00011844 0.00098563 -0.00011976 0.99999951
0.99996289 -0.00837403 0.00202150 0.00837178 0.99996433 0.00111974 -0.00203080 -0.00110277 0.99999733
0.99999962 0.00071073 0.00050268 -0.00071024 0.99999926 -0.00099197 -0.00050339 0.00099162 0.99999938
0.99999785 0.00135015 0.00157273 -0.00134808 0.99999822 -0.00131668 -0.00157451 0.00131455 0.99999790
0.99999472 -0.00320451 0.00053226 0.00320544 0.99999331 -0.00176108 -0.00052661 0.00176277 0.99999831
0.99999788 0.00152963 0.00137590 -0.00153015 0.99999876 0.00037739 -0.00137532 -0.00037950 0.99999898
0.99999832 0.00037152 0.00179247 -0.00037135 0.99999993 -0.00009432 -0.00179250 0.00009365 0.99999839
0.99999598 0.00283470 0.00009774 -0.00283476 0.99999582 0.00056365 -0.00009614 -0.00056393 0.99999984
0.99999478 0.00040766 0.00320584 -0.00040284 0.99999879 -0.00150443 -0.00320644 0.00150313 0.99999373
0.99999381 0.00166990 0.00309775 -0.00166698 0.99999816 -0.00094403 -0.00309932 0.00093886 0.99999476
0.99999370 0.00018485 0.00354618 -0.00017985 0.99999899 -0.00140998 -0.00354644 0.00140933 0.99999272
0.99998308 0.00269525 0.00515485 -0.00269691 0.99999631 0.00031427 -0.00515398 -0.00032817 0.99998666
0.99998264 0.00253827 0.00531845 -0.00253887 0.99999677 0.00010713 -0.00531816 -0.00012063 0.99998585
0.99998450 0.00034176 0.00555807 -0.00033868 0.99999979 -0.00055468 -0.00555826 0.00055279 0.99998440
0.99998873 0.00008246 0.00474663 -0.00007263 0.99999785 -0.00207191 -0.00474679 0.00207154 0.99998659
0.99998745 0.00075946 0.00495211 -0.00074937 0.99999764 -0.00203998 -0.00495365 0.00203624 0.99998566
0.99999433 0.00164493 0.00293850 -0.00164011 0.99999731 -0.00163999 -0.00294119 0.00163516 0.99999434
0.99997685 0.00159663 0.00661467 -0.00158922 0.99999810 -0.00112453 -0.00661646 0.00111399 0.99997749
0.99997933 0.00179039 0.00617564 -0.00178224 0.99999753 -0.00132528 -0.00617799 0.00131425 0.99998005
0.99998693 0.00005036 0.00511228 -0.00004454 0.99999935 -0.00113956 -0.00511233 0.00113932 0.99998628
0.99998441 -0.00029348 0.00557654 0.00029900 0.99999947 -0.00098864 -0.00557625 0.00099029 0.99998396
0.99999286 -0.00058822 0.00373252 0.00059797 0.99999641 -0.00261110 -0.00373097 0.00261331 0.99998963
0.99998879 -0.00002132 0.00473443 0.00003161 0.99999764 -0.00217246 -0.00473437 0.00217258 0.99998643
0.99998375 0.00014030 0.00569873 -0.00013699 0.99999982 -0.00058117 -0.00569881 0.00058038 0.99998359
0.99998416 0.00178758 0.00533749 -0.00178009 0.99999743 -0.00140687 -0.00533999 0.00139735 0.99998477
0.99997738 0.00128055 0.00660354 -0.00126526 0.99999651 -0.00231889 -0.00660648 0.00231049 0.99997551
0.99999934 0.00104049 0.00048182 -0.00103867 0.99999239 -0.00376085 -0.00048573 0.00376034 0.99999281
0.99999381 -0.00047585 0.00348712 0.00047677 0.99999985 -0.00026355 -0.00348699 0.00026521 0.99999389
0.99998473 -0.00115535 0.00540488 0.00114270 0.99999661 0.00234126 -0.00540757 -0.00233505 0.99998265
0.99999955 0.00086138 0.00038799 -0.00086039 0.99999639 -0.00254717 -0.00039018 0.00254683 0.99999668
0.99999731 0.00032217 0.00229806 -0.00031959 0.99999931 -0.00112684 -0.00229842 0.00112610 0.99999672
0.99999421 0.00127955 0.00315336 -0.00127792 0.99999905 -0.00051901 -0.00315402 0.00051497 0.99999489
0.99998956 0.00153399 0.00430534 -0.00152907 0.99999818 -0.00114512 -0.00430709 0.00113852 0.99999008
0.99998297 0.00168728 0.00558624 -0.00167901 0.99999749 -0.00148399 -0.00558873 0.00147458 0.99998330
0.99998852 0.00120670 0.00463742 -0.00120727 0.99999926 0.00011955 -0.00463727 -0.00012514 0.99998924
0.99998791 -0.00021216 0.00491296 0.00021627 0.99999963 -0.00083584 -0.00491278 0.00083690 0.99998758
0.99998887 0.00048300 0.00469239 -0.00047285 0.99999755 -0.00216418 -0.00469343 0.00216193 0.99998665
0.99998939 0.00084830 0.00452705 -0.00084551 0.99999945 -0.00061697 -0.00452758 0.00061314 0.99998956
0.99998400 0.00064333 0.00561951 -0.00064247 0.99999978 -0.00015413 -0.00561961 0.00015052 0.99998420
0.99999326 -0.00040395 0.00364888 0.00040809 0.99999927 -0.00113402 -0.00364842 0.00113551 0.99999270
0.99998566 -0.00071641 0.00530653 0.00072576 0.99999819 -0.00176095 -0.00530526 0.00176478 0.99998437
0.99999072 0.00043104 0.00428624 -0.00042257 0.99999796 -0.00197745 -0.00428708 0.00197563 0.99998886
0.99999233 0.00018765 0.00391126 -0.00017738 0.99999654 -0.00262622 -0.00391174 0.00262551 0.99998890
0.99999165 0.00010679 0.00408403 -0.00010408 0.99999978 -0.00066146 -0.00408410 0.00066103 0.99999144
0.99999211 0.00080984 0.00388915 -0.00080431 0.99999866 -0.00142359 -0.00389030 0.00142045 0.99999142
0.99999333 -0.00030245 0.00363891 0.00030517 0.99999968 -0.00074521 -0.00363869 0.00074631 0.99999310
0.99998419 -0.00017142 0.00562142 0.00017626 0.99999961 -0.00086094 -0.00562127 0.00086192 0.99998383
0.99999048 -0.00231561 0.00369783 0.00231646 0.99999729 -0.00022679 -0.00369729 0.00023535 0.99999314
0.99999264 -0.00247583 0.00293173 0.00247501 0.99999690 0.00028429 -0.00293242 -0.00027703 0.99999566
0.99999437 -0.00133870 0.00307593 0.00133735 0.99999901 0.00044100 -0.00307651 -0.00043688 0.99999517
0.99999473 0.00047869 0.00321246 -0.00047935 0.99999986 0.00020430 -0.00321237 -0.00020584 0.99999482
0.99998378 -0.00417996 0.00386898 0.00418155 0.99999118 -0.00040273 -0.00386726 0.00041890 0.99999243
0.99998774 -0.00193821 0.00455624 0.00195103 0.99999415 -0.00281128 -0.00455076 0.00282013 0.99998567
0.99996921 -0.00439964 0.00649860 0.00441397 0.99998786 -0.00219226 -0.00648887 0.00222087 0.99997648
0.99996798 -0.00669012 0.00438990 0.00669519 0.99997694 -0.00114166 -0.00438216 0.00117101 0.99998971
0.99999474 0.00129414 0.00297472 -0.00128780 0.99999690 -0.00213029 -0.00297747 0.00212645 0.99999331
0.99998324 -0.00118043 0.00566886 0.00118182 0.99999927 -0.00024225 -0.00566857 0.00024894 0.99998390
0.99999255 0.00019013 0.00385525 -0.00019116 0.99999995 0.00026699 -0.00385520 -0.00026772 0.99999253
0.99997389 0.00109684 0.00714288 -0.00109534 0.99999938 -0.00021294 -0.00714310 0.00020511 0.99997447
0.99998179 -0.00103824 0.00594545 0.00104623 0.99999855 -0.00134093 -0.00594405 0.00134713 0.99998143
0.99997823 0.00111627 0.00650273 -0.00111156 0.99999912 -0.00072718 -0.00650354 0.00071994 0.99997859
0.99998584 0.00101110 0.00522543 -0.00100663 0.99999913 -0.00085678 -0.00522629 0.00085151 0.99998598
0.99998557 0.00009446 0.00537149 -0.00008738 0.99999913 -0.00131987 -0.00537161 0.00131938 0.99998470
0.99998735 -0.00034265 0.00501872 0.00034859 0.99999924 -0.00118281 -0.00501831 0.00118454 0.99998671
0.99998143 -0.00105758 0.00600174 0.00105900 0.99999941 -0.00023416 -0.00600149 0.00024051 0.99998196
0.99997182 -0.00158973 0.00733732 0.00159092 0.99999872 -0.00015630 -0.00733707 0.00016797 0.99997307
0.99997131 -0.00485386 0.00581546 0.00486191 0.99998724 -0.00137091 -0.00580873 0.00139914 0.99998215
0.99999872 -0.00024520 0.00157893 0.00024917 0.99999681 -0.00251541 -0.00157831 0.00251580 0.99999559
0.99998743 0.00080013 0.00494970 -0.00079855 0.99999963 -0.00032066 -0.00494996 0.00031670 0.99998770
0.99999156 0.00071774 0.00404519 -0.00071077 0.99999826 -0.00172491 -0.00404642 0.00172202 0.99999033
0.99999684 0.00081446 0.00237963 -0.00081068 0.99999841 -0.00158673 -0.00238091 0.00158479 0.99999591
0.99998791 0.00342798 0.00352418 -0.00342228 0.99999283 -0.00162181 -0.00352971 0.00160973 0.99999247
0.99999918 0.00013269 0.00127678 -0.00013095 0.99999907 -0.00135641 -0.00127696 0.00135624 0.99999826
0.99999985 0.00009260 -0.00054420 -0.00009303 0.99999968 -0.00079687 0.00054412 0.00079692 0.99999953
0.99999764 0.00001068 0.00217468 -0.00001260 0.99999961 0.00088242 -0.00217467 -0.00088245 0.99999725
0.99999557 0.00170241 0.00244172 -0.00170308 0.99999851 0.00027460 -0.00244124 -0.00027875 0.99999698
0.99998959 0.00165781 0.00425022 -0.00165474 0.99999837 -0.00072528 -0.00425141 0.00071824 0.99999070
0.99998996 0.00246657 0.00374120 -0.00246651 0.99999696 -0.00001928 -0.00374124 0.00001006 0.99999300
0.99999356 0.00189053 0.00305161 -0.00189136 0.99999818 0.00026786 -0.00305110 -0.00027363 0.99999531
0.99999626 0.00140877 0.00234244 -0.00140665 0.99999860 -0.00090755 -0.00234372 0.00090425 0.99999684
0.99999387 0.00155297 0.00313947 -0.00155199 0.99999875 -0.00031501 -0.00313996 0.00031013 0.99999502
0.99998473 0.00175630 0.00524017 -0.00175158 0.99999806 -0.00090565 -0.00524175 0.00089646 0.99998586
0.99999450 0.00162751 0.00288885 -0.00162549 0.99999843 -0.00070165 -0.00288999 0.00069695 0.99999558
0.99999119 0.00060958 0.00415344 -0.00060131 0.99999783 -0.00199399 -0.00415464 0.00199147 0.99998939
0.99999614 0.00094182 0.00261271 -0.00093825 0.99999862 -0.00136878 -0.00261400 0.00136632 0.99999565
0.99999207 0.00110835 0.00382563 -0.00110839 0.99999939 0.00000805 -0.00382562 -0.00001229 0.99999268
0.99998988 0.00229984 0.00386637 -0.00229591 0.99999684 -0.00102118 -0.00386870 0.00101230 0.99999200
0.99999144 0.00012329 0.00413578 -0.00012080 0.99999981 -0.00060300 -0.00413585 0.00060249 0.99999127
0.99999265 0.00019053 0.00382959 -0.00018646 0.99999942 -0.00106322 -0.00382979 0.00106250 0.99999210
0.99999203 -0.00047372 0.00396520 0.00048014 0.99999858 -0.00161777 -0.00396443 0.00161966 0.99999083
0.99999212 -0.00134230 0.00373495 0.00135098 0.99999639 -0.00232134 -0.00373183 0.00232637 0.99999033
0.99999560 -0.00106157 0.00276957 0.00106214 0.99999941 -0.00020642 -0.00276935 0.00020936 0.99999614
0.99999506 -0.00105942 0.00296041 0.00106749 0.99999572 -0.00272536 -0.00295751 0.00272850 0.99999190
0.99998906 -0.00191150 0.00426903 0.00192289 0.99999460 -0.00266522 -0.00426392 0.00267340 0.99998734
0.99999324 -0.00116355 0.00348843 0.00116783 0.99999857 -0.00122556 -0.00348700 0.00122963 0.99999316
0.99999346 0.00021058 0.00361053 -0.00020292 0.99999773 -0.00212269 -0.00361097 0.00212195 0.99999123
0.99999294 0.00161500 0.00339427 -0.00161055 0.99999784 -0.00131180 -0.00339638 0.00130633 0.99999338
0.99999204 -0.00076476 0.00391476 0.00077140 0.99999827 -0.00169462 -0.00391346 0.00169762 0.99999090
0.99999007 0.00128133 0.00426752 -0.00127586 0.99999836 -0.00128372 -0.00426916 0.00127826 0.99999007
0.99999067 0.00154932 0.00403288 -0.00154517 0.99999827 -0.00103310 -0.00403448 0.00102686 0.99999133
0.99999016 -0.00289004 0.00336469 0.00289424 0.99999504 -0.00124438 -0.00336107 0.00125410 0.99999357
0.99999591 -0.00116880 0.00260859 0.00116869 0.99999932 0.00004582 -0.00260865 -0.00004277 0.99999660
0.99999467 -0.00209160 0.00250820 0.00209558 0.99999654 -0.00158753 -0.00250487 0.00159278 0.99999559
0.99998791 0.00017236 0.00491438 -0.00017324 0.99999997 0.00018007 -0.00491435 -0.00018092 0.99998791
0.99999724 -0.00006474 0.00234924 0.00006394 0.99999994 0.00033898 -0.00234926 -0.00033883 0.99999718
0.99999439 -0.00062459 0.00329072 0.00062409 0.99999979 0.00015425 -0.00329081 -0.00015219 0.99999457
0.99998470 -0.00041438 0.00551596 0.00041423 0.99999991 0.00002824 -0.00551597 -0.00002596 0.99998479
0.99999176 0.00139336 0.00381342 -0.00138705 0.99999767 -0.00165621 -0.00381572 0.00165090 0.99999136
0.99999821 -0.00031912 0.00186344 0.00032624 0.99999264 -0.00382202 -0.00186221 0.00382262 0.99999096
0.99999898 0.00119403 0.00078954 -0.00119490 0.99999867 0.00111149 -0.00078821 -0.00111243 0.99999907
0.99999138 -0.00195019 0.00366610 0.00194033 0.99999450 0.00269016 -0.00367133 -0.00268303 0.99998966
0.99997174 -0.00011899 0.00751738 0.00010272 0.99999765 0.00216406 -0.00751762 -0.00216322 0.99996940
0.99998781 0.00185780 0.00457458 -0.00186296 0.99999763 0.00112363 -0.00457248 -0.00113213 0.99998891
0.99997995 -0.00002630 0.00633205 0.00002756 0.99999998 -0.00019984 -0.00633204 0.00020002 0.99997993
0.99997153 -0.00235475 0.00716863 0.00235443 0.99999723 0.00005357 -0.00716873 -0.00003669 0.99997430
0.99999116 -0.00072195 0.00414172 0.00072074 0.99999970 0.00029187 -0.00414193 -0.00028888 0.99999138
0.99998982 -0.00063096 0.00446724 0.00062652 0.99999931 0.00099625 -0.00446787 -0.00099344 0.99998953
0.99998590 0.00091020 0.00523135 -0.00091953 0.99999799 0.00178119 -0.00522972 -0.00178597 0.99998473
0.99997993 0.00268641 0.00573762 -0.00269011 0.99999618 0.00063684 -0.00573589 -0.00065226 0.99998334
0.99999256 0.00133631 0.00361951 -0.00133515 0.99999906 -0.00032311 -0.00361994 0.00031828 0.99999340
0.99996351 0.00208295 0.00828472 -0.00207567 0.99999745 -0.00088813 -0.00828655 0.00087090 0.99996529
0.99995703 -0.00015913 0.00926872 0.00017727 0.99999807 -0.00195635 -0.00926839 0.00195791 0.99995513
0.99998582 0.00012215 0.00532411 -0.00011986 0.99999990 -0.00042973 -0.00532417 0.00042909 0.99998573
0.99998547 0.00173473 0.00510402 -0.00173092 0.99999822 -0.00075237 -0.00510532 0.00074353 0.99998669
0.99997242 -0.00581991 0.00461353 0.00581353 0.99998213 0.00139435 -0.00462156 -0.00136749 0.99998839
0.99999213 -0.00053577 0.00392992 0.00053495 0.99999983 0.00021164 -0.00393004 -0.00020954 0.99999226
0.99997637 -0.00533823 0.00433233 0.00534096 0.99998554 -0.00061979 -0.00432895 0.00064292 0.99999042
0.99998106 0.00429626 0.00440595 -0.00428921 0.99998951 -0.00160826 -0.00441281 0.00158933 0.99998900
0.99998432 0.00361799 0.00427435 -0.00361044 0.99999191 -0.00177317 -0.00428073 0.00175771 0.99998929
0.99998914 0.00276055 0.00375545 -0.00276812 0.99999415 0.00201141 -0.00374987 -0.00202178 0.99999093
0.99999072 -0.00011898 0.00430589 0.00011413 0.99999936 0.00112771 -0.00430602 -0.00112721 0.99999009
0.99999352 0.00123950 0.00337854 -0.00123570 0.99999860 -0.00112694 -0.00337994 0.00112276 0.99999366
0.99999110 0.00253649 0.00337233 -0.00253535 0.99999673 -0.00034014 -0.00337318 0.00033159 0.99999426
0.99999112 0.00294372 0.00301505 -0.00295090 0.99999282 0.00237873 -0.00300802 -0.00238760 0.99999263
0.99998883 0.00246595 0.00403124 -0.00247001 0.99999645 0.00100357 -0.00402875 -0.00101351 0.99999137
0.99998885 0.00034782 0.00471026 -0.00034308 0.99999943 -0.00100861 -0.00471061 0.00100698 0.99998840
0.99999830 -0.00144866 0.00114019 0.00144856 0.99999895 0.00009314 -0.00114032 -0.00009149 0.99999935
0.99999530 0.00008269 0.00306485 -0.00008386 0.99999992 0.00038287 -0.00306482 -0.00038313 0.99999523
0.99999004 0.00179781 0.00408511 -0.00180405 0.99999721 0.00152270 -0.00408236 -0.00153005 0.99999050
0.99999039 0.00315929 0.00304002 -0.00315751 0.99999484 -0.00058980 -0.00304186 0.00058019 0.99999521
0.99983798 0.01776867 0.00287988 -0.01777612 0.99983866 0.00258126 -0.00283355 -0.00263204 0.99999252
0.99995971 0.00804539 0.00398062 -0.00800728 0.99992281 -0.00950002 -0.00405675 0.00946777 0.99994695
0.99994697 -0.00977936 0.00322869 0.00979533 0.99993968 -0.00496876 -0.00317991 0.00500013 0.99998244
0.99997762 -0.00666598 0.00056799 0.00666331 0.99996732 0.00457797 -0.00059849 -0.00457409 0.99998936
0.99999717 -0.00043042 0.00234025 0.00040604 0.99994575 0.01040815 -0.00234461 -0.01040717 0.99994310
0.99996768 0.00721125 0.00355503 -0.00724155 0.99993692 0.00858575 -0.00349289 -0.00861122 0.99995682
0.99997428 0.00613059 0.00372259 -0.00614165 0.99997674 0.00296687 -0.00370432 -0.00298965 0.99998867
0.99999335 0.00178621 0.00318057 -0.00178508 0.99999834 -0.00036010 -0.00318121 0.00035442 0.99999488
0.99998437 -0.00524389 0.00193996 0.00524884 0.99998296 -0.00255680 -0.00192652 0.00256694 0.99999485
0.99998581 -0.00494979 0.00196834 0.00495925 0.99997604 -0.00482915 -0.00194439 0.00483884 0.99998640
0.99999450 -0.00133287 0.00303652 0.00134126 0.99999529 -0.00276178 -0.00303282 0.00276583 0.99999158
0.99999385 -0.00048180 0.00347248 0.00048141 0.99999988 0.00011348 -0.00347253 -0.00011181 0.99999396
0.99999489 -0.00097490 0.00304420 0.00096962 0.99999802 0.00173520 -0.00304588 -0.00173224 0.99999386
0.99999609 -0.00056321 0.00273847 0.00055902 0.99999867 0.00153226 -0.00273932 -0.00153072 0.99999508
0.99999718 -0.00122688 0.00203231 0.00122678 0.99999925 0.00005029 -0.00203237 -0.00004779 0.99999793
0.99999842 0.00009950 0.00177700 -0.00009970 0.99999999 0.00011621 -0.00177699 -0.00011639 0.99999841
0.99999379 0.00315325 0.00157524 -0.00315372 0.99999498 0.00030108 -0.00157429 -0.00030604 0.99999871
0.99993975 -0.01089123 0.00136696 0.01088813 0.99993817 0.00225918 -0.00139148 -0.00224416 0.99999651
0.99999214 -0.00394691 0.00037103 0.00394559 0.99998604 0.00351342 -0.00038490 -0.00351193 0.99999376
0.99999663 -0.00230390 -0.00120031 0.00230573 0.99999618 0.00152382 0.00119680 -0.00152658 0.99999812
0.99999873 0.00093225 0.00129221 -0.00093061 0.99999876 -0.00126798 -0.00129339 0.00126677 0.99999836
0.99998286 0.00540284 -0.00225540 -0.00541384 0.99997335 -0.00489778 0.00222888 0.00490991 0.99998546
0.99999352 0.00172497 0.00316069 -0.00172286 0.99999829 -0.00066973 -0.00316184 0.00066428 0.99999478
0.99999996 -0.00004539 0.00028528 0.00004514 0.99999961 0.00088076 -0.00028532 -0.00088075 0.99999957
0.99999895 0.00116298 0.00086870 -0.00116263 0.99999924 -0.00040822 -0.00086917 0.00040721 0.99999954
0.99999298 0.00365830 0.00080435 -0.00365725 0.99999245 -0.00131337 -0.00080915 0.00131042 0.99999881
0.99999907 0.00120686 0.00064064 -0.00120677 0.99999926 -0.00013603 -0.00064080 0.00013526 0.99999979
0.99999968 -0.00044378 0.00066162 0.00044224 0.99999718 0.00233333 -0.00066266 -0.00233303 0.99999706
0.99998924 -0.00463524 -0.00020076 0.00463583 0.99998449 0.00308554 0.00018646 -0.00308644 0.99999522
0.99996250 -0.00854360 -0.00141430 0.00854973 0.99995384 0.00438433 0.00137678 -0.00439626 0.99998939
0.99999248 -0.00342760 -0.00181578 0.00343516 0.99998538 0.00417584 0.00180144 -0.00418205 0.99998963
0.99997724 0.00639593 -0.00214586 -0.00640086 0.99997687 -0.00229760 0.00213111 0.00231128 0.99999506
0.99996443 0.00840669 -0.00067669 -0.00841014 0.99995071 -0.00527626 0.00063230 0.00528177 0.99998585
0.99995143 0.00953005 -0.00251222 -0.00953312 0.99995382 -0.00121257 0.00250055 0.00123646 0.99999611
0.99999758 0.00188828 0.00112779 -0.00188619 0.99999650 -0.00185363 -0.00113129 0.00185150 0.99999765
0.99998765 -0.00209622 -0.00450722 0.00209981 0.99999748 0.00079352 0.00450554 -0.00080297 0.99998953
0.99998967 -0.00017653 -0.00454116 0.00017707 0.99999998 0.00011881 0.00454114 -0.00011962 0.99998968
0.99999359 0.00195623 -0.00299776 -0.00196612 0.99999262 -0.00330114 0.00299128 0.00330702 0.99999006
0.99997193 0.00715599 -0.00221849 -0.00715543 0.99997437 0.00025847 0.00222028 -0.00024259 0.99999751
0.99996287 0.00855244 -0.00105718 -0.00855155 0.99996309 0.00083628 0.00106429 -0.00082721 0.99999909
0.99999710 0.00235454 -0.00051495 -0.00235639 0.99999066 -0.00362229 0.00050641 0.00362349 0.99999331
0.99998992 -0.00441499 -0.00081981 0.00441297 0.99998729 -0.00243992 0.00083057 0.00243628 0.99999669
0.99999107 -0.00387015 -0.00169851 0.00387146 0.99999221 0.00076405 0.00169554 -0.00077062 0.99999827
0.99998887 -0.00437250 -0.00177042 0.00437488 0.99998953 0.00134149 0.00176453 -0.00134922 0.99999753
0.99999650 0.00192148 -0.00182147 -0.00191937 0.99999749 0.00115833 0.00182369 -0.00115483 0.99999767
0.99999867 0.00117420 -0.00113332 -0.00117656 0.99999714 -0.00208404 0.00113087 0.00208537 0.99999719
1.00000000 0.00000000 0.00000000 0.00000000 1.00000000 0.00000000 0.00000000 0.00000000 1.00000000
0.99992822 0.01184225 -0.00181893 -0.01183938 0.99992867 0.00157699 0.00183747 -0.00155534 0.99999710
0.99998813 0.00444677 -0.00199265 -0.00443743 0.99997926 0.00466728 0.00201336 -0.00465838 0.99998712
0.99999841 -0.00124331 -0.00128159 0.00124524 0.99999809 0.00150568 0.00127972 -0.00150728 0.99999805
0.99999394 -0.00318826 -0.00140115 0.00318753 0.99999478 -0.00052069 0.00140280 0.00051622 0.99999888
0.99999577 -0.00269052 -0.00110119 0.00268889 0.99999529 -0.00147682 0.00110516 0.00147385 0.99999830
0.99999891 -0.00112724 -0.00095009 0.00112741 0.99999935 0.00017806 0.00094989 -0.00017913 0.99999953
0.99999408 -0.00307630 -0.00154295 0.00307398 0.99999414 -0.00150420 0.00154756 0.00149945 0.99999768
0.99999851 -0.00139426 -0.00101543 0.00139166 0.99999576 -0.00255739 0.00101899 0.00255597 0.99999621
0.99999985 0.00012827 -0.00052700 -0.00012902 0.99999898 -0.00142116 0.00052681 0.00142123 0.99999885
0.99995703 -0.00925748 -0.00048496 0.00925663 0.99995566 -0.00173262 0.00050098 0.00172806 0.99999838
0.99999918 0.00121293 -0.00041498 -0.00121227 0.99999803 0.00156941 0.00041688 -0.00156890 0.99999868
0.99999783 0.00196578 -0.00068872 -0.00196475 0.99999696 0.00148801 0.00069165 -0.00148665 0.99999866
0.99996284 0.00861516 0.00032574 -0.00861606 0.99995882 0.00285149 -0.00030116 -0.00285419 0.99999588
0.99999972 0.00021857 0.00071866 -0.00021812 0.99999978 -0.00062250 -0.00071880 0.00062234 0.99999955
0.99999517 0.00310549 0.00008793 -0.00310559 0.99999460 0.00107702 -0.00008458 -0.00107728 0.99999942
0.99999884 -0.00151848 0.00012472 0.00151838 0.99999853 0.00079100 -0.00012592 -0.00079081 0.99999968
0.99997735 -0.00668251 0.00080106 0.00668440 0.99997483 -0.00238045 -0.00078513 0.00238575 0.99999685
0.99999687 0.00249155 0.00021674 -0.00249167 0.99999677 0.00051000 -0.00021547 -0.00051054 0.99999985
0.99997988 0.00633311 0.00036611 -0.00633364 0.99997888 0.00146101 -0.00035685 -0.00146330 0.99999887
0.99991466 -0.01304849 0.00064157 0.01305288 0.99988741 -0.00740141 -0.00054492 0.00740915 0.99997240
0.99997061 -0.00766220 0.00025453 0.00766291 0.99996640 -0.00291226 -0.00023220 0.00291413 0.99999573
0.99997173 -0.00751684 0.00021415 0.00751734 0.99996883 -0.00241592 -0.00019599 0.00241746 0.99999706
0.99999649 -0.00260748 0.00046422 0.00260817 0.99999548 -0.00149754 -0.00046031 0.00149874 0.99999877
0.99990985 -0.01337981 0.00112819 0.01338890 0.99987445 -0.00847476 -0.00101466 0.00848910 0.99996345
0.99998827 -0.00480996 0.00056306 0.00481086 0.99998713 -0.00161299 -0.00055529 0.00161568 0.99999854
0.99997556 -0.00699160 -0.00002949 0.00699157 0.99997513 -0.00092080 0.00003592 0.00092057 0.99999958
0.99999930 0.00113671 -0.00032824 -0.00113610 0.99999765 0.00184574 0.00033033 -0.00184537 0.99999824
0.99999974 -0.00068124 -0.00023534 0.00068098 0.99999918 -0.00108712 0.00023608 0.00108696 0.99999938
0.99999973 0.00069089 -0.00023458 -0.00069086 0.99999975 0.00013317 0.00023467 -0.00013301 0.99999996
0.99999953 -0.00081787 -0.00052302 0.00081809 0.99999957 0.00042717 0.00052267 -0.00042760 0.99999977
0.99999824 0.00186942 -0.00013441 -0.00186929 0.99999782 0.00093386 0.00013616 -0.00093361 0.99999955
0.99986505 0.01642821 -0.00006249 -0.01642742 0.99984279 0.00667372 0.00017212 -0.00667179 0.99997773
0.99999977 0.00064329 0.00019472 -0.00064319 0.99999965 -0.00053131 -0.00019506 0.00053118 0.99999984
0.99999742 0.00227166 -0.00006038 -0.00227150 0.99999426 0.00251343 0.00006609 -0.00251328 0.99999684
0.99999445 0.00333130 0.00000279 -0.00333130 0.99999049 0.00281599 0.00000659 -0.00281598 0.99999604
0.99999963 -0.00081367 0.00028726 0.00081371 0.99999966 -0.00012788 -0.00028716 0.00012811 0.99999995
0.99999817 0.00157655 0.00108031 -0.00157417 0.99999633 -0.00220311 -0.00108378 0.00220141 0.99999699
0.99996009 0.00893322 0.00014402 -0.00893298 0.99995887 -0.00156602 -0.00015800 0.00156467 0.99999876
0.99994554 0.01035434 0.00130855 -0.01036700 0.99989559 0.01006674 -0.00120418 -0.01007976 0.99994847
0.99999991 -0.00039191 -0.00014756 0.00039225 0.99999714 0.00235978 0.00014663 -0.00235983 0.99999720
0.99999984 -0.00053520 -0.00018955 0.00053559 0.99999772 0.00206793 0.00018844 -0.00206803 0.99999784
0.99999894 -0.00135465 -0.00054218 0.00135384 0.99999796 -0.00149615 0.00054420 0.00149541 0.99999873
0.99999416 0.00323434 0.00110648 -0.00324061 0.99997842 0.00571545 -0.00108797 -0.00571901 0.99998305
0.99999999 -0.00001180 -0.00012654 0.00001173 0.99999987 -0.00051588 0.00012654 0.00051588 0.99999986
0.99996083 0.00884393 0.00035981 -0.00884729 0.99990268 0.01078699 -0.00026438 -0.01078975 0.99994175
0.99999968 -0.00079931 0.00003519 0.00079926 0.99999898 0.00118356 -0.00003614 -0.00118353 0.99999930
0.99999864 -0.00159092 -0.00043731 0.00159079 0.99999869 -0.00029441 0.00043778 0.00029371 0.99999986
0.99999762 0.00214933 -0.00036126 -0.00214903 0.99999735 0.00082801 0.00036304 -0.00082723 0.99999959
0.99999541 -0.00296201 -0.00064232 0.00296105 0.99999451 -0.00148996 0.00064673 0.00148805 0.99999868
0.99999970 -0.00037413 -0.00068021 0.00037478 0.99999948 0.00094558 0.00067985 -0.00094583 0.99999932
0.99987164 -0.01601941 0.00027913 0.01602104 0.99984444 -0.00737743 -0.00016091 0.00738095 0.99997275
0.99999812 0.00174358 -0.00084902 -0.00174308 0.99999831 0.00059158 0.00085005 -0.00059010 0.99999946
0.99999965 -0.00039728 -0.00073111 0.00039625 0.99999891 -0.00141917 0.00073167 0.00141888 0.99999873
0.99998275 -0.00581386 -0.00083803 0.00581164 0.99997964 -0.00263438 0.00085332 0.00262946 0.99999618
0.99996944 -0.00379613 0.00683496 0.00376285 0.99998104 0.00487547 -0.00685334 -0.00484960 0.99996476
0.99999155 -0.00083899 0.00402360 0.00083650 0.99999946 0.00062090 -0.00402412 -0.00061753 0.99999171
0.99999071 0.00414483 -0.00118067 -0.00413593 0.99996372 0.00744696 0.00121149 -0.00744200 0.99997157
0.99986923 0.01614315 -0.00095630 -0.01613359 0.99982675 0.00928354 0.00110600 -0.00926690 0.99995645
0.99999578 0.00271134 -0.00104664 -0.00271081 0.99999619 0.00051236 0.00104803 -0.00050952 0.99999932
0.99974143 0.02265430 -0.00196307 -0.02263281 0.99969022 0.01035453 0.00219703 -0.01030742 0.99994446
0.99999912 -0.00016854 -0.00131824 0.00016851 0.99999999 -0.00002031 0.00131825 0.00002009 0.99999913
0.99999542 0.00290044 -0.00085994 -0.00289929 0.99999490 0.00134243 0.00086383 -0.00133993 0.99999873
0.99975287 0.02220358 -0.00109440 -0.02218508 0.99964553 0.01471849 0.00142082 -0.01469057 0.99989108
0.99994592 -0.01038544 -0.00054166 0.01038223 0.99993031 -0.00562026 0.00059999 0.00561434 0.99998406
0.99999883 0.00151175 -0.00023833 -0.00151207 0.99999798 -0.00132133 0.00023633 0.00132169 0.99999910
0.99999354 0.00344170 -0.00103394 -0.00343948 0.99999177 0.00215023 0.00104133 -0.00214666 0.99999715
0.99999920 -0.00096661 -0.00081408 0.00096645 0.99999951 -0.00019687 0.00081427 0.00019608 0.99999965
0.99999316 -0.00369746 0.00007659 0.00369760 0.99999140 -0.00187809 -0.00006965 0.00187836 0.99999823
0.99999996 0.00016748 0.00020932 -0.00016713 0.99999859 -0.00167064 -0.00020960 0.00167060 0.99999858
0.99999070 -0.00431268 -0.00000254 0.00431265 0.99998385 -0.00370179 0.00001850 0.00370174 0.99999315
0.99999259 -0.00379411 -0.00064683 0.00379184 0.99998678 -0.00347424 0.00066001 0.00347176 0.99999376
0.99999991 -0.00024457 -0.00033328 0.00024458 0.99999997 0.00004813 0.00033327 -0.00004821 0.99999994
0.99999430 -0.00337410 -0.00011801 0.00337407 0.99999428 -0.00024657 0.00011884 0.00024617 0.99999996
0.99999974 -0.00066028 -0.00027408 0.00066061 0.99999907 0.00119590 0.00027329 -0.00119609 0.99999925
0.99999965 0.00083472 0.00011221 -0.00083472 0.99999965 -0.00001251 -0.00011222 0.00001242 0.99999999
0.99999206 0.00392847 -0.00066207 -0.00392671 0.99998879 0.00264719 0.00067246 -0.00264457 0.99999628
0.99999928 0.00108604 -0.00050079 -0.00108642 0.99999913 -0.00075127 0.00049997 0.00075181 0.99999959
0.99999989 0.00046228 -0.00005130 -0.00046226 0.99999987 0.00023291 0.00005141 -0.00023289 0.99999997
0.99999876 0.00148290 -0.00052726 -0.00148242 0.99999848 0.00091636 0.00052862 -0.00091557 0.99999944
0.99999926 0.00110886 -0.00050848 -0.00110886 0.99999939 -0.00000020 0.00050848 0.00000076 0.99999987
0.99999979 0.00064162 -0.00005764 -0.00064162 0.99999979 -0.00009978 0.00005758 0.00009982 0.99999999
0.99999779 0.00198712 -0.00069211 -0.00198740 0.99999794 -0.00040343 0.00069131 0.00040481 0.99999968
0.99999973 -0.00014884 -0.00071601 0.00014906 0.99999994 0.00031189 0.00071596 -0.00031200 0.99999970
0.99999967 -0.00006704 -0.00081315 0.00006766 0.99999971 0.00076437 0.00081310 -0.00076443 0.99999938
0.99999962 0.00048964 -0.00072427 -0.00048928 0.99999975 0.00050695 0.00072452 -0.00050660 0.99999961
0.99999905 0.00130085 -0.00044919 -0.00130118 0.99999888 -0.00073511 0.00044824 0.00073569 0.99999963
0.99999967 -0.00054229 -0.00061087 0.00054138 0.99999874 -0.00149199 0.00061168 0.00149166 0.99999870
0.99999937 -0.00056310 -0.00097233 0.00056344 0.99999978 0.00034670 0.00097213 -0.00034725 0.99999947
0.99999912 -0.00102518 -0.00084623 0.00102595 0.99999906 0.00091492 0.00084529 -0.00091578 0.99999922
0.99999932 0.00037194 -0.00110310 -0.00037144 0.99999983 0.00045907 0.00110327 -0.00045866 0.99999929
0.99999920 -0.00109245 -0.00063769 0.00109176 0.99999883 -0.00106952 0.00063885 0.00106882 0.99999922
0.99999958 0.00043535 -0.00080243 -0.00043532 0.99999990 0.00003965 0.00080245 -0.00003930 0.99999968
0.99999921 0.00102680 -0.00072933 -0.00102702 0.99999943 -0.00029205 0.00072903 0.00029280 0.99999969
0.99999953 0.00051586 -0.00082600 -0.00051684 0.99999917 -0.00117752 0.00082540 0.00117795 0.99999897
0.99999017 0.00432455 -0.00098364 -0.00432297 0.99998938 0.00159989 0.00099054 -0.00159562 0.99999824
0.99999909 0.00122507 -0.00057028 -0.00122496 0.99999923 0.00019708 0.00057052 -0.00019638 0.99999982
0.99999958 0.00075022 -0.00052915 -0.00075032 0.99999970 -0.00018842 0.00052901 0.00018882 0.99999984
1.00000000 0.00000776 -0.00005203 -0.00000781 0.99999966 -0.00082982 0.00005202 0.00082983 0.99999965
0.99999877 0.00157073 -0.00001945 -0.00157073 0.99999875 0.00016842 0.00001971 -0.00016839 0.99999999
0.99999939 0.00105250 -0.00034618 -0.00105287 0.99999886 -0.00108438 0.00034504 0.00108474 0.99999935
0.99999987 0.00039312 0.00033657 -0.00039282 0.99999953 -0.00088695 -0.00033692 0.00088682 0.99999955
0.99999977 -0.00064807 -0.00017910 0.00064803 0.99999976 -0.00023031 0.00017924 0.00023019 0.99999996
0.99999991 -0.00032015 0.00026190 0.00031999 0.99999977 0.00060019 -0.00026209 -0.00060011 0.99999979
0.99999979 -0.00045152 0.00045603 0.00045118 0.99999963 0.00073098 -0.00045636 -0.00073077 0.99999963
0.99999999 -0.00010144 0.00006492 0.00010145 0.99999999 -0.00013012 -0.00006490 0.00013013 0.99999999
0.99999900 -0.00141036 0.00007879 0.00141060 0.99999428 -0.00307350 -0.00007446 0.00307360 0.99999527
0.99999988 -0.00030239 -0.00038198 0.00030202 0.99999950 -0.00095782 0.00038227 0.00095770 0.99999947
0.99997420 -0.00708416 -0.00118954 0.00708076 0.99997091 -0.00283433 0.00120959 0.00282583 0.99999528
0.99999927 -0.00119236 0.00019876 0.00119248 0.99999911 -0.00060636 -0.00019803 0.00060660 0.99999980
0.99999930 -0.00037882 -0.00111853 0.00037912 0.99999989 0.00026670 0.00111843 -0.00026712 0.99999934
0.99999968 -0.00057802 -0.00055742 0.00057746 0.99999933 -0.00100137 0.00055800 0.00100105 0.99999934
0.99999752 -0.00201289 -0.00095233 0.00200991 0.99999311 -0.00312041 0.00095861 0.00311849 0.99999468
0.99999332 -0.00364654 -0.00023592 0.00364513 0.99997700 -0.00571997 0.00025677 0.00571907 0.99998361
0.99999931 0.00064489 -0.00098229 -0.00064556 0.99999956 -0.00068317 0.00098185 0.00068381 0.99999928
0.99999892 -0.00126711 -0.00074500 0.00126679 0.99999910 -0.00043203 0.00074555 0.00043108 0.99999963
0.99998653 0.00501307 -0.00134485 -0.00500738 0.99997864 0.00420091 0.00136588 -0.00419412 0.99999027
0.99999949 0.00058628 -0.00081760 -0.00058488 0.99999838 0.00170069 0.00081859 -0.00170021 0.99999822
0.99994258 -0.01070840 -0.00040046 0.01070528 0.99991734 -0.00712071 0.00047668 0.00711602 0.99997457
0.99999438 -0.00316359 -0.00111062 0.00315917 0.99998716 -0.00396197 0.00112314 0.00395844 0.99999153
0.99999842 -0.00131164 -0.00120010 0.00130948 0.99999752 -0.00180210 0.00120246 0.00180053 0.99999766
0.99999951 0.00016006 -0.00098079 -0.00016151 0.99999889 -0.00148060 0.00098056 0.00148075 0.99999842
0.99999643 0.00253982 -0.00083020 -0.00253926 0.99999655 0.00067146 0.00083191 -0.00066935 0.99999943
0.99999930 -0.00016848 -0.00116835 0.00016737 0.99999953 -0.00095046 0.00116851 0.00095026 0.99999887
0.99999972 0.00010269 -0.00074159 -0.00010288 0.99999996 -0.00025173 0.00074156 0.00025180 0.99999969
0.99999811 0.00170631 -0.00093132 -0.00170581 0.99999840 0.00053415 0.00093223 -0.00053256 0.99999942
0.99999986 -0.00022493 -0.00047497 0.00022366 0.99999640 -0.00267297 0.00047557 0.00267286 0.99999631
0.99999819 0.00182137 -0.00054303 -0.00182133 0.99999834 0.00007266 0.00054316 -0.00007167 0.99999985
0.99999602 -0.00258487 -0.00113341 0.00258285 0.99999509 -0.00177210 0.00113799 0.00176916 0.99999779
0.99999925 -0.00065660 -0.00103374 0.00065544 0.99999916 -0.00111713 0.00103447 0.00111645 0.99999884
0.99995179 0.00978765 -0.00079036 -0.00978529 0.99994783 0.00292898 0.00081898 -0.00292111 0.99999540
0.99999664 -0.00257110 -0.00032688 0.00257104 0.99999668 -0.00018633 0.00032735 0.00018549 0.99999993
