0.99999719 -0.00236568 0.00011705 0.00236530 0.99999232 0.00312521 -0.00012444 -0.00312492 0.99999511
0.99999840 -0.00111150 -0.00140332 0.00111277 0.99999897 0.00090419 0.00140231 -0.00090575 0.99999861
0.99999871 0.00078078 -0.00140354 -0.00078086 0.99999969 -0.00005202 0.00140350 0.00005311 0.99999901
0.99999952 -0.00022218 -0.00095115 0.00022204 0.99999996 -0.00014411 0.00095118 0.00014390 0.99999954
0.99999937 -0.00022438 -0.00109620 0.00022459 0.99999996 0.00019075 0.00109615 -0.00019100 0.99999938
0.99999874 -0.00075411 -0.00139578 0.00075277 0.99999926 -0.00095448 0.00139650 0.00095343 0.99999857
0.99999430 -0.00294692 -0.00164528 0.00294610 0.99999553 -0.00050093 0.00164674 0.00049608 0.99999852
0.99999968 -0.00063138 -0.00049179 0.00063143 0.99999980 0.00010609 0.00049172 -0.00010640 0.99999987
0.99999977 0.00067216 0.00012691 -0.00067221 0.99999969 0.00041369 -0.00012664 -0.00041378 0.99999991
0.99999972 -0.00074652 -0.00005455 0.00074648 0.99999954 -0.00059616 0.00005499 0.00059612 0.99999982
0.99999830 0.00172061 -0.00066526 -0.00172017 0.99999830 0.00066131 0.00066640 -0.00066017 0.99999956
0.99999896 0.00143879 0.00001967 -0.00143881 0.99999834 0.00112191 -0.00001805 -0.00112194 0.99999937
0.99999977 0.00025896 -0.00062187 -0.00025845 0.99999963 0.00081485 0.00062208 -0.00081469 0.99999947
0.99999962 -0.00042688 -0.00075651 0.00042722 0.99999980 0.00045776 0.00075632 -0.00045808 0.99999961
0.99999960 0.00087534 -0.00020872 -0.00087533 0.99999962 0.00004988 0.00020877 -0.00004970 0.99999998
0.99999863 0.00091847 0.00137850 -0.00091977 0.99999913 0.00094457 -0.00137763 -0.00094584 0.99999860
0.99999944 0.00105415 0.00006963 -0.00105424 0.99999860 0.00129864 -0.00006826 -0.00129872 0.99999915
0.99999818 -0.00099432 0.00162798 0.00099730 0.99999782 -0.00183378 -0.00162616 0.00183540 0.99999699
0.99999952 0.00093065 0.00030228 -0.00093003 0.99999743 -0.00206621 -0.00030420 0.00206593 0.99999782
0.99999720 -0.00234779 0.00028156 0.00234787 0.99999721 -0.00025930 -0.00028095 0.00025996 0.99999993
0.99999964 -0.00080071 0.00026331 0.00080005 0.99999650 0.00252290 -0.00026533 -0.00252269 0.99999678
0.99999959 -0.00090115 -0.00007338 0.00090123 0.99999891 0.00117055 0.00007232 -0.00117062 0.99999931
0.99999941 0.00104190 0.00031162 -0.00104149 0.99999860 -0.00130976 -0.00031298 0.00130943 0.99999909
0.99999867 0.00041935 0.00157815 -0.00041627 0.99999801 -0.00194979 -0.00157897 0.00194913 0.99999685
0.99999979 0.00065331 0.00000926 -0.00065331 0.99999970 -0.00042537 -0.00000953 0.00042536 0.99999991
0.99999629 0.00118231 0.00245570 -0.00117873 0.99999824 -0.00145652 -0.00245741 0.00145362 0.99999592
0.99999663 0.00070448 0.00249694 -0.00070701 0.99999924 0.00100947 -0.00249623 -0.00101123 0.99999637
0.99999865 0.00039919 0.00159657 -0.00040250 0.99999777 0.00207381 -0.00159574 -0.00207445 0.99999658
0.99999947 -0.00069605 0.00075247 0.00069499 0.99999876 0.00141229 -0.00075346 -0.00141177 0.99999872
0.99999726 0.00024639 0.00232834 -0.00024901 0.99999934 0.00112574 -0.00232806 -0.00112632 0.99999666
0.99999568 -0.00011278 0.00293733 0.00011465 0.99999979 -0.00063500 -0.00293726 0.00063533 0.99999548
0.99999409 -0.00153061 0.00307756 0.00153574 0.99999744 -0.00166363 -0.00307501 0.00166835 0.99999388
0.99999465 -0.00024047 0.00326279 0.00024597 0.99999855 -0.00168786 -0.00326238 0.00168865 0.99999325
0.99998173 -0.00146080 0.00586527 0.00145639 0.99999865 0.00075597 -0.00586636 -0.00074741 0.99998251
0.99998696 -0.00000488 0.00510601 0.00000546 0.99999999 -0.00011441 -0.00510601 0.00011444 0.99998696
0.99997539 0.00200482 0.00672309 -0.00199979 0.99999772 -0.00075474 -0.00672459 0.00074127 0.99997711
0.99996836 0.00265029 0.00750001 -0.00264237 0.99999594 -0.00106588 -0.00750281 0.00104603 0.99997131
0.99996405 0.00112226 0.00840450 -0.00112944 0.99999900 0.00084950 -0.00840354 -0.00085896 0.99996432
0.99994533 0.00223519 0.01021484 -0.00224047 0.99999736 0.00050503 -0.01021368 -0.00052788 0.99994770
0.99991645 0.00027060 0.01292400 -0.00026512 0.99999987 -0.00042563 -0.01292411 0.00042217 0.99991639
0.99989319 0.00197086 0.01448169 -0.00197841 0.99999791 0.00050687 -0.01448067 -0.00053547 0.99989501
0.99985270 0.00303195 0.01689361 -0.00305762 0.99999421 0.00149385 -0.01688898 -0.00154529 0.99985618
0.99985602 -0.00027731 0.01696625 0.00026081 0.99999949 0.00097456 -0.01696651 -0.00097000 0.99985559
0.99984075 -0.00266638 0.01764556 0.00267633 0.99999627 -0.00054020 -0.01764405 0.00058734 0.99984416
0.99979841 -0.00118685 0.02004339 0.00119442 0.99999922 -0.00036544 -0.02004294 0.00038931 0.99979904
0.99980192 -0.00339994 0.01961005 0.00339581 0.99999420 0.00024368 -0.01961077 -0.00017704 0.99980767
0.99970473 -0.00482964 0.02381447 0.00478623 0.99998678 0.00187945 -0.02382323 -0.00176491 0.99971463
0.99972409 -0.00564145 0.02280177 0.00560729 0.99998306 0.00156150 -0.02281020 -0.00143321 0.99973879
0.99968629 -0.00495994 0.02455039 0.00497112 0.99998757 -0.00039456 -0.02454813 0.00051648 0.99969852
0.99964625 -0.00720153 0.02560303 0.00725514 0.99997168 -0.00200168 -0.02558789 0.00218673 0.99967018
0.99962016 -0.00346768 0.02734047 0.00345267 0.99999386 0.00059621 -0.02734237 -0.00050159 0.99962600
0.99959617 -0.00253304 0.02830323 0.00247962 0.99999508 0.00192245 -0.02830796 -0.00185149 0.99959753
0.99956379 -0.00371547 0.02929895 0.00363898 0.99998983 0.00266351 -0.02930855 -0.00255573 0.99956714
0.99952695 -0.00340194 0.03056649 0.00342908 0.99999377 -0.00083543 -0.03056346 0.00093985 0.99953239
0.99954454 -0.00172390 0.03012888 0.00183573 0.99999153 -0.00368448 -0.03012227 0.00373811 0.99953923
0.99949577 -0.00384893 0.03151809 0.00404522 0.99997281 -0.00616638 -0.03149349 0.00629077 0.99948416
0.99946998 -0.00286032 0.03242817 0.00298456 0.99998839 -0.00378331 -0.03241697 0.00387809 0.99946691
0.99943460 0.00084524 0.03361211 -0.00091186 0.99999765 0.00196675 -0.03361037 -0.00199629 0.99943302
0.99937983 0.00187730 0.03516294 -0.00203026 0.99998863 0.00431503 -0.03515444 -0.00438375 0.99937228
0.99931072 0.00143991 0.03709460 -0.00154733 0.99999469 0.00286737 -0.03709028 -0.00292279 0.99930764
0.99931994 0.00380537 0.03667658 -0.00355941 0.99997075 -0.00676938 -0.03670127 0.00663423 0.99930426
0.99929646 0.00386212 0.03730495 -0.00353206 0.99995407 -0.00890965 -0.03733765 0.00877161 0.99926421
0.99933267 0.00109111 0.03651052 -0.00100548 0.99999670 -0.00236370 -0.03651298 0.00232542 0.99933047
0.99938243 -0.00203454 0.03508008 0.00194747 0.99999494 0.00251615 -0.03508502 -0.00244628 0.99938134
0.99938287 -0.00086946 0.03511593 0.00089057 0.99999943 -0.00058553 -0.03511540 0.00061644 0.99938307
0.99932939 -0.00001539 0.03661648 0.00016561 0.99999158 -0.00409954 -0.03661611 0.00410285 0.99932098
0.99934556 0.00024200 0.03617159 -0.00011732 0.99999405 -0.00344906 -0.03617221 0.00344256 0.99933964
0.99930957 0.00245006 0.03707258 -0.00240220 0.99999622 -0.00133556 -0.03707572 0.00124558 0.99931168
0.99934744 0.00055185 0.03611640 -0.00053359 0.99999972 -0.00051525 -0.03611667 0.00049564 0.99934746
0.99931015 0.00246650 0.03705602 -0.00222070 0.99997527 -0.00667289 -0.03707156 0.00658600 0.99929091
0.99932661 0.00166347 0.03665460 -0.00129145 0.99994744 -0.01017079 -0.03666959 0.01011660 0.99927624
0.99934286 0.00178743 0.03620298 -0.00147640 0.99996179 -0.00861613 -0.03621699 0.00855702 0.99930731
0.99927579 0.00314624 0.03792100 -0.00296895 0.99998440 -0.00473086 -0.03793529 0.00461485 0.99926954
0.99932567 0.00310840 0.03658619 -0.00320369 0.99999163 0.00254627 -0.03657797 -0.00266177 0.99932726
0.99935465 0.00619723 0.03538196 -0.00640057 0.99996363 0.00563674 -0.03534574 -0.00585957 0.99935797
0.99925722 0.00568756 0.03811379 -0.00573319 0.99998297 0.00108787 -0.03810695 -0.00130557 0.99927281
0.99933586 0.00794348 0.03556322 -0.00798232 0.99996769 0.00095028 -0.03555452 -0.00123353 0.99936698
0.99932102 0.00425038 0.03659838 -0.00425513 0.99999095 0.00005194 -0.03659782 -0.00020763 0.99933005
0.99929302 0.00342290 0.03743983 -0.00348522 0.99999265 0.00159938 -0.03743408 -0.00172874 0.99929760
0.99926601 0.00133522 0.03828380 -0.00135826 0.99999891 0.00057580 -0.03828299 -0.00062738 0.99926674
0.99934356 0.00086073 0.03621765 -0.00089573 0.99999915 0.00095042 -0.03621680 -0.00098223 0.99934347
0.99931184 -0.00239350 0.03701522 0.00230854 0.99999460 0.00233762 -0.03702062 -0.00225056 0.99931197
0.99935339 -0.00723312 0.03522055 0.00725019 0.99997365 -0.00035717 -0.03521704 0.00061230 0.99937950
0.99948735 -0.00116233 0.03199513 0.00128242 0.99999221 -0.00373302 -0.03199055 0.00377214 0.99948105
0.99947829 -0.00001875 0.03229794 0.00017441 0.99998838 -0.00481659 -0.03229747 0.00481971 0.99946668
0.99948694 -0.00616149 0.03143073 0.00630970 0.99996943 -0.00461845 -0.03140132 0.00481439 0.99949526
0.99964857 -0.00118485 0.02648269 0.00113119 0.99999728 0.00204136 -0.02648504 -0.00201068 0.99964719
0.99977584 -0.00086696 0.02115476 0.00081886 0.99999706 0.00228213 -0.02115668 -0.00226430 0.99977361
0.99980919 0.00244113 0.01938111 -0.00248972 0.99999382 0.00248325 -0.01937493 -0.00253103 0.99980908
0.99986230 -0.00036425 0.01659039 0.00040782 0.99999648 -0.00262275 -0.01658938 0.00262915 0.99985893
0.99989917 -0.00401881 0.01362005 0.00405125 0.99998902 -0.00235514 -0.01361044 0.00241008 0.99990447
0.99992272 -0.00380750 0.01183465 0.00386893 0.99997914 -0.00517228 -0.01181471 0.00521767 0.99991659
0.99993761 -0.00604215 0.00939553 0.00606944 0.99997744 -0.00287885 -0.00937792 0.00293569 0.99995172
0.99997847 -0.00298580 0.00584339 0.00301823 0.99998005 -0.00554853 -0.00582671 0.00556605 0.99996753
0.99999406 -0.00125527 0.00320934 0.00126939 0.99998951 -0.00440198 -0.00320378 0.00440602 0.99998516
0.99999412 -0.00263151 0.00219780 0.00263911 0.99999053 -0.00346016 -0.00218867 0.00346594 0.99999160
0.99999520 -0.00020807 0.00309163 0.00021679 0.99999600 -0.00282043 -0.00309103 0.00282108 0.99999124
0.99999139 -0.00092843 0.00404538 0.00094520 0.99999096 -0.00414576 -0.00404149 0.00414955 0.99998322
0.99999479 -0.00094004 0.00308869 0.00095272 0.99999112 -0.00410569 -0.00308480 0.00410861 0.99998680
0.99998932 -0.00304750 0.00347367 0.00305255 0.99999429 -0.00144874 -0.00346923 0.00145933 0.99999292
0.99999753 -0.00019236 0.00221394 0.00018851 0.99999846 0.00174200 -0.00221427 -0.00174158 0.99999603
0.99999613 0.00056906 0.00272192 -0.00056969 0.99999981 0.00023335 -0.00272178 -0.00023490 0.99999627
0.99999283 -0.00028810 0.00377535 0.00029330 0.99999901 -0.00137431 -0.00377495 0.00137540 0.99999193
0.99999562 0.00132228 0.00264890 -0.00131629 0.99999658 -0.00226112 -0.00265188 0.00225762 0.99999394
0.99999550 0.00215007 0.00209027 -0.00214527 0.99999506 -0.00229745 -0.00209520 0.00229296 0.99999518
0.99999426 0.00226800 0.00251619 -0.00225878 0.99999075 -0.00366044 -0.00252447 0.00365474 0.99999013
0.99998623 0.00408493 0.00329315 -0.00406978 0.99998117 -0.00459315 -0.00331185 0.00457968 0.99998403
0.99999508 0.00228238 0.00215108 -0.00227566 0.99999254 -0.00312093 -0.00215818 0.00311602 0.99999282
0.99999586 0.00132133 0.00255590 -0.00132313 0.99999888 0.00070626 -0.00255497 -0.00070964 0.99999648
0.99999299 0.00305346 0.00216849 -0.00306163 0.99998820 0.00377281 -0.00215694 -0.00377942 0.99999053
0.99999738 -0.00014656 0.00228558 0.00014174 0.99999777 0.00210538 -0.00228589 -0.00210505 0.99999517
0.99999917 0.00044980 0.00120596 -0.00044908 0.99999972 -0.00060382 -0.00120623 0.00060328 0.99999909
0.99999275 0.00192597 0.00328490 -0.00191535 0.99999294 -0.00323296 -0.00329111 0.00322665 0.99998938
0.99999970 0.00030593 0.00071856 -0.00030376 0.99999537 -0.00302619 -0.00071948 0.00302597 0.99999516
0.99999805 0.00190536 0.00051075 -0.00190461 0.99999710 -0.00147147 -0.00051355 0.00147050 0.99999879
0.99999415 0.00322487 -0.00113994 -0.00322338 0.99999395 0.00130387 0.00114414 -0.00130018 0.99999850
0.99999022 0.00441904 -0.00015887 -0.00441903 0.99999024 0.00003227 0.00015901 -0.00003157 0.99999999
0.99999302 0.00372975 -0.00022340 -0.00373014 0.99999146 -0.00178173 0.00021675 0.00178255 0.99999839
0.99999352 0.00302813 0.00194689 -0.00302927 0.99999524 0.00058280 -0.00194512 -0.00058869 0.99999793
0.99998991 0.00449206 0.00000167 -0.00449206 0.99998988 -0.00025090 -0.00000279 0.00025089 0.99999997
0.99999957 0.00078904 0.00047871 -0.00079096 0.99999161 0.00401822 -0.00047554 -0.00401860 0.99999181
0.99999662 -0.00219538 0.00139309 0.00218399 0.99996455 0.00813149 -0.00141089 -0.00812842 0.99996597
0.99998580 -0.00526351 0.00082816 0.00525834 0.99996744 0.00612121 -0.00086035 -0.00611677 0.99998092
0.99996392 -0.00848079 -0.00047659 0.00848012 0.99996308 -0.00138620 0.00048833 0.00138211 0.99999893
0.99998107 -0.00562501 -0.00249526 0.00561511 0.99997640 -0.00395765 0.00251747 0.00394357 0.99998906
0.99999569 -0.00293413 0.00010089 0.00293459 0.99998362 -0.00491312 -0.00008648 0.00491339 0.99998793
0.99999928 -0.00082494 -0.00087119 0.00082120 0.99999047 -0.00428695 0.00087472 0.00428623 0.99999043
0.99999229 0.00308256 -0.00243149 -0.00307913 0.99999426 0.00141363 0.00243584 -0.00140614 0.99999604
0.99999856 0.00168486 -0.00021481 -0.00168388 0.99998865 0.00445735 0.00022231 -0.00445698 0.99999004
0.99999660 0.00259785 0.00023622 -0.00259854 0.99999224 0.00295959 -0.00022853 -0.00296019 0.99999559
0.99999527 0.00300661 0.00064421 -0.00300634 0.99999539 -0.00041847 -0.00064546 0.00041653 0.99999970
0.99999993 0.00022368 -0.00031007 -0.00022536 0.99998528 -0.00542059 0.00030885 0.00542066 0.99998526
0.99999945 -0.00060876 -0.00085120 0.00060741 0.99999857 -0.00157984 0.00085216 0.00157932 0.99999839
0.99999744 -0.00014602 -0.00225792 0.00014711 0.99999987 0.00048271 0.00225785 -0.00048304 0.99999733
0.99999903 -0.00134366 -0.00035683 0.00134609 0.99997529 0.00689960 0.00034755 -0.00690008 0.99997613
0.99999993 0.00022062 0.00031659 -0.00022105 0.99999904 0.00136499 -0.00031629 -0.00136506 0.99999902
0.99999782 0.00207436 -0.00022197 -0.00207509 0.99999230 -0.00333170 0.00021505 0.00333215 0.99999443
0.99999967 -0.00068089 -0.00044852 0.00067973 0.99999644 -0.00257949 0.00045028 0.00257918 0.99999657
0.99999964 0.00061577 -0.00059147 -0.00061551 0.99999971 0.00043785 0.00059174 -0.00043749 0.99999973
0.99999989 -0.00030456 -0.00036324 0.00030590 0.99999316 0.00368522 0.00036212 -0.00368533 0.99999314
0.99999927 -0.00072461 -0.00097167 0.00072549 0.99999933 0.00090595 0.00097101 -0.00090665 0.99999912
0.99999832 -0.00147092 -0.00109521 0.00147034 0.99999878 -0.00052949 0.00109599 0.00052788 0.99999926
0.99999649 -0.00246258 -0.00098084 0.00246256 0.99999697 -0.00002051 0.00098088 0.00001810 0.99999952
0.99999986 0.00026444 -0.00046685 -0.00026416 0.99999978 0.00060991 0.00046701 -0.00060978 0.99999971
0.99999725 -0.00174559 -0.00156850 0.00174449 0.99999823 -0.00069971 0.00156971 0.00069697 0.99999853
0.99999901 -0.00064493 -0.00125181 0.00064780 0.99999716 0.00229140 0.00125033 -0.00229220 0.99999659
0.99999710 0.00200539 -0.00133037 -0.00200429 0.99999765 0.00082945 0.00133203 -0.00082678 0.99999877
0.99999833 -0.00161636 -0.00085467 0.00161715 0.99999827 0.00091965 0.00085318 -0.00092103 0.99999921
0.99999395 0.00097583 -0.00333876 -0.00097968 0.99999886 -0.00114999 0.00333764 0.00115326 0.99999377
0.99999988 0.00009621 0.00047066 -0.00009521 0.99999774 -0.00212311 -0.00047086 0.00212307 0.99999764
0.99999476 0.00302593 -0.00115330 -0.00302510 0.99999516 0.00072406 0.00115548 -0.00072057 0.99999907
0.99999266 0.00382772 -0.00016080 -0.00382757 0.99999222 0.00094996 0.00016444 -0.00094934 0.99999954
0.99999530 0.00296560 -0.00078222 -0.00296680 0.99999442 -0.00153290 0.00077767 0.00153521 0.99999852
0.99999052 0.00428972 -0.00074656 -0.00428848 0.99998944 0.00165333 0.00075365 -0.00165011 0.99999835
0.99999266 0.00379069 0.00056310 -0.00379227 0.99998880 0.00283075 -0.00055236 -0.00283286 0.99999583
0.99999557 0.00295326 -0.00036332 -0.00295269 0.99999445 0.00154641 0.00036788 -0.00154534 0.99999874
0.99999932 0.00078902 -0.00086133 -0.00078869 0.99999962 0.00038374 0.00086163 -0.00038306 0.99999956
0.99999811 0.00037180 0.00190859 -0.00037190 0.99999993 0.00005339 -0.00190857 -0.00005410 0.99999818
0.99999824 -0.00125720 0.00139241 0.00125589 0.99999877 0.00094040 -0.00139359 -0.00093865 0.99999859
0.99999080 0.00278885 0.00325847 -0.00280357 0.99998585 0.00452195 -0.00324581 -0.00453104 0.99998447
0.99998784 0.00037626 0.00491643 -0.00037366 0.99999979 -0.00052886 -0.00491663 0.00052702 0.99998777
0.99997649 0.00487168 0.00482481 -0.00483848 0.99996470 -0.00686902 -0.00485811 0.00684551 0.99996477
0.99995583 0.00082397 0.00936223 -0.00079239 0.99999399 -0.00337573 -0.00936496 0.00336816 0.99995048
0.99996406 -0.00147181 0.00834947 0.00143535 0.99998942 0.00437086 -0.00835581 -0.00435872 0.99995559
0.99992158 -0.00144857 0.01243934 0.00141493 0.99999532 0.00271315 -0.01244321 -0.00269533 0.99991895
0.99992262 -0.00084433 0.01241130 0.00086771 0.99999786 -0.00187816 -0.01240968 0.00188878 0.99992121
0.99990319 -0.00097124 0.01388065 0.00096794 0.99999950 0.00024452 -0.01388088 -0.00023106 0.99990363
0.99990810 -0.00109685 0.01351260 0.00107622 0.99999824 0.00153405 -0.01351426 -0.00151937 0.99990752
0.99989111 -0.00327308 0.01438917 0.00330745 0.99999173 -0.00236497 -0.01438131 0.00241230 0.99989367
0.99990006 0.00108827 0.01409569 -0.00104499 0.99999472 -0.00307693 -0.01409896 0.00306189 0.99989592
0.99988621 0.00037833 0.01508049 -0.00031414 0.99999088 -0.00425886 -0.01508196 0.00425363 0.99987721
0.99984617 0.00520073 0.01675053 -0.00522221 0.99998560 0.00123883 -0.01674384 -0.00132611 0.99985893
0.99983276 0.00721596 0.01680422 -0.00728220 0.99996594 0.00388411 -0.01677562 -0.00400583 0.99985125
0.99984974 0.00457621 0.01671975 -0.00462733 0.99998473 0.00301999 -0.01670567 -0.00309690 0.99985565
0.99987673 0.00235819 0.01552307 -0.00232651 0.99999518 -0.00205842 -0.01552785 0.00202205 0.99987739
0.99990234 0.00066452 0.01395961 -0.00064412 0.99999872 -0.00146592 -0.01396057 0.00145679 0.99990149
0.99991752 -0.00163220 0.01273927 0.00165607 0.99999689 -0.00186365 -0.01273619 0.00188459 0.99991712
0.99986913 -0.00089718 0.01615306 0.00087851 0.99999894 0.00116315 -0.01615409 -0.00114881 0.99986885
0.99989266 0.00047759 0.01464372 -0.00049212 0.99999939 0.00098882 -0.01464324 -0.00099592 0.99989229
0.99986825 0.00191493 0.01611878 -0.00193187 0.99999760 0.00103587 -0.01611676 -0.00106688 0.99986955
0.99986191 0.00334530 0.01627764 -0.00331038 0.99999216 -0.00217134 -0.01628477 0.00211716 0.99986515
0.99987571 0.00074054 0.01574853 -0.00070795 0.99999760 -0.00207482 -0.01575002 0.00206341 0.99987383
0.99984469 0.00024951 0.01762186 -0.00021942 0.99999852 -0.00170931 -0.01762226 0.00170518 0.99984326
0.99983272 -0.00223461 0.01815310 0.00227768 0.99999464 -0.00235253 -0.01814775 0.00239348 0.99983245
0.99984185 0.00224767 0.01764140 -0.00215699 0.99998437 -0.00515782 -0.01765272 0.00511895 0.99983107
0.99985744 -0.00059856 0.01687399 0.00064212 0.99999647 -0.00257640 -0.01687239 0.00258686 0.99985430
0.99982586 0.00381566 0.01826714 -0.00383524 0.99999211 0.00103696 -0.01826304 -0.00110684 0.99983260
0.99983669 0.00437662 0.01753407 -0.00442498 0.99998651 0.00271981 -0.01752193 -0.00279695 0.99984257
0.99986121 -0.00028450 0.01665751 0.00030904 0.99999887 -0.00147064 -0.01665708 0.00147558 0.99986017
0.99984468 0.00196707 0.01751424 -0.00195086 0.99999765 -0.00094247 -0.01751605 0.00090816 0.99984617
0.99979406 0.00168765 0.02022364 -0.00168319 0.99999856 -0.00023776 -0.02022402 0.00020367 0.99979545
0.99979334 0.00257538 0.02016532 -0.00256631 0.99999659 -0.00047534 -0.02016648 0.00042349 0.99979655
0.99983177 0.00074130 0.01832699 -0.00071980 0.99999904 -0.00118005 -0.01832785 0.00116666 0.99983135
0.99985013 0.00055135 0.01730355 -0.00059027 0.99999731 0.00224408 -0.01730227 -0.00225396 0.99984776
0.99984895 0.00080135 0.01736181 -0.00086274 0.99999340 0.00352840 -0.01735887 -0.00354285 0.99984305
0.99982509 0.00127212 0.01865938 -0.00130010 0.99999805 0.00148746 -0.01865746 -0.00151146 0.99982479
0.99982792 0.00218121 0.01842190 -0.00217887 0.99999762 -0.00014699 -0.01842218 0.00010682 0.99983029
0.99981625 0.00208221 0.01905610 -0.00202983 0.99999411 -0.00276751 -0.01906175 0.00272832 0.99981459
0.99981082 0.00362588 0.01910950 -0.00358683 0.99999141 -0.00207742 -0.01911687 0.00200848 0.99981524
0.99980047 0.00259895 0.01980574 -0.00260780 0.99999651 0.00042077 -0.01980458 -0.00047234 0.99980376
0.99975453 0.00498221 0.02158828 -0.00510209 0.99997185 0.00550172 -0.02156026 -0.00561051 0.99975181
0.99968574 0.00440142 0.02467882 -0.00443582 0.99998927 0.00133906 -0.02467267 -0.00144811 0.99969453
0.99968992 0.00404952 0.02456954 -0.00404601 0.99999180 -0.00019271 -0.02457012 0.00009324 0.99969810
0.99967314 0.00558009 0.02494966 -0.00560800 0.99998373 0.00104872 -0.02494340 -0.00118829 0.99968816
0.99968392 0.00158836 0.02509051 -0.00161903 0.99999797 0.00120200 -0.02508855 -0.00124224 0.99968446
0.99968732 0.00047383 0.02500067 -0.00039081 0.99999439 -0.00332570 -0.02500211 0.00331489 0.99968190
0.99968466 -0.00120749 0.02508223 0.00112672 0.99999413 0.00323429 -0.02508598 -0.00320501 0.99968016
0.99970642 -0.00240696 0.02410977 0.00239294 0.99999695 0.00061027 -0.02411116 -0.00055240 0.99970913
0.99969220 0.00045095 0.02480544 -0.00039178 0.99999707 -0.00239026 -0.02480645 0.00237981 0.99968944
0.99972990 -0.00006891 0.02324058 0.00016575 0.99999131 -0.00416523 -0.02324009 0.00416796 0.99972122
0.99971787 -0.00105494 0.02372918 0.00104254 0.99999931 0.00053458 -0.02372972 -0.00050969 0.99971828
0.99974107 0.00049875 0.02274973 -0.00057459 0.99999430 0.00332739 -0.02274794 -0.00333960 0.99973565
0.99977088 -0.00113184 0.02137514 0.00116226 0.99999833 -0.00141055 -0.02137351 0.00143507 0.99977053
0.99981145 -0.00192386 0.01932250 0.00199297 0.99999169 -0.00355770 -0.01931549 0.00359554 0.99980697
0.99980448 0.00404194 0.01935607 -0.00401033 0.99999056 -0.00167132 -0.01936265 0.00159337 0.99981126
0.99981212 0.00339463 0.01908393 -0.00340131 0.99999417 0.00031776 -0.01908274 -0.00038261 0.99981783
0.99984791 0.00278472 0.01721644 -0.00277740 0.99999604 -0.00044903 -0.01721762 0.00040115 0.99985169
0.99988345 0.00076845 0.01524774 -0.00077959 0.99999943 0.00072492 -0.01524717 -0.00073672 0.99988348
0.99987407 0.00253531 0.01566582 -0.00254238 0.99999667 0.00043167 -0.01566468 -0.00047144 0.99987719
0.99988895 0.00403505 0.01434573 -0.00409016 0.99998436 0.00381422 -0.01433011 -0.00387247 0.99988982
0.99991415 0.00257514 0.01284739 -0.00261283 0.99999233 0.00291781 -0.01283978 -0.00295113 0.99991321
0.99993406 -0.00211742 0.01128652 0.00207054 0.99998919 0.00416358 -0.01129522 -0.00413993 0.99992764
0.99995534 -0.00273088 0.00904812 0.00274916 0.99999420 -0.00200818 -0.00904259 0.00203296 0.99995705
0.99995905 -0.00370278 0.00825770 0.00372015 0.99999090 -0.00208936 -0.00824989 0.00212000 0.99996372
0.99997608 -0.00286200 0.00629700 0.00287529 0.99999366 -0.00210265 -0.00629094 0.00212070 0.99997796
0.99998037 0.00277911 0.00561600 -0.00278562 0.99999546 0.00115048 -0.00561277 -0.00116610 0.99998357
0.99996447 0.00657075 0.00528136 -0.00658898 0.99997237 0.00344045 -0.00525861 -0.00347513 0.99998014
0.99997777 0.00481442 0.00461287 -0.00482065 0.99998748 0.00134091 -0.00460636 -0.00136312 0.99998846
0.99993634 0.01004924 0.00513024 -0.01003418 0.99994530 -0.00295309 -0.00515963 0.00290142 0.99998248
0.99999405 0.00128061 0.00320183 -0.00127548 0.99999790 -0.00160399 -0.00320387 0.00159989 0.99999359
0.99999653 0.00034574 0.00261242 -0.00033982 0.99999738 -0.00226278 -0.00261320 0.00226189 0.99999403
0.99999996 -0.00027920 -0.00010158 0.00027912 0.99999964 -0.00079795 0.00010181 0.00079793 0.99999968
0.99999863 -0.00164722 -0.00018376 0.00164673 0.99999517 -0.00263510 0.00018810 0.00263479 0.99999651
0.99999884 -0.00034170 -0.00148562 0.00034004 0.99999932 -0.00111696 0.00148600 0.00111645 0.99999827
0.99999787 -0.00045721 -0.00201453 0.00045415 0.99999874 -0.00152232 0.00201522 0.00152140 0.99999681
0.99999518 -0.00236461 -0.00201395 0.00236688 0.99999657 0.00112325 0.00201129 -0.00112801 0.99999734
0.99999768 -0.00040838 -0.00211297 0.00041101 0.99999914 0.00124562 0.00211246 -0.00124648 0.99999699
0.99998873 0.00075713 -0.00468763 -0.00075719 0.99999971 -0.00001184 0.00468762 0.00001539 0.99998901
0.99998405 0.00045141 -0.00562972 -0.00043977 0.99999776 0.00206882 0.00563064 -0.00206631 0.99998201
0.99998565 0.00095482 -0.00527150 -0.00093755 0.99999419 0.00327717 0.00527460 -0.00327218 0.99998074
0.99998089 0.00385333 -0.00483456 -0.00384130 0.99998951 0.00249539 0.00484412 -0.00247677 0.99998520
0.99996648 -0.00238438 -0.00783308 0.00238432 0.99999716 -0.00001692 0.00783310 -0.00000176 0.99996932
0.99994680 -0.00180058 -0.01015655 0.00180364 0.99999833 0.00029232 0.01015600 -0.00031062 0.99994838
0.99993111 -0.00257635 -0.01145195 0.00255452 0.99999489 -0.00192042 0.01145683 0.00189104 0.99993258
0.99993475 -0.00125711 -0.01135446 0.00126221 0.99999911 0.00044202 0.01135390 -0.00045633 0.99993544
0.99992094 -0.00151299 -0.01248280 0.00149546 0.99999788 -0.00141340 0.01248491 0.00139462 0.99992109
0.99987782 -0.00135661 -0.01557271 0.00133272 0.99999792 -0.00154414 0.01557477 0.00152320 0.99987755
0.99989828 -0.00187660 -0.01413922 0.00183810 0.99999457 -0.00273542 0.01414428 0.00270915 0.99989629
0.99990528 0.00045566 -0.01375572 -0.00043196 0.99999842 0.00172578 0.01375648 -0.00171967 0.99990390
0.99989642 -0.00105430 -0.01435402 0.00104251 0.99999911 -0.00082906 0.01435488 0.00081401 0.99989663
0.99987865 -0.00433915 -0.01496182 0.00436482 0.99998906 0.00168323 0.01495435 -0.00174833 0.99988665
0.99987045 -0.00144728 -0.01603065 0.00146882 0.99999803 0.00133235 0.01602869 -0.00135572 0.99987061
0.99983713 -0.00591080 -0.01705239 0.00594941 0.99997985 0.00221441 0.01703896 -0.00231550 0.99985215
0.99988105 -0.00406683 -0.01487770 0.00410402 0.99998853 0.00247026 0.01486749 -0.00253102 0.99988627
0.99982509 -0.00670354 -0.01746024 0.00673966 0.99997527 0.00201057 0.01744633 -0.00212789 0.99984554
0.99979915 -0.00244504 -0.01989163 0.00246140 0.99999665 0.00079802 0.01988961 -0.00084682 0.99980182
0.99978747 -0.00214424 -0.02050427 0.00217109 0.99999681 0.00128714 0.02050144 -0.00133139 0.99978894
0.99983849 -0.00162077 -0.01789883 0.00163860 0.99999818 0.00098151 0.01789720 -0.00101068 0.99983932
0.99984890 -0.00055528 -0.01737420 0.00056048 0.99999980 0.00029409 0.01737403 -0.00030378 0.99984901
0.99977256 0.00056935 -0.02131925 -0.00055667 0.99999966 0.00060073 0.02131959 -0.00058872 0.99977254
0.99973342 -0.00286256 -0.02291043 0.00290383 0.99999422 0.00176833 0.02290524 -0.00183439 0.99973596
0.99969442 -0.00274172 -0.02456717 0.00279794 0.99999354 0.00225446 0.02456083 -0.00232251 0.99969564
0.99967894 -0.00671815 -0.02443100 0.00670873 0.99997739 -0.00046752 0.02443359 0.00030347 0.99970141
0.99966067 -0.00346216 -0.02581785 0.00342305 0.99999293 -0.00155890 0.02582307 0.00146999 0.99966545
0.99970788 -0.00268408 -0.02401993 0.00272982 0.99999452 0.00187182 0.02401477 -0.00193684 0.99970973
0.99965016 -0.00188451 -0.02638194 0.00193052 0.99999666 0.00171879 0.02637862 -0.00176912 0.99965046
0.99961120 -0.00307424 -0.02771264 0.00314115 0.99999226 0.00237094 0.02770513 -0.00245707 0.99961312
0.99959821 -0.00038635 -0.02834205 0.00038271 0.99999992 -0.00013385 0.02834210 0.00012295 0.99959827
0.99961550 0.00021433 -0.02772718 -0.00021599 0.99999998 -0.00005670 0.02772716 0.00006267 0.99961553
0.99966128 -0.00027510 -0.02602400 0.00028223 0.99999992 0.00027048 0.02602393 -0.00027773 0.99966128
0.99956360 -0.00163171 -0.02949483 0.00166722 0.99999791 0.00117937 0.02949285 -0.00122803 0.99956424
0.99964200 -0.00006431 -0.02675557 0.00005000 0.99999986 -0.00053555 0.02675560 0.00053403 0.99964186
0.99957960 -0.00492252 -0.02857255 0.00494474 0.99998752 0.00070710 0.02856871 -0.00084809 0.99959147
0.99946859 -0.00039832 -0.03259421 0.00033991 0.99999833 -0.00179765 0.03259487 0.00178561 0.99946705
0.99959924 -0.00110667 -0.02828656 0.00119108 0.99999489 0.00296726 0.02828313 -0.00299976 0.99959545
0.99949157 -0.00103057 -0.03186751 0.00111278 0.99999610 0.00256202 0.03186474 -0.00259618 0.99948882
0.99947007 -0.00191731 -0.03249463 0.00188822 0.99999779 -0.00092593 0.03249634 0.00086408 0.99947148
0.99938396 -0.00122510 -0.03507407 0.00112858 0.99999552 -0.00277168 0.03507730 0.00273039 0.99938087
0.99930041 -0.00433463 -0.03714696 0.00434642 0.99999053 0.00023671 0.03714558 -0.00039800 0.99930979
0.99942212 -0.00548691 -0.03354571 0.00556734 0.99998185 0.00230480 0.03353246 -0.00249023 0.99943453
0.99944272 -0.00292402 -0.03325205 0.00295622 0.99999521 0.00091914 0.03324920 -0.00101693 0.99944657
0.99939610 -0.00395589 -0.03452227 0.00404704 0.99998851 0.00257101 0.03451170 -0.00270917 0.99940062
0.99932860 -0.00415082 -0.03640215 0.00429991 0.99998268 0.00401814 0.03638484 -0.00417196 0.99932914
0.99933517 -0.00361641 -0.03627865 0.00371724 0.99998941 0.00271228 0.03626845 -0.00284534 0.99933803
0.99944382 0.00025954 -0.03334630 -0.00024776 0.99999991 0.00035736 0.03334639 -0.00034890 0.99944379
0.99935877 -0.00295901 -0.03568312 0.00301389 0.99999436 0.00148430 0.03567853 -0.00159089 0.99936205
0.99932045 -0.00295186 -0.03674135 0.00297428 0.99999542 0.00055572 0.03673955 -0.00066462 0.99932465
0.99935840 0.00214905 -0.03575151 -0.00220771 0.99999628 -0.00160124 0.03574794 0.00167914 0.99935943
0.99943804 -0.00133407 -0.03349377 0.00134939 0.99999900 0.00043476 0.03349315 -0.00047971 0.99943883
0.99944011 -0.00005083 -0.03345836 0.00007709 0.99999969 0.00078358 0.03345831 -0.00078572 0.99943981
0.99942841 -0.00127771 -0.03378183 0.00126075 0.99999907 -0.00052324 0.03378246 0.00048035 0.99942909
0.99950761 -0.00162891 -0.03133499 0.00165361 0.99999834 0.00076239 0.03133370 -0.00081383 0.99950865
0.99950757 -0.00396377 -0.03112722 0.00404976 0.99998816 0.00269979 0.03111615 -0.00282452 0.99951178
0.99953246 -0.00322161 -0.03040516 0.00326835 0.99999355 0.00148738 0.03040017 -0.00158606 0.99953655
0.99964325 -0.00212969 -0.02662390 0.00210987 0.99999748 -0.00077245 0.02662548 0.00071600 0.99964522
0.99950098 -0.00364506 -0.03137683 0.00365136 0.99999332 0.00014348 0.03137610 -0.00025797 0.99950762
0.99947260 -0.00470766 -0.03213050 0.00469814 0.99998889 -0.00037185 0.03213189 0.00022070 0.99948361
0.99949129 -0.00535627 -0.03143993 0.00540664 0.99998423 0.00151734 0.03143131 -0.00168655 0.99950449
0.99958397 -0.00676522 -0.02803795 0.00682717 0.99997446 0.00211433 0.02802293 -0.00230488 0.99960462
0.99950280 -0.00520120 -0.03109830 0.00515899 0.99998566 -0.00143751 0.03110533 0.00127636 0.99951530
0.99954552 -0.00310253 -0.02998557 0.00312429 0.99999489 0.00067886 0.02998331 -0.00077224 0.99955010
0.99955458 -0.00218586 -0.02976337 0.00221785 0.99999700 0.00104185 0.02976101 -0.00110740 0.99955643
0.99957324 -0.00227451 -0.02912325 0.00228739 0.99999730 0.00040902 0.02912224 -0.00047547 0.99957574
0.99949679 -0.00287632 -0.03158940 0.00280194 0.99999320 -0.00239859 0.03159608 0.00230887 0.99949805
0.99955458 -0.00382218 -0.02959775 0.00374391 0.99998935 -0.00269939 0.02960776 0.00258738 0.99955825
0.99954381 -0.00368038 -0.02997698 0.00368742 0.99999319 0.00017953 0.02997611 -0.00028998 0.99955057
0.99942682 -0.00336699 -0.03368525 0.00344085 0.99999180 0.00213499 0.03367778 -0.00224967 0.99943021
0.99954128 -0.00167169 -0.03023970 0.00173184 0.99999657 0.00196292 0.03023631 -0.00201439 0.99954075
0.99958672 -0.00150343 -0.02870761 0.00149796 0.99999886 -0.00021184 0.02870789 0.00016875 0.99958783
0.99971121 -0.00112723 -0.02400470 0.00114262 0.99999915 0.00062741 0.02400397 -0.00065466 0.99971165
0.99970651 -0.00069654 -0.02421579 0.00072870 0.99999886 0.00131924 0.02421485 -0.00133650 0.99970588
0.99969961 -0.00165311 -0.02445297 0.00170328 0.99999649 0.00203094 0.02444952 -0.00207198 0.99969892
0.99973718 -0.00284760 -0.02274798 0.00290015 0.99999320 0.00227749 0.02274134 -0.00234286 0.99973864
0.99981216 -0.00239925 -0.01923239 0.00243500 0.99999535 0.00183548 0.01922790 -0.00188197 0.99981336
0.99977356 -0.00246344 -0.02113686 0.00245941 0.99999695 -0.00021687 0.02113733 0.00016483 0.99977657
0.99973086 -0.00369018 -0.02290379 0.00371899 0.99999235 0.00121547 0.02289912 -0.00130032 0.99973694
0.99977932 -0.00432190 -0.02055803 0.00434442 0.99999001 0.00105109 0.02055328 -0.00114017 0.99978811
0.99979010 -0.00075804 -0.02047379 0.00080509 0.99999705 0.00228975 0.02047200 -0.00230576 0.99978777
0.99982618 -0.00090694 -0.01862227 0.00094575 0.99999740 0.00207518 0.01862034 -0.00209244 0.99982444
0.99978082 -0.00226976 -0.02081258 0.00229478 0.99999667 0.00117832 0.02080984 -0.00122582 0.99978270
0.99977857 -0.00267652 -0.02087203 0.00264766 0.99999550 -0.00141041 0.02087571 0.00135484 0.99978116
0.99977782 -0.00132693 -0.02103684 0.00132156 0.99999909 -0.00026927 0.02103718 0.00024141 0.99977866
0.99970046 -0.00029284 -0.02447236 0.00024995 0.99999843 -0.00175560 0.02447284 0.00174896 0.99969897
0.99982188 0.00039337 -0.01886932 -0.00036566 0.99999885 0.00147178 0.01886987 -0.00146462 0.99982088
0.99984856 -0.00174327 -0.01731538 0.00175999 0.99999800 0.00095033 0.01731368 -0.00098066 0.99984963
0.99986108 0.00076886 -0.01665044 -0.00077146 0.99999969 -0.00015000 0.01665032 0.00016282 0.99986136
0.99988373 -0.00479284 -0.01447600 0.00476372 0.99998656 -0.00204598 0.01448561 0.00197678 0.99989312
0.99991716 0.00057769 -0.01285855 -0.00056286 0.99999917 0.00115654 0.01285921 -0.00114921 0.99991666
0.99990676 -0.00086082 -0.01362820 0.00087453 0.99999912 0.00100072 0.01362732 -0.00101255 0.99990663
0.99990922 -0.00189819 -0.01333937 0.00190461 0.99999808 0.00046876 0.01333846 -0.00049413 0.99991092
0.99992768 -0.00132177 -0.01195358 0.00132908 0.99999893 0.00060398 0.01195277 -0.00061982 0.99992837
0.99996928 0.00048297 -0.00782336 -0.00046651 0.99999767 0.00210543 0.00782436 -0.00210172 0.99996718
0.99998227 0.00028531 -0.00594723 -0.00027803 0.99999921 0.00122589 0.00594758 -0.00122421 0.99998156
0.99998718 -0.00025832 -0.00505723 0.00026204 0.99999970 0.00073569 0.00505704 -0.00073700 0.99998694
0.99998395 0.00116743 -0.00554476 -0.00116054 0.99999855 0.00124554 0.00554621 -0.00123909 0.99998385
0.99999387 -0.00103017 -0.00334606 0.00103680 0.99999750 0.00197942 0.00334402 -0.00198288 0.99999244
0.99997862 -0.00220657 -0.00615483 0.00221351 0.99999692 0.00112054 0.00615234 -0.00113414 0.99998043
0.99999010 -0.00075252 -0.00438546 0.00075221 0.99999971 -0.00007130 0.00438552 0.00006800 0.99999038
0.99998911 -0.00191242 -0.00425778 0.00191699 0.99999759 0.00106841 0.00425572 -0.00107656 0.99999036
0.99999335 -0.00181806 -0.00316131 0.00182303 0.99999711 0.00156763 0.00315845 -0.00157339 0.99999377
0.99997982 -0.00492740 -0.00401008 0.00492885 0.99998779 0.00035064 0.00400830 -0.00037040 0.99999190
0.99999329 -0.00071664 -0.00359140 0.00071853 0.99999960 0.00052573 0.00359102 -0.00052830 0.99999341
0.99999054 -0.00205452 -0.00383473 0.00206166 0.99999615 0.00185773 0.00383090 -0.00186562 0.99999092
0.99999444 0.00333131 -0.00014917 -0.00333131 0.99999445 0.00003731 0.00014929 -0.00003681 0.99999999
0.99999969 0.00040114 -0.00068048 -0.00040128 0.99999990 -0.00019923 0.00068040 0.00019950 0.99999975
0.99999802 -0.00065083 -0.00188007 0.00064801 0.99999867 -0.00149893 0.00188104 0.00149771 0.99999711
0.99999856 -0.00021785 -0.00168521 0.00021473 0.99999827 -0.00184783 0.00168561 0.00184747 0.99999687
0.99999765 0.00171445 0.00132399 -0.00171162 0.99999626 -0.00213531 -0.00132765 0.00213304 0.99999684
0.99999833 0.00180234 -0.00029851 -0.00180248 0.99999827 -0.00045159 0.00029770 0.00045212 0.99999985
0.99999858 0.00109523 0.00128101 -0.00109470 0.99999931 -0.00041725 -0.00128147 0.00041585 0.99999909
0.99999896 -0.00096367 -0.00107422 0.00096533 0.99999833 0.00155042 0.00107272 -0.00155145 0.99999822
0.99999831 -0.00182642 0.00018852 0.00182612 0.99999705 0.00159867 -0.00019144 -0.00159832 0.99999870
0.99999765 0.00019337 -0.00216162 -0.00019269 0.99999993 0.00031130 0.00216168 -0.00031088 0.99999762
0.99999767 -0.00213863 -0.00028044 0.00213820 0.99999657 -0.00151265 0.00028367 0.00151205 0.99999882
0.99999817 -0.00190248 0.00019568 0.00190295 0.99999529 -0.00240642 -0.00019111 0.00240679 0.99999709
0.99999869 -0.00133619 -0.00090899 0.00133570 0.99999896 -0.00053472 0.00090970 0.00053351 0.99999944
0.99999565 0.00288317 0.00061585 -0.00288401 0.99999491 0.00136796 -0.00061190 -0.00136973 0.99999887
0.99999990 -0.00044649 0.00001398 0.00044646 0.99999881 0.00147438 -0.00001464 -0.00147438 0.99999891
0.99999995 0.00024275 0.00021212 -0.00024296 0.99999948 0.00099517 -0.00021188 -0.00099522 0.99999948
0.99999855 0.00021157 -0.00169234 -0.00021100 0.99999992 0.00033428 0.00169241 -0.00033392 0.99999851
0.99999795 0.00178576 0.00095734 -0.00178458 0.99999765 -0.00122994 -0.00095954 0.00122823 0.99999879
0.99999993 0.00029493 0.00021611 -0.00029500 0.99999991 0.00030387 -0.00021602 -0.00030394 0.99999993
0.99999844 0.00172184 -0.00039700 -0.00172240 0.99999749 -0.00142955 0.00039454 0.00143023 0.99999890
0.99999869 0.00157547 -0.00038043 -0.00157542 0.99999875 0.00012146 0.00038062 -0.00012086 0.99999992
0.99999845 -0.00044368 -0.00170537 0.00044993 0.99999318 0.00366536 0.00170373 -0.00366612 0.99999183
0.99999992 -0.00026899 0.00029840 0.00026753 0.99998803 0.00488600 -0.00029971 -0.00488592 0.99998802
0.99999967 0.00081452 0.00002226 -0.00081458 0.99999672 0.00242949 -0.00002028 -0.00242950 0.99999705
0.99999750 0.00220972 0.00035108 -0.00220938 0.99999711 -0.00094518 -0.00035316 0.00094441 0.99999949
0.99999845 0.00149078 -0.00093263 -0.00149065 0.99999888 0.00013689 0.00093284 -0.00013549 0.99999956
0.99999836 -0.00123498 -0.00132349 0.00123791 0.99999678 0.00221358 0.00132075 -0.00221521 0.99999667
0.99999974 0.00028964 -0.00066051 -0.00028878 0.99999911 0.00129968 0.00066088 -0.00129949 0.99999894
0.99999390 -0.00318293 -0.00143531 0.00318507 0.99999381 0.00149282 0.00143055 -0.00149738 0.99999786
0.99999118 -0.00187594 -0.00375886 0.00187040 0.99999716 -0.00147795 0.00376162 0.00147090 0.99999184
0.99999742 0.00009024 -0.00226891 -0.00008886 0.99999981 0.00060579 0.00226897 -0.00060559 0.99999724
0.99999275 -0.00077469 -0.00372906 0.00077879 0.99999909 0.00109814 0.00372820 -0.00110104 0.99999244
0.99999628 0.00053472 -0.00267596 -0.00052780 0.99999652 0.00258536 0.00267734 -0.00258394 0.99999308
0.99999027 -0.00221706 -0.00381424 0.00222736 0.99999388 0.00269842 0.00380824 -0.00270689 0.99998908
0.99999667 0.00080273 -0.00245110 -0.00079615 0.99999607 0.00268680 0.00245324 -0.00268484 0.99999339
0.99999262 -0.00176770 -0.00340979 0.00176753 0.99999844 -0.00005217 0.00340987 0.00004614 0.99999419
0.99999351 -0.00136913 -0.00333253 0.00136691 0.99999884 -0.00066740 0.00333344 0.00066284 0.99999422
0.99999379 0.00114239 -0.00333439 -0.00114700 0.99999839 -0.00137917 0.00333281 0.00138299 0.99999349
0.99999246 -0.00098244 -0.00375780 0.00098233 0.99999952 -0.00003228 0.00375783 0.00002859 0.99999294
0.99999890 0.00088836 -0.00118619 -0.00088756 0.99999938 0.00067492 0.00118679 -0.00067387 0.99999907
0.99999905 0.00124365 -0.00060185 -0.00124508 0.99999638 -0.00238516 0.00059888 0.00238591 0.99999697
0.99999991 0.00034942 -0.00024522 -0.00035056 0.99998904 -0.00466892 0.00024359 0.00466900 0.99998907
0.99999902 0.00139035 -0.00014643 -0.00139092 0.99999117 -0.00396624 0.00014092 0.00396644 0.99999212
0.99998539 0.00284305 0.00459720 -0.00283734 0.99999520 -0.00124757 -0.00460073 0.00123451 0.99998865
0.99995526 0.00576061 0.00750240 -0.00576547 0.99998318 0.00062660 -0.00749866 -0.00066982 0.99997166
0.99994906 0.00594521 0.00815624 -0.00593634 0.99998176 -0.00111204 -0.00816271 0.00106357 0.99996612
0.99995807 0.00390158 0.00828457 -0.00389664 0.99999222 -0.00061249 -0.00828689 0.00058018 0.99996549
0.99995049 0.00159075 0.00982280 -0.00159161 0.99999873 0.00007932 -0.00982267 -0.00009495 0.99995175
0.99993737 0.00298268 0.01078695 -0.00298820 0.99999541 0.00049551 -0.01078543 -0.00052771 0.99994170
