1.00000000 0.00000000 0.00000000 0.00000000 1.00000000 0.00000000 0.00000000 0.00000000 1.00000000
0.99999864 0.00015433 -0.00164107 -0.00015275 0.99999953 0.00096137 0.00164122 -0.00096112 0.99999819
0.99999851 -0.00087951 -0.00148516 0.00088065 0.99999932 0.00076981 0.00148448 -0.00077111 0.99999860
0.99999841 0.00094362 -0.00151455 -0.00094365 0.99999955 -0.00001836 0.00151453 0.00001979 0.99999885
0.99999845 0.00026881 -0.00173885 -0.00026871 0.99999996 0.00005487 0.00173886 -0.00005440 0.99999849
0.99999842 0.00037867 -0.00173479 -0.00037778 0.99999980 0.00051096 0.00173498 -0.00051030 0.99999836
0.99999271 -0.00362903 -0.00118501 0.00362800 0.99999304 -0.00086874 0.00118816 0.00086443 0.99999892
0.99999850 -0.00089958 -0.00148176 0.00089985 0.99999958 0.00017499 0.00148161 -0.00017632 0.99999889
0.99999902 0.00045154 -0.00132601 -0.00045177 0.99999988 -0.00016883 0.00132593 0.00016943 0.99999911
0.99999916 0.00075342 -0.00105118 -0.00075331 0.99999971 0.00009867 0.00105126 -0.00009788 0.99999944
0.99999741 0.00217852 -0.00065324 -0.00217814 0.99999746 0.00057815 0.00065450 -0.00057673 0.99999962
0.99999784 0.00191512 -0.00080476 -0.00191476 0.99999807 0.00044568 0.00080561 -0.00044414 0.99999958
0.99999872 0.00143045 -0.00071985 -0.00142984 0.99999862 0.00084540 0.00072105 -0.00084437 0.99999938
0.99999984 0.00039007 -0.00039885 -0.00039019 0.99999988 -0.00029146 0.00039873 0.00029162 0.99999988
0.99999958 0.00082433 -0.00038975 -0.00082433 0.99999966 -0.00000784 0.00038975 0.00000816 0.99999992
0.99999986 0.00046027 -0.00025652 -0.00046013 0.99999974 0.00055359 0.00025678 -0.00055347 0.99999981
0.99999969 0.00078450 -0.00008563 -0.00078440 0.99999906 0.00112262 0.00008651 -0.00112255 0.99999937
0.99999977 0.00067415 -0.00009093 -0.00067426 0.99999898 -0.00126050 0.00009008 0.00126056 0.99999920
0.99999994 0.00027541 -0.00021873 -0.00027582 0.99999817 -0.00189336 0.00021821 0.00189342 0.99999818
0.99999850 -0.00169924 0.00034384 0.00169935 0.99999850 -0.00032850 -0.00034328 0.00032909 0.99999989
0.99999986 -0.00046053 0.00024876 0.00045982 0.99999581 0.00285683 -0.00025008 -0.00285671 0.99999589
0.99999871 -0.00160080 -0.00012869 0.00160094 0.99999812 0.00109392 0.00012694 -0.00109413 0.99999939
0.99999968 -0.00065953 0.00044759 0.00065981 0.99999959 -0.00062536 -0.00044718 0.00062566 0.99999970
0.99999968 0.00069601 0.00038452 -0.00069531 0.99999811 -0.00181569 -0.00038579 0.00181542 0.99999828
0.99999916 0.00119935 0.00049163 -0.00119895 0.99999895 -0.00081026 -0.00049261 0.00080967 0.99999955
0.99999892 0.00114545 0.00092413 -0.00114446 0.99999877 -0.00107340 -0.00092536 0.00107234 0.99999900
0.99999902 0.00079183 0.00115463 -0.00079306 0.99999912 0.00106595 -0.00115379 -0.00106686 0.99999877
0.99999914 0.00019317 0.00130101 -0.00019562 0.99999821 0.00188022 -0.00130064 -0.00188048 0.99999739
0.99999868 -0.00032597 0.00159115 0.00032435 0.99999943 0.00101372 -0.00159148 -0.00101320 0.99999822
0.99999831 0.00000240 0.00183737 -0.00000316 0.99999991 0.00041397 -0.00183737 -0.00041397 0.99999823
0.99999444 -0.00015700 0.00333046 0.00015932 0.99999974 -0.00069835 -0.00333035 0.00069888 0.99999421
0.99999378 -0.00031483 0.00351314 0.00032090 0.99999846 -0.00172761 -0.00351259 0.00172873 0.99999234
0.99999344 -0.00005403 0.00362078 0.00006071 0.99999830 -0.00184346 -0.00362067 0.00184367 0.99999175
0.99999086 0.00057729 0.00423518 -0.00057923 0.99999973 0.00045705 -0.00423492 -0.00045950 0.99999093
0.99998650 -0.00009867 0.00519526 0.00010056 0.99999993 -0.00036279 -0.00519522 0.00036331 0.99998644
0.99997693 0.00182530 0.00654338 -0.00181846 0.99999779 -0.00105254 -0.00654528 0.00104062 0.99997804
0.99997419 0.00083854 0.00713502 -0.00083784 0.99999964 -0.00010145 -0.00713510 0.00009547 0.99997454
0.99996491 0.00134865 0.00826837 -0.00135677 0.99999860 0.00097694 -0.00826705 -0.00098812 0.99996534
0.99994299 0.00264548 0.01034449 -0.00265276 0.99999624 0.00068929 -0.01034262 -0.00071669 0.99994626
0.99991206 0.00264187 0.01299588 -0.00263874 0.99999649 -0.00025778 -0.01299651 0.00022346 0.99991552
0.99987151 0.00328294 0.01569021 -0.00328896 0.99999453 0.00035821 -0.01568895 -0.00040977 0.99987684
0.99986324 0.00289622 0.01628234 -0.00291907 0.99999479 0.00138021 -0.01627826 -0.00142755 0.99986648
0.99983902 0.00046630 0.01793628 -0.00048446 0.99999937 0.00100793 -0.01793580 -0.00101645 0.99983862
0.99982040 0.00006042 0.01895177 -0.00004667 0.99999974 -0.00072585 -0.01895181 0.00072483 0.99982014
0.99979147 -0.00059550 0.02041210 0.00060789 0.99999963 -0.00060072 -0.02041173 0.00061301 0.99979147
0.99977218 -0.00192546 0.02125771 0.00192818 0.99999814 -0.00010709 -0.02125746 0.00014806 0.99977402
0.99974871 -0.00435796 0.02198913 0.00430886 0.99998812 0.00227994 -0.02199880 -0.00218462 0.99975561
0.99970855 -0.00486847 0.02364542 0.00483137 0.99998701 0.00162596 -0.02365302 -0.00151124 0.99971909
0.99968950 -0.00478475 0.02445431 0.00480223 0.99998825 -0.00065588 -0.02445088 0.00077312 0.99970073
0.99964819 -0.00615334 0.02580002 0.00620337 0.99997903 -0.00185979 -0.02578804 0.00201919 0.99966539
0.99962458 -0.00301529 0.02723231 0.00301093 0.99999545 0.00020082 -0.02723279 -0.00011875 0.99962911
0.99959158 -0.00154584 0.02853578 0.00148811 0.99999680 0.00204412 -0.02853885 -0.00200082 0.99959068
0.99956570 -0.00348997 0.02926152 0.00342023 0.99999119 0.00243284 -0.02926975 -0.00233170 0.99956883
0.99952752 -0.00330179 0.03055873 0.00333395 0.99999394 -0.00100150 -0.03055524 0.00110290 0.99953247
0.99950961 -0.00057835 0.03130829 0.00072894 0.99998822 -0.00479869 -0.03130515 0.00481916 0.99949826
0.99948880 -0.00327344 0.03180290 0.00347542 0.99997413 -0.00629782 -0.03178146 0.00640513 0.99947432
0.99949388 -0.00311899 0.03165847 0.00322957 0.99998886 -0.00344243 -0.03164738 0.00354293 0.99949282
0.99944612 0.00097261 0.03326408 -0.00104321 0.99999724 0.00210498 -0.03326194 -0.00213852 0.99944438
0.99937193 0.00437137 0.03516592 -0.00454074 0.99997847 0.00473793 -0.03514446 -0.00489463 0.99937026
0.99931047 0.00138160 0.03710358 -0.00148227 0.99999529 0.00268597 -0.03709969 -0.00273911 0.99930782
0.99927025 0.00389453 0.03799744 -0.00367852 0.99997668 -0.00575314 -0.03801896 0.00560916 0.99926128
0.99930113 0.00300598 0.03725867 -0.00271512 0.99996547 -0.00785459 -0.03728099 0.00774794 0.99927479
0.99933199 0.00083023 0.03653603 -0.00072899 0.99999586 -0.00278431 -0.03653819 0.00275581 0.99932846
0.99935116 -0.00102576 0.03600279 0.00093614 0.99999642 0.00250600 -0.03600523 -0.00247067 0.99934855
0.99933870 0.00003402 0.03636142 -0.00003374 1.00000000 -0.00000831 -0.03636142 0.00000708 0.99933870
0.99936194 -0.00098031 0.03570353 0.00110669 0.99999319 -0.00352014 -0.03569984 0.00355741 0.99935623
0.99934816 0.00030030 0.03609928 -0.00017603 0.99999405 -0.00344534 -0.03610010 0.00343674 0.99934227
0.99935200 0.00219641 0.03592700 -0.00213241 0.99999607 -0.00181972 -0.03593086 0.00174193 0.99935276
0.99934197 0.00101817 0.03625729 -0.00095380 0.99999794 -0.00179267 -0.03625904 0.00175691 0.99934088
0.99933977 0.00217770 0.03626690 -0.00192133 0.99997293 -0.00710242 -0.03628139 0.00702805 0.99931690
0.99928722 0.00165690 0.03771340 -0.00127549 0.99994782 -0.01013522 -0.03772823 0.01007989 0.99923720
0.99933151 0.00256751 0.03646840 -0.00223295 0.99995508 -0.00921164 -0.03649042 0.00912405 0.99929235
0.99930192 0.00371219 0.03717392 -0.00357691 0.99998674 -0.00370501 -0.03718718 0.00356946 0.99930194
0.99930185 0.00304581 0.03723617 -0.00311818 0.99999336 0.00188561 -0.03723018 -0.00200041 0.99930471
0.99929859 0.00602691 0.03695951 -0.00616738 0.99997418 0.00368772 -0.03693633 -0.00391307 0.99930996
0.99927381 0.00532823 0.03772876 -0.00535048 0.99998557 0.00048903 -0.03772561 -0.00069055 0.99928790
0.99920145 0.00830716 0.03908271 -0.00832031 0.99996537 0.00017388 -0.03907991 -0.00049892 0.99923596
0.99928460 0.00583919 0.03736571 -0.00582308 0.99998290 -0.00053999 -0.03736822 0.00032202 0.99930151
0.99927601 0.00354516 0.03787993 -0.00362567 0.99999131 0.00205707 -0.03787230 -0.00219292 0.99928018
0.99927742 0.00165276 0.03797248 -0.00169796 0.99999789 0.00115808 -0.03797049 -0.00122172 0.99927811
0.99930482 0.00024346 0.03728030 -0.00026191 0.99999985 0.00049004 -0.03728017 -0.00049947 0.99930473
0.99931396 -0.00211631 0.03697462 0.00205998 0.99999666 0.00156132 -0.03697780 -0.00148408 0.99931499
0.99935487 -0.00715396 0.03519469 0.00718189 0.99997399 -0.00066735 -0.03518900 0.00091969 0.99938025
0.99940958 -0.00110819 0.03434027 0.00124054 0.99999188 -0.00383306 -0.03433574 0.00387339 0.99940285
0.99946673 0.00002205 0.03265368 0.00015397 0.99998547 -0.00538803 -0.03265332 0.00539018 0.99945220
0.99954416 -0.00552006 0.02968154 0.00564815 0.99997509 -0.00423322 -0.02965743 0.00439894 0.99955044
0.99968058 -0.00113519 0.02524774 0.00109150 0.99999788 0.00174455 -0.02524967 -0.00171644 0.99967970
0.99974770 -0.00136240 0.02242068 0.00128656 0.99999340 0.00339669 -0.02242516 -0.00336699 0.99974285
0.99981877 0.00020149 0.01903650 -0.00024909 0.99999685 0.00249854 -0.01903593 -0.00250283 0.99981567
0.99985083 0.00009886 0.01727175 -0.00004449 0.99999504 -0.00314817 -0.01727198 0.00314693 0.99984588
0.99988380 -0.00479528 0.01447040 0.00484744 0.99998187 -0.00357167 -0.01445301 0.00364139 0.99988892
0.99991885 -0.00312289 0.01235104 0.00318509 0.99998233 -0.00501925 -0.01233515 0.00505818 0.99991113
0.99994447 -0.00595583 0.00869387 0.00597716 0.99997918 -0.00242983 -0.00867922 0.00248166 0.99995926
0.99997838 -0.00375824 0.00539557 0.00378582 0.99997978 -0.00511009 -0.00537626 0.00513041 0.99997239
0.99988742 -0.00051246 0.01499588 0.00051533 0.99999985 -0.00018747 -0.01499578 0.00019518 0.99988754
0.99999342 -0.00260744 0.00252228 0.00261806 0.99998769 -0.00421553 -0.00251125 0.00422210 0.99998793
0.99999526 -0.00061470 0.00301828 0.00062366 0.99999540 -0.00296844 -0.00301644 0.00297031 0.99999104
0.99999682 -0.00171705 0.00184596 0.00172313 0.99999307 -0.00330006 -0.00184028 0.00330323 0.99999285
0.99999693 -0.00120628 0.00216536 0.00121360 0.99999354 -0.00338346 -0.00216126 0.00338608 0.99999193
0.99998922 -0.00379430 0.00267650 0.00379761 0.99999203 -0.00123182 -0.00267181 0.00124197 0.99999566
0.99999158 -0.00005619 0.00410237 0.00005490 0.99999995 0.00031555 -0.00410239 -0.00031533 0.99999154
0.99999454 0.00034272 0.00328790 -0.00034342 0.99999992 0.00021169 -0.00328782 -0.00021282 0.99999457
0.99999655 0.00048803 0.00258056 -0.00048149 0.99999667 -0.00253604 -0.00258179 0.00253479 0.99999345
0.99999719 0.00235965 -0.00023719 -0.00235970 0.99999720 -0.00019813 0.00023672 0.00019869 0.99999995
0.99999477 0.00184227 0.00265951 -0.00183523 0.99999482 -0.00264463 -0.00266436 0.00263973 0.99999297
0.99999443 0.00286990 0.00170420 -0.00286333 0.99998851 -0.00384495 -0.00171521 0.00384005 0.99999116
0.99999191 0.00370427 0.00156903 -0.00369718 0.99998305 -0.00449811 -0.00158567 0.00449228 0.99998865
0.99999429 0.00236060 0.00241759 -0.00235269 0.99999189 -0.00326779 -0.00242528 0.00326208 0.99999174
0.99999355 0.00127601 0.00335626 -0.00128218 0.99999749 0.00183652 -0.00335391 -0.00184081 0.99999268
0.99998928 0.00363086 0.00287238 -0.00364163 0.99998633 0.00375118 -0.00285872 -0.00376160 0.99998884
0.99999639 0.00148323 0.00224013 -0.00148499 0.99999859 0.00078760 -0.00223896 -0.00079092 0.99999718
0.99999595 0.00161171 0.00234424 -0.00160992 0.99999841 -0.00076270 -0.00234547 0.00075892 0.99999696
0.99999841 -0.00095297 0.00150699 0.00095721 0.99999557 -0.00281727 -0.00150430 0.00281871 0.99999490
0.99999887 0.00025122 0.00148314 -0.00024741 0.99999667 -0.00257037 -0.00148378 0.00257000 0.99999560
0.99999934 0.00114462 -0.00013276 -0.00114475 0.99999893 -0.00091450 0.00013172 0.00091466 0.99999957
0.99999605 0.00276188 -0.00052524 -0.00276107 0.99999501 0.00153463 0.00052948 -0.00153318 0.99999868
0.99999230 0.00378599 -0.00103501 -0.00378484 0.99999222 0.00111044 0.00103921 -0.00110652 0.99999885
0.99997931 0.00640348 -0.00061342 -0.00640462 0.99997771 -0.00188592 0.00060133 0.00188981 0.99999803
0.99999333 0.00365054 -0.00006483 -0.00365061 0.99999260 -0.00121101 0.00006041 0.00121124 0.99999926
0.99999227 0.00380719 0.00098712 -0.00380770 0.99999262 0.00051063 -0.00098517 -0.00051438 0.99999938
0.99999998 -0.00010801 -0.00015586 0.00010867 0.99999084 0.00427844 0.00015540 -0.00427845 0.99999084
0.99998638 -0.00517017 0.00070743 0.00516347 0.99994465 0.00916746 -0.00075479 -0.00916368 0.99995773
0.99998366 -0.00571656 0.00006069 0.00571612 0.99996767 0.00565526 -0.00009302 -0.00565482 0.99998401
0.99996170 -0.00874902 -0.00022281 0.00874853 0.99995955 -0.00208757 0.00024106 0.00208554 0.99999780
0.99998291 -0.00583528 -0.00036012 0.00583322 0.99996800 -0.00547400 0.00039205 0.00547180 0.99998495
0.99999703 -0.00236921 -0.00057379 0.00236591 0.99998102 -0.00568888 0.00058725 0.00568751 0.99998365
0.99999586 -0.00275247 -0.00083779 0.00274824 0.99998369 -0.00500682 0.00085156 0.00500450 0.99998711
0.99999549 0.00300205 -0.00011857 -0.00300180 0.99999323 0.00212954 0.00012496 -0.00212917 0.99999773
0.99999951 -0.00024641 -0.00096380 0.00025045 0.99999118 0.00419217 0.00096276 -0.00419241 0.99999075
0.99999322 0.00293985 -0.00221565 -0.00293900 0.99999561 0.00038708 0.00221678 -0.00038057 0.99999747
0.99999751 0.00222674 -0.00012287 -0.00222689 0.99999682 -0.00118336 0.00012023 0.00118363 0.99999929
0.99999973 0.00048834 -0.00054125 -0.00049087 0.99998892 -0.00468263 0.00053896 0.00468289 0.99998889
0.99999588 -0.00282220 0.00052337 0.00282348 0.99999297 -0.00246654 -0.00051640 0.00246800 0.99999682
0.99999979 0.00043044 -0.00049443 -0.00043017 0.99999975 0.00055564 0.00049467 -0.00055543 0.99999972
0.99999510 -0.00307472 -0.00059425 0.00307845 0.99997492 0.00637829 0.00057463 -0.00638009 0.99997948
0.99999996 0.00025046 -0.00014692 -0.00025032 0.99999950 0.00096939 0.00014716 -0.00096936 0.99999952
0.99999892 0.00142526 -0.00037017 -0.00142647 0.99999357 -0.00328893 0.00036548 0.00328946 0.99999452
0.99999990 -0.00001860 -0.00045008 0.00001705 0.99999404 -0.00345137 0.00045014 0.00345136 0.99999394
0.99999980 0.00062754 0.00004475 -0.00062755 0.99999979 0.00014445 -0.00004466 -0.00014448 0.99999999
0.99999960 -0.00018678 -0.00088032 0.00018952 0.99999512 0.00311687 0.00087973 -0.00311704 0.99999476
0.99999943 -0.00091470 -0.00055562 0.00091522 0.99999915 0.00093094 0.00055476 -0.00093145 0.99999941
0.99999764 -0.00203934 -0.00075027 0.00203901 0.99999782 -0.00044429 0.00075117 0.00044276 0.99999962
0.99999444 -0.00176738 0.00282800 0.00176714 0.99999843 0.00008831 -0.00282816 -0.00008331 0.99999600
0.99999823 0.00057569 -0.00179087 -0.00057652 0.99999972 -0.00046697 0.00179060 0.00046801 0.99999829
0.99999679 -0.00212127 -0.00138852 0.00212252 0.99999734 0.00090232 0.00138660 -0.00090527 0.99999863
0.99999604 0.00037310 -0.00278967 -0.00037309 0.99999993 0.00000523 0.00278967 -0.00000419 0.99999611
0.99999849 0.00173386 -0.00006180 -0.00173382 0.99999832 0.00059645 0.00006283 -0.00059634 0.99999982
0.99998999 -0.00287043 -0.00343257 0.00286802 0.99999564 -0.00070592 0.00343458 0.00069607 0.99999386
0.99999726 0.00160500 -0.00170647 -0.00160626 0.99999844 -0.00073869 0.00170529 0.00074142 0.99999827
0.99999611 -0.00145313 -0.00238039 0.00144652 0.99999510 -0.00277676 0.00238441 0.00277331 0.99999331
0.99999751 0.00216088 -0.00055271 -0.00216042 0.99999732 0.00083035 0.00055450 -0.00082915 0.99999950
0.99999266 0.00354580 -0.00145447 -0.00354426 0.99999316 0.00105951 0.00145822 -0.00105435 0.99999838
0.99999506 0.00313800 -0.00019058 -0.00313835 0.99999334 -0.00186369 0.00018473 0.00186428 0.99999825
0.99999672 0.00255571 0.00018657 -0.00255578 0.99999667 0.00035040 -0.00018567 -0.00035087 0.99999992
0.99999574 0.00273365 0.00102265 -0.00273512 0.99999522 0.00144295 -0.00101870 -0.00144574 0.99999844
0.99999737 0.00194575 0.00121501 -0.00194731 0.99999729 0.00127857 -0.00121252 -0.00128093 0.99999844
0.99999662 0.00189416 0.00178298 -0.00189491 0.99999812 0.00041694 -0.00178219 -0.00042032 0.99999832
0.99999882 0.00002436 0.00153638 -0.00002321 0.99999972 -0.00074926 -0.00153640 0.00074922 0.99999854
0.99999697 0.00064093 0.00237681 -0.00064416 0.99999887 0.00136012 -0.00237594 -0.00136164 0.99999625
0.99998746 0.00386530 0.00318527 -0.00387830 0.99998414 0.00408310 -0.00316943 -0.00409541 0.99998659
0.99999053 0.00006697 0.00435034 -0.00006842 0.99999994 0.00033168 -0.00435032 -0.00033198 0.99999048
0.99996507 0.00642065 0.00535130 -0.00638161 0.99995314 -0.00727941 -0.00539779 0.00724501 0.99995919
0.99997533 -0.00020844 0.00702117 0.00023195 0.99999437 -0.00334765 -0.00702043 0.00334920 0.99996975
0.99997112 -0.00086682 0.00755061 0.00083883 0.99999277 0.00371000 -0.00755377 -0.00370356 0.99996461
0.99995885 -0.00345668 0.00838780 0.00341087 0.99997922 0.00547073 -0.00840654 -0.00544189 0.99994986
0.99992207 0.00019393 0.01248230 -0.00017705 0.99999907 -0.00135321 -0.01248255 0.00135089 0.99992118
0.99990645 -0.00250623 0.01344691 0.00254350 0.99999297 -0.00275527 -0.01343991 0.00278921 0.99990579
0.99985922 -0.00003092 0.01677927 0.00001694 0.99999965 0.00083351 -0.01677929 -0.00083311 0.99985887
0.99986854 -0.00285780 0.01596042 0.00289236 0.99999352 -0.00214317 -0.01595419 0.00218905 0.99987033
0.99988410 -0.00065305 0.01521051 0.00070309 0.99999436 -0.00328424 -0.01520828 0.00329456 0.99987892
0.99988196 0.00129370 0.01530956 -0.00122848 0.99999013 -0.00426882 -0.01531493 0.00424950 0.99987369
0.99985723 0.00478510 0.01620591 -0.00479774 0.99998822 0.00074098 -0.01620217 -0.00081863 0.99986840
0.99985396 0.00657652 0.01577369 -0.00663322 0.99997172 0.00354506 -0.01574993 -0.00364917 0.99986930
0.99986356 0.00441010 0.01591911 -0.00445565 0.99998608 0.00282691 -0.01590642 -0.00289746 0.99986929
0.99986988 0.00313124 0.01582451 -0.00309197 0.99999208 -0.00250511 -0.01583223 0.00245586 0.99987165
0.99988281 0.00077677 0.01528963 -0.00073931 0.99999671 -0.00245536 -0.01529149 0.00244377 0.99988009
0.99989265 -0.00065344 0.01463752 0.00068795 0.99999700 -0.00235268 -0.01463594 0.00236250 0.99989010
0.99988049 -0.00048718 0.01545239 0.00048597 0.99999988 0.00008234 -0.01545243 -0.00007483 0.99988060
0.99988333 0.00112035 0.01523400 -0.00115111 0.99999732 0.00201020 -0.01523171 -0.00202750 0.99988194
0.99988699 0.00197896 0.01490301 -0.00197153 0.99999792 -0.00051351 -0.01490400 0.00048407 0.99988881
0.99990084 0.00403609 0.01349181 -0.00398591 0.99998505 -0.00374412 -0.01350672 0.00368997 0.99990197
0.99987291 0.00046290 0.01593587 -0.00042983 0.99999775 -0.00207865 -0.01593679 0.00207154 0.99987086
0.99986753 0.00023638 0.01627473 -0.00020978 0.99999864 -0.00163602 -0.01627509 0.00163239 0.99986622
0.99986843 -0.00207149 0.01608819 0.00210285 0.99999592 -0.00193257 -0.01608413 0.00196615 0.99986871
0.99986771 0.00092485 0.01623878 -0.00085421 0.99999014 -0.00435674 -0.01624264 0.00434229 0.99985865
0.99988124 0.00103017 0.01537668 -0.00098249 0.99999469 -0.00310805 -0.01537981 0.00309258 0.99987694
0.99985341 0.00166222 0.01704113 -0.00169052 0.99999722 0.00164651 -0.01703834 -0.00167508 0.99985343
0.99983330 0.00430036 0.01774484 -0.00434173 0.99998795 0.00229324 -0.01773476 -0.00236991 0.99983992
0.99983734 0.00215777 0.01790659 -0.00213577 0.99999694 -0.00124766 -0.01790923 0.00120921 0.99983889
0.99980866 0.00373800 0.01920065 -0.00371737 0.99999247 -0.00110989 -0.01920465 0.00103830 0.99981503
0.99982336 0.00235362 0.01864680 -0.00235980 0.99999717 0.00030961 -0.01864601 -0.00035356 0.99982609
0.99981793 0.00386088 0.01868717 -0.00385835 0.99999254 -0.00017101 -0.01868769 0.00009888 0.99982536
0.99981947 0.00255021 0.01882897 -0.00255583 0.99999670 0.00027405 -0.01882821 -0.00032212 0.99982268
0.99980087 0.00349101 0.01964777 -0.00353408 0.99999143 0.00215774 -0.01964007 -0.00222675 0.99980464
0.99981988 0.00333967 0.01868317 -0.00342609 0.99998357 0.00459562 -0.01866751 -0.00465880 0.99981489
0.99980209 0.00193203 0.01980005 -0.00197203 0.99999605 0.00200136 -0.01979610 -0.00204001 0.99980196
0.99981588 0.00284845 0.01897606 -0.00286214 0.99999566 0.00069457 -0.01897400 -0.00074875 0.99981970
0.99980948 0.00345480 0.01921112 -0.00337017 0.99998448 -0.00443550 -0.01922614 0.00436991 0.99980561
0.99979336 0.00349440 0.02002558 -0.00344516 0.99999096 -0.00249275 -0.02003411 0.00242324 0.99979636
0.99978118 0.00308873 0.02068933 -0.00311191 0.99999457 0.00108831 -0.02068586 -0.00115246 0.99978536
0.99973575 0.00515240 0.02240275 -0.00525292 0.99997639 0.00443050 -0.02237939 -0.00454701 0.99973921
0.99972192 0.00416371 0.02321081 -0.00419550 0.99999033 0.00132088 -0.02320508 -0.00141789 0.99972972
0.99967448 0.00301471 0.02533484 -0.00301936 0.99999543 0.00014540 -0.02533428 -0.00022185 0.99967901
0.99965279 0.00520164 0.02583103 -0.00520227 0.99998647 -0.00004289 -0.02583091 -0.00009150 0.99966632
0.99966587 0.00219433 0.02575536 -0.00221818 0.99999714 0.00089753 -0.02575332 -0.00095436 0.99966787
0.99968725 0.00074336 0.02499714 -0.00067475 0.99999598 -0.00275308 -0.02499908 0.00273535 0.99968373
0.99966448 -0.00212693 0.02581464 0.00203963 0.99999211 0.00340799 -0.02582169 -0.00335419 0.99966094
0.99968664 -0.00246888 0.02491047 0.00239032 0.99999208 0.00318265 -0.02491813 -0.00312211 0.99968462
0.99967084 -0.00099984 0.02563616 0.00106562 0.99999618 -0.00255229 -0.02563351 0.00257877 0.99966808
0.99969698 0.00411062 0.02427027 -0.00398455 0.99997833 -0.00524030 -0.02429129 0.00514201 0.99969170
0.99974728 -0.00051902 0.02247477 0.00052414 0.99999984 -0.00022206 -0.02247465 0.00023379 0.99974739
0.99974222 0.00051881 0.02269855 -0.00058375 0.99999575 0.00285472 -0.02269697 -0.00286724 0.99973828
0.99980074 -0.00081893 0.01994494 0.00083083 0.99999948 -0.00058792 -0.01994445 0.00060438 0.99980091
0.99981688 -0.00063145 0.01912598 0.00070855 0.99999165 -0.00402468 -0.01912328 0.00403749 0.99980898
0.99982543 0.00300644 0.01844075 -0.00296475 0.99999299 -0.00228735 -0.01844750 0.00223228 0.99982734
0.99980165 0.00304205 0.01968258 -0.00306521 0.99999464 0.00114676 -0.01967899 -0.00120687 0.99980562
0.99988154 0.00303357 0.01509000 -0.00302924 0.99999536 -0.00030954 -0.01509087 0.00026379 0.99988609
0.99986890 0.00251683 0.01599531 -0.00252245 0.99999676 0.00033110 -0.01599442 -0.00037140 0.99987201
0.99987766 0.00190295 0.01552564 -0.00191616 0.99999781 0.00083592 -0.01552401 -0.00086556 0.99987912
0.99988093 0.00378935 0.01495853 -0.00384818 0.99998497 0.00390625 -0.01494351 -0.00396335 0.99988048
0.99991081 0.00191967 0.01321676 -0.00197145 0.99999043 0.00390607 -0.01320913 -0.00393178 0.99990503
0.99992553 -0.00146595 0.01211585 0.00142514 0.99999329 0.00337614 -0.01212072 -0.00335862 0.99992090
0.99995267 -0.00331163 0.00914790 0.00332922 0.99999264 -0.00190783 -0.00914151 0.00193819 0.99995634
0.99996404 -0.00497408 0.00686801 0.00498483 0.99998638 -0.00154830 -0.00686022 0.00158248 0.99997522
0.99997803 -0.00271840 0.00604617 0.00273241 0.99999360 -0.00231115 -0.00603985 0.00232762 0.99997905
0.99998484 0.00219741 0.00504858 -0.00220434 0.99999663 0.00136863 -0.00504556 -0.00137973 0.99998632
0.99996746 0.00633328 0.00499722 -0.00635270 0.99997229 0.00388170 -0.00497250 -0.00391332 0.99997998
0.99997134 0.00555957 0.00513880 -0.00557027 0.99998235 0.00206906 -0.00512721 -0.00209763 0.99998466
0.99996284 0.00694392 0.00510848 -0.00693662 0.99997490 -0.00144638 -0.00511839 0.00141089 0.99998591
0.99998857 0.00304847 0.00368334 -0.00304031 0.99999291 -0.00222018 -0.00369008 0.00220896 0.99999075
0.99999864 0.00005764 0.00164934 -0.00005406 0.99999764 -0.00217183 -0.00164946 0.00217174 0.99999628
0.99999914 -0.00087763 0.00097841 0.00087840 0.99999930 -0.00078792 -0.00097771 0.00078878 0.99999921
0.99999461 -0.00295433 -0.00143064 0.00295265 0.99999495 -0.00117638 0.00143411 0.00117215 0.99999828
0.99999947 -0.00010224 -0.00102263 0.00010100 0.99999926 -0.00121132 0.00102275 0.00121122 0.99999874
0.99999800 -0.00090737 -0.00178228 0.00090480 0.99999855 -0.00144386 0.00178358 0.00144224 0.99999737
0.99999676 -0.00189555 -0.00169895 0.00189532 0.99999819 -0.00013709 0.00169921 0.00013387 0.99999855
0.99999755 0.00096476 -0.00199250 -0.00096577 0.99999941 -0.00050475 0.00199201 0.00050668 0.99999789
0.99998147 0.00245560 -0.00557075 -0.00243932 0.99999274 0.00292680 0.00557790 -0.00291316 0.99998020
0.99998693 0.00058651 -0.00507823 -0.00057667 0.99999795 0.00193952 0.00507935 -0.00193656 0.99998522
0.99997431 0.00049329 -0.00715088 -0.00047670 0.99999719 0.00232120 0.00715201 -0.00231773 0.99997174
0.99996905 0.00090970 -0.00781441 -0.00089144 0.99999687 0.00233944 0.00781651 -0.00233240 0.99996673
0.99996059 -0.00275290 -0.00844035 0.00276286 0.99999550 0.00116799 0.00843710 -0.00119126 0.99996370
0.99996310 0.00017204 -0.00858849 -0.00017457 0.99999994 -0.00029342 0.00858844 0.00029491 0.99996308
0.99994504 -0.00285684 -0.01008693 0.00283223 0.99999298 -0.00245338 0.01009387 0.00242468 0.99994612
0.99994208 -0.00208302 -0.01055885 0.00209191 0.99999747 0.00083036 0.01055709 -0.00085240 0.99994391
0.99989201 -0.00283305 -0.01441994 0.00281973 0.99999558 -0.00094404 0.01442255 0.00090327 0.99989558
0.99990128 -0.00241392 -0.01384206 0.00239632 0.99999630 -0.00128766 0.01384512 0.00125436 0.99990336
0.99985842 -0.00213772 -0.01669031 0.00211503 0.99999682 -0.00137696 0.01669320 0.00134147 0.99985976
0.99990304 -0.00058082 -0.01391325 0.00061869 0.99999611 0.00271808 0.01391161 -0.00272643 0.99989951
0.99985691 -0.00353868 -0.01654210 0.00353739 0.99999374 -0.00010731 0.01654238 0.00004878 0.99986316
1.00000000 0.00000000 0.00000000 0.00000000 1.00000000 0.00000000 0.00000000 0.00000000 1.00000000
0.99987201 -0.00295185 -0.01572412 0.00298260 0.99999369 0.00193202 0.01571832 -0.00197867 0.99987450
0.99984882 -0.00463849 -0.01675787 0.00469306 0.99998381 0.00321877 0.01674267 -0.00329693 0.99985440
0.99984858 -0.00496319 -0.01667890 0.00499043 0.99998628 0.00159191 0.01667077 -0.00167490 0.99985963
0.99983312 -0.00515856 -0.01752481 0.00517811 0.99998602 0.00107054 0.01751905 -0.00116111 0.99984586
0.99979091 -0.00490571 -0.01985135 0.00494322 0.99998609 0.00184117 0.01984205 -0.00193891 0.99980125
0.99976648 -0.00659623 -0.02057841 0.00663762 0.99997608 0.00194368 0.02056509 -0.00207981 0.99978635
0.99980596 -0.00083617 -0.01968082 0.00081512 0.99999909 -0.00107794 0.01968170 0.00106169 0.99980573
0.99981118 -0.00102689 -0.01940509 0.00101562 0.99999931 -0.00059090 0.01940568 0.00057108 0.99981153
0.99881951 -0.00622836 -0.04817458 0.00541779 0.99984186 -0.01693815 0.04827246 0.01665715 0.99869530
0.99972979 -0.00474174 -0.02275656 0.00480420 0.99998484 0.00269077 0.02274345 -0.00279937 0.99973741
0.99975663 -0.00526916 -0.02142246 0.00531308 0.99998390 0.00199370 0.02141161 -0.00210703 0.99976852
0.99968511 -0.00229190 -0.02498862 0.00230547 0.99999721 0.00051454 0.02498737 -0.00057199 0.99968760
0.99963508 -0.00360575 -0.02677130 0.00355989 0.99999211 -0.00176047 0.02677744 0.00166452 0.99964003
0.99967535 0.00041352 -0.02547613 -0.00041654 0.99999991 -0.00011322 0.02547608 0.00012380 0.99967542
0.99962151 -0.00179660 -0.02745182 0.00182254 0.99999792 0.00091981 0.02745011 -0.00096950 0.99962270
0.99957991 0.00114457 -0.02896011 -0.00107911 0.99999683 0.00227584 0.02896263 -0.00224363 0.99957798
0.99973834 0.01032142 -0.02041362 -0.01031539 0.99994671 0.00040028 0.02041666 -0.00018960 0.99979154
0.99962641 0.00027424 -0.02733084 -0.00027154 0.99999996 0.00010246 0.02733087 -0.00009500 0.99962644
0.99961354 -0.00137259 -0.02776481 0.00136584 0.99999903 -0.00026203 0.02776515 0.00022401 0.99961445
0.99957041 -0.00434634 -0.02898470 0.00433399 0.99999049 -0.00048916 0.02898655 0.00036333 0.99957974
0.99957325 0.00051653 -0.02920694 -0.00049746 0.99999966 0.00066035 0.02920727 -0.00064553 0.99957317
0.99951717 -0.00359550 -0.03086248 0.00355547 0.99999277 -0.00135174 0.03086712 0.00124135 0.99952273
0.99951619 -0.00114641 -0.03108168 0.00113422 0.99999927 -0.00040959 0.03108213 0.00037414 0.99951676
0.99956102 -0.00152728 -0.02958759 0.00159208 0.99999638 0.00216686 0.02958418 -0.00221301 0.99955984
0.99948730 -0.00148061 -0.03198351 0.00153922 0.99999718 0.00180799 0.03198075 -0.00185629 0.99948676
0.99945628 -0.00335939 -0.03280019 0.00341489 0.99999283 0.00163619 0.03279446 -0.00174731 0.99946059
0.99946769 0.00264443 -0.03251678 -0.00283501 0.99997907 -0.00581619 0.03250072 0.00590528 0.99945427
0.99939319 -0.00281368 -0.03471782 0.00278234 0.99999568 -0.00095086 0.03472034 0.00085368 0.99939670
0.99939548 -0.00500766 -0.03440337 0.00506290 0.99998603 0.00151870 0.03439528 -0.00169197 0.99940688
0.99938312 -0.00261669 -0.03502188 0.00266231 0.99999567 0.00125601 0.03501844 -0.00134847 0.99938576
0.99912305 -0.00664935 -0.04133897 0.00685643 0.99996464 0.00486950 0.04130513 -0.00514867 0.99913331
0.99935511 -0.00106073 -0.03589203 0.00112215 0.99999794 0.00169129 0.03589016 -0.00173048 0.99935424
0.99937648 -0.00345379 -0.03513865 0.00354496 0.99999051 0.00253278 0.03512957 -0.00265577 0.99937924
0.99930757 -0.00343038 -0.03704870 0.00346774 0.99999354 0.00094425 0.03704522 -0.00107207 0.99931302
0.99923697 -0.00308290 -0.03893558 0.00311061 0.99999495 0.00065109 0.03893338 -0.00077170 0.99924151
0.99935230 -0.00335326 -0.03582924 0.00337194 0.99999421 0.00046085 0.03582748 -0.00058137 0.99935782
0.99937555 -0.00170250 -0.03529335 0.00169617 0.99999854 -0.00020925 0.03529366 0.00014926 0.99937697
0.99942016 -0.00039105 -0.03404678 0.00040784 0.99999980 0.00048624 0.03404658 -0.00049984 0.99942012
0.99944090 -0.00089346 -0.03342284 0.00093754 0.99999871 0.00130322 0.03342163 -0.00133382 0.99944045
0.99941030 -0.00208021 -0.03427430 0.00209452 0.99999773 0.00038139 0.03427342 -0.00045296 0.99941239
0.99947579 -0.00340352 -0.03219566 0.00339451 0.99999418 -0.00033446 0.03219661 0.00022500 0.99948153
0.99964639 -0.00384041 -0.02631242 0.00385343 0.99999248 0.00044424 0.02631051 -0.00054548 0.99965367
0.99953265 -0.00370158 -0.03034451 0.00375591 0.99999144 0.00173356 0.03033783 -0.00184672 0.99953800
0.99953225 -0.00317556 -0.03041719 0.00316603 0.99999492 -0.00036157 0.03041818 0.00026510 0.99953722
0.99951025 -0.00376929 -0.03106517 0.00376577 0.99999289 -0.00017183 0.03106559 0.00005476 0.99951735
0.99949848 -0.00447980 -0.03134842 0.00448232 0.99998995 0.00001019 0.03134806 -0.00015070 0.99950852
0.99954478 -0.00488937 -0.02977108 0.00490454 0.99998788 0.00043640 0.02976858 -0.00058222 0.99955665
0.99956408 -0.00276944 -0.02939347 0.00274872 0.99999594 -0.00074530 0.02939542 0.00066418 0.99956764
0.99945741 -0.00793116 -0.03196834 0.00796069 0.99996800 0.00079658 0.03196100 -0.00105064 0.99948856
0.99953977 -0.00325011 -0.03016098 0.00326601 0.99999455 0.00047785 0.03015926 -0.00057614 0.99954494
0.99952527 -0.00298356 -0.03066490 0.00302930 0.99999437 0.00144503 0.03066041 -0.00153724 0.99952868
0.99948024 -0.00233314 -0.03215289 0.00233924 0.99999725 0.00015221 0.03215245 -0.00022735 0.99948295
0.99946989 -0.00311869 -0.03240695 0.00306618 0.99999391 -0.00166986 0.03241196 0.00156961 0.99947336
0.99947378 -0.00415490 -0.03216995 0.00407053 0.99998810 -0.00268752 0.03218074 0.00255515 0.99947880
0.99952998 -0.00130643 -0.03062854 0.00129859 0.99999912 -0.00027596 0.03062887 0.00023606 0.99953080
0.99954380 -0.00219317 -0.03012268 0.00220783 0.99999746 0.00045343 0.03012161 -0.00051973 0.99954611
0.99952449 -0.00104016 -0.03081748 0.00111906 0.99999614 0.00254303 0.03081472 -0.00257631 0.99952179
0.99961909 0.00115736 -0.02757418 -0.00115000 0.99999930 0.00028287 0.02757449 -0.00025105 0.99961972
0.99966672 0.00139234 -0.02577793 -0.00140176 0.99999896 -0.00034715 0.02577742 0.00038317 0.99966763
0.99970464 -0.00161862 -0.02424899 0.00164886 0.99999789 0.00122720 0.02424695 -0.00126682 0.99970520
0.99974977 -0.00026535 -0.02236817 0.00031659 0.99999733 0.00228724 0.02236750 -0.00229375 0.99974718
0.99976806 -0.00300372 -0.02132630 0.00302241 0.99999508 0.00084412 0.02132366 -0.00090838 0.99977221
0.99976875 -0.00110941 -0.02147574 0.00111337 0.99999937 0.00017240 0.02147553 -0.00019627 0.99976935
0.99978062 -0.00383891 -0.02059084 0.00385487 0.99999230 0.00073568 0.02058786 -0.00081489 0.99978772
0.99979654 -0.00052940 -0.02016418 0.00053185 0.99999985 0.00011603 0.02016412 -0.00012673 0.99979668
0.99979727 -0.00151395 -0.02007812 0.00152051 0.99999880 0.00031165 0.02007762 -0.00034212 0.99979837
0.99976653 0.00046185 -0.02160261 -0.00043142 0.99999891 0.00141314 0.02160324 -0.00140349 0.99976564
0.99978426 -0.00181586 -0.02069167 0.00184929 0.99999702 0.00159642 0.02068871 -0.00163434 0.99978463
0.99979042 -0.00108597 -0.02044369 0.00110598 0.99999892 0.00096771 0.02044261 -0.00099012 0.99979054
0.99977478 -0.00451356 -0.02073690 0.00450094 0.99998966 -0.00065553 0.02073964 0.00056205 0.99978475
0.99979510 -0.00234434 -0.02010631 0.00234025 0.99999724 -0.00022666 0.02010678 0.00017956 0.99979782
0.99983387 0.00000372 -0.01822732 0.00000199 0.99999995 0.00031279 0.01822732 -0.00031277 0.99983382
0.99983796 -0.00211747 -0.01787655 0.00215773 0.99999518 0.00223295 0.01787173 -0.00227116 0.99983771
0.99984853 0.00269531 -0.01719435 -0.00265798 0.99999406 0.00219336 0.01720016 -0.00214733 0.99984976
0.99985117 -0.00205931 -0.01712855 0.00205501 0.99999785 -0.00026880 0.01712906 0.00023356 0.99985326
0.99986775 -0.00473613 -0.01555774 0.00470441 0.99998678 -0.00207512 0.01556736 0.00200166 0.99987682
0.99988210 -0.00157128 -0.01527479 0.00159185 0.99999784 0.00133498 0.01527266 -0.00135914 0.99988244
0.99988960 -0.00316520 -0.01451774 0.00317991 0.99999445 0.00099056 0.01451453 -0.00103662 0.99989412
0.99990989 -0.00204364 -0.01326790 0.00204589 0.99999790 0.00015572 0.01326755 -0.00018285 0.99991197
0.99994364 -0.00083580 -0.01058426 0.00084078 0.99999954 0.00046615 0.01058386 -0.00047502 0.99994388
0.99996472 0.00052536 -0.00838339 -0.00050436 0.99999673 0.00250648 0.00838468 -0.00250216 0.99996172
0.99999901 -0.00137581 -0.00029290 0.00137557 0.99999874 -0.00079310 0.00029399 0.00079269 0.99999964
0.99998721 -0.00027897 -0.00504934 0.00028116 0.99999987 0.00043438 0.00504921 -0.00043579 0.99998716
0.99999772 -0.00062223 -0.00204220 0.00062017 0.99999930 -0.00100949 0.00204283 0.00100822 0.99999741
0.99998782 -0.00076233 -0.00487629 0.00076885 0.99999881 0.00133549 0.00487527 -0.00133922 0.99998722
0.99998960 -0.00076950 -0.00449501 0.00077127 0.99999963 0.00039181 0.00449471 -0.00039527 0.99998982
0.99999168 -0.00100579 -0.00395401 0.00100467 0.99999945 -0.00028593 0.00395429 0.00028195 0.99999214
0.99998339 -0.00128672 -0.00561786 0.00130078 0.99999603 0.00250030 0.00561462 -0.00250757 0.99998109
0.99999808 -0.00066717 -0.00184400 0.00066840 0.99999955 0.00066623 0.00184356 -0.00066746 0.99999808
0.99998970 0.00070586 -0.00448423 -0.00070235 0.99999944 0.00078561 0.00448479 -0.00078246 0.99998964
0.99998919 0.00151282 -0.00439602 -0.00151280 0.99999886 0.00000782 0.00439603 -0.00000117 0.99999034
0.99995733 0.00168981 -0.00908166 -0.00166548 0.99999500 0.00268658 0.00908616 -0.00267134 0.99995515
1.00000000 0.00000000 0.00000000 0.00000000 1.00000000 0.00000000 0.00000000 0.00000000 1.00000000
0.99999849 0.00115400 -0.00130255 -0.00115432 0.99999930 -0.00024616 0.00130226 0.00024766 0.99999912
0.99999664 0.00228191 -0.00123032 -0.00228341 0.99999665 -0.00122075 0.00122753 0.00122356 0.99999850
0.99999831 0.00070429 -0.00169601 -0.00070698 0.99999849 -0.00158838 0.00169488 0.00158958 0.99999730
0.99999918 0.00096122 -0.00084616 -0.00096238 0.99999859 -0.00137607 0.00084484 0.00137688 0.99999870
0.99999929 0.00106269 0.00053041 -0.00106222 0.99999905 -0.00087382 -0.00053134 0.00087325 0.99999948
0.99999960 0.00072312 -0.00052436 -0.00072261 0.99999927 0.00097256 0.00052507 -0.00097218 0.99999939
0.99999842 -0.00175769 -0.00025304 0.00175801 0.99999762 0.00128875 0.00025077 -0.00128920 0.99999914
0.99999700 -0.00243925 -0.00021588 0.00243955 0.99999599 0.00143774 0.00021237 -0.00143826 0.99999894
0.99999876 -0.00156503 0.00018053 0.00156477 0.99999780 0.00139723 -0.00018272 -0.00139694 0.99999901
0.99999824 -0.00187410 -0.00011324 0.00187391 0.99999699 -0.00158642 0.00011622 0.00158621 0.99999874
0.99999976 -0.00054868 0.00041522 0.00054968 0.99999694 -0.00241035 -0.00041390 0.00241058 0.99999701
0.99999962 -0.00077718 -0.00039389 0.00077698 0.99999957 -0.00049785 0.00039427 0.00049755 0.99999980
0.99999822 0.00175901 0.00067996 -0.00175988 0.99999762 0.00129105 -0.00067769 -0.00129224 0.99999894
0.99999937 0.00109704 0.00024592 -0.00109760 0.99999682 0.00227153 -0.00024342 -0.00227180 0.99999739
0.99999997 0.00005881 0.00024100 -0.00005905 0.99999948 0.00102189 -0.00024094 -0.00102191 0.99999945
0.99999995 0.00005123 -0.00030284 -0.00005132 0.99999996 -0.00028676 0.00030282 0.00028678 0.99999991
0.99999965 0.00083180 -0.00008539 -0.00083191 0.99999894 -0.00119187 0.00008440 0.00119195 0.99999929
0.99999860 0.00163252 0.00035688 -0.00163257 0.99999866 0.00014169 -0.00035665 -0.00014227 0.99999993
0.99999842 0.00175583 -0.00026701 -0.00175621 0.99999743 -0.00143352 0.00026449 0.00143399 0.99999894
0.99999811 0.00192439 -0.00026539 -0.00192446 0.99999811 -0.00027268 0.00026486 0.00027319 0.99999993
0.99999903 0.00138984 0.00002087 -0.00138991 0.99999005 0.00424000 -0.00001497 -0.00424002 0.99999101
0.99999959 0.00075243 -0.00051075 -0.00074979 0.99998650 0.00514143 0.00051461 -0.00514104 0.99998665
0.99999930 0.00118049 0.00001121 -0.00118051 0.99999699 0.00214883 -0.00000868 -0.00214885 0.99999769
0.99999834 0.00175177 -0.00050602 -0.00175208 0.99999827 -0.00061844 0.00050494 0.00061933 0.99999968
0.99999979 0.00058709 -0.00027024 -0.00058707 0.99999983 0.00007162 0.00027028 -0.00007146 0.99999996
0.99999940 0.00059783 -0.00091540 -0.00059552 0.99999666 0.00251692 0.00091690 -0.00251637 0.99999641
0.99999745 -0.00140445 -0.00176695 0.00140832 0.99999661 0.00218955 0.00176387 -0.00219204 0.99999604
0.99999796 -0.00078360 -0.00185908 0.00078637 0.99999858 0.00149185 0.00185791 -0.00149331 0.99999716
0.99999974 -0.00011967 -0.00071005 0.00011859 0.99999885 -0.00151223 0.00071023 0.00151215 0.99999860
0.99999602 0.00174798 -0.00221397 -0.00174589 0.99999803 0.00094718 0.00221562 -0.00094331 0.99999710
0.99999852 0.00102204 -0.00138192 -0.00102185 0.99999947 0.00013790 0.00138206 -0.00013649 0.99999904
0.99999449 0.00087121 -0.00320239 -0.00086188 0.99999538 0.00291350 0.00320492 -0.00291072 0.99999063
0.99999532 -0.00026971 -0.00304764 0.00027906 0.99999526 0.00306533 0.00304680 -0.00306617 0.99999066
0.99999517 -0.00093776 -0.00296485 0.00094520 0.99999641 0.00250668 0.00296249 -0.00250947 0.99999246
0.99999248 -0.00120815 -0.00368408 0.00120526 0.99999897 -0.00078499 0.00368503 0.00078055 0.99999291
0.99999205 -0.00023250 -0.00397989 0.00022561 0.99999847 -0.00173184 0.00398029 0.00173093 0.99999058
0.99999454 -0.00006649 -0.00330299 0.00006306 0.99999946 -0.00103991 0.00330306 0.00103970 0.99999400
0.99999806 0.00005609 -0.00197014 -0.00005553 0.99999996 0.00028124 0.00197015 -0.00028113 0.99999802
0.99999878 0.00156229 -0.00006551 -0.00156215 0.99999671 0.00203672 0.00006869 -0.00203662 0.99999792
0.99999899 0.00069574 -0.00124224 -0.00069841 0.99999743 -0.00215630 0.00124074 0.00215717 0.99999690
0.99999943 -0.00106505 -0.00007979 0.00106465 0.99998742 -0.00490261 0.00008501 0.00490252 0.99998798
0.99999595 0.00244210 0.00146337 -0.00243478 0.99998460 -0.00498754 -0.00147553 0.00498396 0.99998649
0.99999229 0.00375256 0.00115765 -0.00375264 0.99999296 0.00006318 -0.00115741 -0.00006753 0.99999933
0.99997921 0.00372102 0.00526575 -0.00372267 0.99999302 0.00030494 -0.00526458 -0.00032453 0.99998609
0.99993107 0.00760135 0.00894794 -0.00760523 0.99997100 0.00039868 -0.00894465 -0.00046670 0.99995989
0.99995159 0.00482259 0.00857619 -0.00482586 0.99998829 0.00036122 -0.00857435 -0.00040259 0.99996316
0.99995111 0.00154497 0.00976719 -0.00154058 0.99999871 -0.00045738 -0.00976788 0.00044231 0.99995220
0.99994340 0.00162353 0.01051433 -0.00163078 0.99999844 0.00068152 -0.01051321 -0.00069863 0.99994449
