1.00000000 0.00000000 0.00000000 0.00000000 1.00000000 0.00000000 0.00000000 0.00000000 1.00000000
0.99999720 -0.00235552 0.00024590 0.00235591 0.99999596 -0.00158809 -0.00024216 0.00158867 0.99999871
0.99999825 -0.00153885 -0.00106626 0.00154251 0.99999290 0.00343954 0.00106096 -0.00344118 0.99999352
0.99999513 -0.00234948 -0.00205213 0.00236115 0.99998095 0.00570380 0.00203869 -0.00570861 0.99998163
0.99999517 -0.00221601 -0.00217885 0.00221530 0.99999749 -0.00033132 0.00217958 0.00032650 0.99999757
0.99999564 -0.00149752 -0.00254365 0.00149138 0.99999598 -0.00241218 0.00254725 0.00240838 0.99999386
0.99999886 -0.00071319 -0.00133039 0.00070969 0.99999628 -0.00263193 0.00133226 0.00263098 0.99999565
0.99999856 0.00083547 -0.00147931 -0.00083709 0.99999905 -0.00109794 0.00147839 0.00109918 0.99999830
0.99999841 0.00071819 -0.00163388 -0.00071701 0.99999948 0.00072570 0.00163440 -0.00072452 0.99999840
0.99999633 0.00194805 -0.00188257 -0.00194235 0.99999353 0.00302694 0.00188845 -0.00302327 0.99999365
0.99999186 0.00285810 -0.00284680 -0.00284482 0.99998510 0.00465876 0.00286007 -0.00465062 0.99998510
0.99999845 -0.00055607 -0.00166810 0.00055545 0.99999978 -0.00037075 0.00166831 0.00036983 0.99999854
0.99999975 -0.00002808 -0.00070034 0.00002778 0.99999991 -0.00042770 0.00070035 0.00042768 0.99999966
0.99999952 -0.00000153 -0.00097756 0.00000014 0.99999900 -0.00141738 0.00097756 0.00141738 0.99999852
0.99999948 0.00021581 -0.00099484 -0.00021800 0.99999756 -0.00219647 0.00099437 0.00219669 0.99999709
0.99999818 -0.00090265 -0.00168286 0.00089983 0.99999820 -0.00167132 0.00168436 0.00166980 0.99999719
0.99999827 0.00081625 -0.00166962 -0.00081920 0.99999811 -0.00176212 0.00166818 0.00176348 0.99999705
0.99999637 0.00174409 -0.00205615 -0.00174601 0.99999804 -0.00092996 0.00205452 0.00093355 0.99999745
0.99999887 0.00143901 -0.00044082 -0.00143946 0.99999844 -0.00102234 0.00043935 0.00102298 0.99999938
0.99999891 -0.00019944 -0.00146071 0.00019899 0.99999993 -0.00030760 0.00146077 0.00030731 0.99999889
0.99999837 0.00118166 -0.00136681 -0.00117948 0.99999803 0.00159821 0.00136869 -0.00159659 0.99999779
0.99999569 0.00108542 -0.00272931 -0.00108158 0.99999842 0.00140934 0.00273084 -0.00140638 0.99999528
0.99999782 -0.00058378 -0.00200719 0.00058209 0.99999948 -0.00084173 0.00200768 0.00084056 0.99999763
0.99999883 0.00034390 -0.00148850 -0.00034480 0.99999976 -0.00060371 0.00148829 0.00060423 0.99999871
0.99999105 0.00116814 -0.00406687 -0.00116322 0.99999859 0.00121310 0.00406828 -0.00120836 0.99999099
0.99999989 0.00011673 0.00045456 -0.00011656 0.99999993 -0.00036116 -0.00045461 0.00036111 0.99999983
0.99999804 -0.00146239 -0.00133509 0.00146795 0.99999021 0.00417458 0.00132898 -0.00417653 0.99999040
0.99999954 -0.00077040 -0.00057943 0.00077170 0.99999718 0.00224776 0.00057770 -0.00224821 0.99999731
0.99999919 -0.00125163 0.00021995 0.00125224 0.99999525 -0.00281500 -0.00021642 0.00281528 0.99999601
0.99999920 0.00031535 -0.00122767 -0.00031871 0.99999620 -0.00273751 0.00122680 0.00273790 0.99999550
0.99999996 -0.00020861 -0.00018318 0.00020840 0.99999933 -0.00114107 0.00018342 0.00114103 0.99999933
0.99999931 0.00099667 -0.00061714 -0.00099698 0.99999938 -0.00049614 0.00061664 0.00049675 0.99999969
0.99999916 0.00055706 -0.00117334 -0.00055784 0.99999962 -0.00067013 0.00117297 0.00067078 0.99999909
0.99999794 -0.00009301 -0.00202541 0.00009076 0.99999938 -0.00110882 0.00202551 0.00110863 0.99999733
0.99999826 0.00096301 -0.00159547 -0.00096349 0.99999949 -0.00030226 0.00159518 0.00030379 0.99999868
0.99999862 -0.00022377 -0.00164702 0.00022372 0.99999997 -0.00003057 0.00164703 0.00003020 0.99999864
0.99999755 -0.00003437 -0.00221428 0.00003755 0.99999896 0.00143875 0.00221423 -0.00143883 0.99999651
0.99999525 0.00201296 -0.00233562 -0.00201047 0.99999741 0.00106453 0.00233775 -0.00105983 0.99999671
0.99999677 0.00230313 -0.00107828 -0.00230220 0.99999698 0.00086175 0.00108027 -0.00085927 0.99999905
0.99998198 0.00307356 -0.00515731 -0.00305916 0.99999140 0.00279875 0.00516586 -0.00278292 0.99998278
0.99999456 0.00291914 -0.00153794 -0.00292100 0.99999501 -0.00120510 0.00153442 0.00120958 0.99999809
0.99999743 -0.00040955 -0.00222821 0.00041069 0.99999978 0.00051134 0.00222800 -0.00051226 0.99999739
0.99999846 0.00092180 -0.00149101 -0.00091900 0.99999781 0.00188148 0.00149274 -0.00188011 0.99999712
0.99999512 0.00311321 0.00027654 -0.00311333 0.99999506 0.00043777 -0.00027518 -0.00043863 0.99999987
0.99999194 0.00392083 0.00086991 -0.00391861 0.99998910 -0.00253843 -0.00087985 0.00253500 0.99999640
0.99999675 0.00224821 0.00120154 -0.00224322 0.99998890 -0.00414314 -0.00121084 0.00414044 0.99999070
0.99999938 0.00089773 0.00065488 -0.00089684 0.99999866 -0.00137222 -0.00065611 0.00137163 0.99999884
0.99999867 0.00162255 -0.00017238 -0.00162218 0.99999640 0.00213558 0.00017584 -0.00213530 0.99999770
0.99998567 0.00466073 0.00263362 -0.00466696 0.99998632 0.00236415 -0.00262257 -0.00237641 0.99999374
0.99998379 0.00482395 0.00302597 -0.00483459 0.99998212 0.00351940 -0.00300894 -0.00353397 0.99998923
0.99997545 0.00552387 0.00431054 -0.00552526 0.99998469 0.00031047 -0.00430876 -0.00033428 0.99999066
0.99997537 0.00469391 0.00521810 -0.00469278 0.99998896 -0.00022771 -0.00521912 0.00020322 0.99998636
0.99997336 0.00359824 0.00635069 -0.00361060 0.99999161 0.00193555 -0.00634367 -0.00195843 0.99997796
0.99996718 0.00479043 0.00653330 -0.00479919 0.99998760 0.00132599 -0.00652686 -0.00135731 0.99997778
0.99996945 0.00345672 0.00701116 -0.00345376 0.99999394 -0.00043491 -0.00701262 0.00041068 0.99997533
0.99996833 0.00345528 0.00716892 -0.00345621 0.99999402 0.00011751 -0.00716847 -0.00014228 0.99997430
0.99996019 0.00487371 0.00747423 -0.00487263 0.99998812 -0.00016202 -0.00747493 0.00012560 0.99997205
0.99996028 0.00411099 0.00790755 -0.00409189 0.99998867 -0.00243046 -0.00791745 0.00239801 0.99996578
0.99996501 0.00230219 0.00804212 -0.00227635 0.99999223 -0.00321977 -0.00804947 0.00320135 0.99996248
0.99996914 0.00053728 0.00783793 -0.00053713 0.99999986 -0.00002141 -0.00783794 0.00001720 0.99996928
0.99996872 -0.00047452 0.00789557 0.00046117 0.99999846 0.00169212 -0.00789636 -0.00168843 0.99996740
0.99996596 0.00170678 0.00807238 -0.00171601 0.99999788 0.00113733 -0.00807043 -0.00115115 0.99996677
0.99995374 0.00365840 0.00889609 -0.00366596 0.99999293 0.00083394 -0.00889298 -0.00086652 0.99996008
0.99994951 0.00534464 0.00850897 -0.00535618 0.99998477 0.00133442 -0.00850171 -0.00137993 0.99996291
0.99995346 0.00408567 0.00873933 -0.00408870 0.99999159 0.00032890 -0.00873792 -0.00036462 0.99996176
0.99995677 -0.00036203 0.00929165 0.00035144 0.99999929 0.00114040 -0.00929205 -0.00113709 0.99995618
0.99993563 -0.00129171 0.01127265 0.00130088 0.99999883 -0.00080621 -0.01127160 0.00082082 0.99993614
0.99992923 -0.00175093 0.01176716 0.00178721 0.99999368 -0.00307332 -0.01176170 0.00309414 0.99992604
0.99990793 0.00060436 0.01355630 -0.00055921 0.99999428 -0.00333460 -0.01355824 0.00332671 0.99990255
0.99987495 0.00152143 0.01574079 -0.00149914 0.99999786 -0.00142766 -0.01574293 0.00140388 0.99987509
0.99987144 0.00158201 0.01595651 -0.00158431 0.99999874 0.00013132 -0.01595629 -0.00015658 0.99987268
0.99985347 0.00060474 0.01710747 -0.00060490 0.99999982 0.00000471 -0.01710746 -0.00001506 0.99985366
0.99984600 -0.00126122 0.01750373 0.00125420 0.99999913 0.00041199 -0.01750423 -0.00038997 0.99984671
0.99980249 -0.00133362 0.01982940 0.00132195 0.99999895 0.00060149 -0.01983018 -0.00057516 0.99980320
0.99975103 0.00174730 0.02224454 -0.00175531 0.99999840 0.00034023 -0.02224391 -0.00037919 0.99975250
0.99976732 0.00135563 0.02152848 -0.00132466 0.99999807 -0.00145270 -0.02153041 0.00142385 0.99976718
0.99971324 0.00113030 0.02391998 -0.00109908 0.99999853 -0.00131846 -0.02392144 0.00129179 0.99971301
0.99964953 0.00102839 0.02645311 -0.00104571 0.99999925 0.00064088 -0.02645243 -0.00066831 0.99964985
0.99964786 0.00317986 0.02634469 -0.00322356 0.99999350 0.00161630 -0.02633938 -0.00170065 0.99965161
0.99955425 0.00310661 0.02969246 -0.00315325 0.99999387 0.00152399 -0.02968754 -0.00161694 0.99955792
0.99949337 0.00179513 0.03177702 -0.00178716 0.99999836 -0.00027915 -0.03177747 0.00022221 0.99949494
0.99944176 -0.00095860 0.03339539 0.00096353 0.99999953 -0.00013147 -0.03339524 0.00016357 0.99944221
0.99935870 -0.00347107 0.03563894 0.00348052 0.99999392 -0.00020318 -0.03563802 0.00032709 0.99936471
0.99923400 -0.00131364 0.03911128 0.00142294 0.99999516 -0.00276694 -0.03910745 0.00282048 0.99923103
0.99917411 0.00095540 0.04062240 -0.00083113 0.99999492 -0.00307603 -0.04062513 0.00303973 0.99916983
0.99912717 0.00148768 0.04174549 -0.00140069 0.99999679 -0.00211287 -0.04174850 0.00205255 0.99912604
0.99902976 0.00310530 0.04393064 -0.00301944 0.99999340 -0.00202066 -0.04393663 0.00188605 0.99903254
0.99895626 0.00461197 0.04544352 -0.00461062 0.99998936 -0.00013446 -0.04544366 -0.00007520 0.99896690
0.99890677 0.00570192 0.04639778 -0.00571672 0.99998364 0.00018637 -0.04639596 -0.00045141 0.99892303
0.99879385 0.00268178 0.04902707 -0.00272968 0.99999586 0.00091026 -0.04902443 -0.00104299 0.99879704
0.99865235 -0.00113035 0.05188638 0.00101271 0.99999686 0.00229360 -0.05188881 -0.00223796 0.99865036
0.99840739 -0.00090406 0.05640798 0.00081728 0.99999845 0.00156151 -0.05640930 -0.00151293 0.99840658
0.99833871 0.00187540 0.05758737 -0.00192855 0.99999776 0.00086745 -0.05758562 -0.00097707 0.99834009
0.99837824 0.00009776 0.05692875 -0.00010907 0.99999997 0.00019551 -0.05692873 -0.00020140 0.99837822
0.99838983 0.00024565 0.05672462 -0.00032126 0.99999907 0.00132384 -0.05672424 -0.00133994 0.99838898
0.99844830 0.00170308 0.05566047 -0.00186111 0.99999438 0.00278748 -0.05565541 -0.00288675 0.99844586
0.99848232 0.00275861 0.05500415 -0.00295759 0.99998937 0.00353635 -0.05499381 -0.00369367 0.99847986
0.99853931 0.00562319 0.05373673 -0.00575920 0.99998059 0.00237668 -0.05372232 -0.00268269 0.99855231
0.99863282 0.00130253 0.05225694 -0.00129668 0.99999915 -0.00014586 -0.05225709 0.00007790 0.99863366
0.99873787 -0.00771834 0.04962960 0.00767686 0.99997001 0.00102629 -0.04963603 -0.00064400 0.99876717
0.99888892 -0.01010957 0.04602956 0.00996285 0.99994454 0.00341593 -0.04606154 -0.00295355 0.99893424
0.99903723 -0.00599283 0.04345906 0.00602347 0.99998169 -0.00057405 -0.04345483 0.00083527 0.99905504
0.99923788 -0.00079088 0.03902604 0.00087163 0.99999751 -0.00205208 -0.03902432 0.00208454 0.99923609
0.99941892 -0.00692881 0.03337383 0.00698896 0.99997416 -0.00168621 -0.03336129 0.00191848 0.99944152
0.99954684 -0.00529646 0.02963202 0.00526797 0.99998558 0.00103955 -0.02963710 -0.00088298 0.99956033
0.99966685 -0.00513046 0.02529549 0.00510353 0.99998634 0.00112913 -0.02530093 -0.00099966 0.99967938
0.99979469 -0.00300119 0.02003904 0.00299496 0.99999546 0.00034092 -0.02003997 -0.00028084 0.99979914
0.99986766 -0.00137349 0.01621062 0.00140737 0.99999685 -0.00207894 -0.01620772 0.00210148 0.99986644
0.99991142 -0.00000459 0.01330963 -0.00000026 0.99999993 0.00036502 -0.01330963 -0.00036499 0.99991136
0.99993028 0.00033731 0.01180340 -0.00032362 0.99999927 -0.00116147 -0.01180379 0.00115757 0.99992966
0.99994723 -0.00412607 0.00940790 0.00415642 0.99998622 -0.00320800 -0.00939454 0.00324693 0.99995060
0.99997061 -0.00362945 0.00675333 0.00364523 0.99999065 -0.00232587 -0.00674482 0.00235042 0.99997449
0.99998840 -0.00041212 0.00479880 0.00041009 0.99999983 0.00042409 -0.00479897 -0.00042212 0.99998840
0.99998995 0.00282728 0.00347992 -0.00283548 0.99999321 0.00235394 -0.00347324 -0.00236378 0.99999117
0.99999387 0.00258107 0.00236462 -0.00259647 0.99997530 0.00653124 -0.00234770 -0.00653734 0.99997588
0.99999804 -0.00084843 0.00178702 0.00083888 0.99998540 0.00533805 -0.00179152 -0.00533654 0.99998416
0.99999767 -0.00193485 0.00095438 0.00193254 0.99999522 0.00241272 -0.00095904 -0.00241087 0.99999663
0.99999539 -0.00302724 -0.00025335 0.00302659 0.99999225 -0.00251643 0.00026096 0.00251565 0.99999680
0.99999949 -0.00064010 -0.00078416 0.00063397 0.99996943 -0.00779355 0.00078912 0.00779305 0.99996932
0.99999866 -0.00017402 -0.00162477 0.00016060 0.99996593 -0.00825366 0.00162615 0.00825339 0.99996462
0.99999731 -0.00093148 -0.00212219 0.00092877 0.99999875 -0.00127799 0.00212338 0.00127602 0.99999693
0.99999798 0.00088928 -0.00180442 -0.00088204 0.99999156 0.00401395 0.00180797 -0.00401235 0.99999032
0.99999654 0.00051384 -0.00258033 -0.00049816 0.99998143 0.00607454 0.00258341 -0.00607323 0.99997822
0.99999460 0.00216770 -0.00246823 -0.00216459 0.99999686 0.00125908 0.00247095 -0.00125373 0.99999616
0.99996515 -0.00788649 -0.00274030 0.00787089 0.99995302 -0.00565737 0.00278478 0.00563560 0.99998024
0.99999365 -0.00187642 -0.00303112 0.00185735 0.99997854 -0.00628241 0.00304285 0.00627674 0.99997567
0.99998071 0.00566049 -0.00255576 -0.00566357 0.99998324 -0.00120081 0.00254892 0.00121526 0.99999601
0.99998420 0.00473136 -0.00303654 -0.00472154 0.99998362 0.00323552 0.00305179 -0.00322113 0.99999016
0.99998212 -0.00404898 -0.00439990 0.00406311 0.99998660 0.00320699 0.00438686 -0.00322481 0.99998518
0.99997863 -0.00534936 -0.00375871 0.00534616 0.99998534 -0.00086056 0.00376326 0.00084044 0.99999257
0.99999588 0.00036755 -0.00284616 -0.00038250 0.99998613 -0.00525310 0.00284419 0.00525416 0.99998215
0.99999055 0.00193010 -0.00389422 -0.00193338 0.99999778 -0.00083860 0.00389259 0.00084613 0.99999207
0.99999317 0.00018277 -0.00369110 -0.00018230 0.99999998 0.00012760 0.00369113 -0.00012693 0.99999318
0.99998321 -0.00469609 -0.00339625 0.00470591 0.99998475 0.00288947 0.00338263 -0.00290540 0.99999006
0.99998181 -0.00508524 -0.00324269 0.00508259 0.99998674 -0.00082307 0.00324683 0.00080657 0.99999440
0.99998844 -0.00365853 -0.00311935 0.00365400 0.99999226 -0.00145830 0.00312466 0.00144689 0.99999407
0.99999682 -0.00051114 -0.00247031 0.00051064 0.99999985 -0.00019981 0.00247041 0.00019855 0.99999693
0.99999321 -0.00165149 -0.00329343 0.00165530 0.99999796 0.00115492 0.00329152 -0.00116037 0.99999391
0.99998927 -0.00307760 -0.00346148 0.00307977 0.99999506 0.00062205 0.00345955 -0.00063270 0.99999382
0.99999667 0.00038184 -0.00255344 -0.00038358 0.99999970 -0.00067874 0.00255318 0.00067972 0.99999651
0.99999174 0.00272742 -0.00301504 -0.00273329 0.99999437 -0.00194549 0.00300971 0.00195371 0.99999356
0.99999397 -0.00238283 -0.00252622 0.00238226 0.99999714 -0.00022884 0.00252676 0.00022282 0.99999678
0.99999494 0.00180755 -0.00261729 -0.00180732 0.99999836 0.00008915 0.00261744 -0.00008442 0.99999657
0.99999773 0.00038544 -0.00209479 -0.00038637 0.99999983 -0.00044620 0.00209462 0.00044701 0.99999771
0.99999109 0.00326505 -0.00267667 -0.00326515 0.99999467 -0.00003364 0.00267654 0.00004238 0.99999642
0.99999472 0.00078397 -0.00315282 -0.00079049 0.99999755 -0.00206746 0.00315119 0.00206994 0.99999289
0.99999369 -0.00017871 -0.00354906 0.00016546 0.99999302 -0.00373304 0.00354971 0.00373243 0.99998673
0.99999811 -0.00129408 -0.00145178 0.00129060 0.99999630 -0.00239420 0.00145488 0.00239232 0.99999608
0.99997728 0.00664309 -0.00114603 -0.00664495 0.99997659 -0.00163077 0.00113517 0.00163835 0.99999801
0.99999369 0.00304811 -0.00182694 -0.00304661 0.99999502 0.00082424 0.00182945 -0.00081867 0.99999799
0.99999383 -0.00154545 -0.00315329 0.00154197 0.99999820 -0.00110596 0.00315499 0.00110109 0.99999442
0.99999341 0.00024966 -0.00362233 -0.00025440 0.99999911 -0.00130801 0.00362200 0.00130893 0.99999258
0.99998629 0.00360528 -0.00379747 -0.00360901 0.99999301 -0.00097353 0.00379393 0.00098722 0.99999232
0.99999115 0.00067576 -0.00415333 -0.00066817 0.99999810 0.00183062 0.00415456 -0.00182783 0.99998970
0.99998957 -0.00083418 -0.00449087 0.00083369 0.99999965 -0.00011084 0.00449096 0.00010709 0.99998991
0.99998253 0.00240618 -0.00539825 -0.00242524 0.99999084 -0.00352700 0.00538971 0.00354003 0.99997921
0.99998025 0.00110086 -0.00618820 -0.00115509 0.99996090 -0.00876703 0.00617831 0.00877400 0.99994242
0.99997139 0.00250016 -0.00713907 -0.00253178 0.99998701 -0.00442335 0.00712792 0.00444130 0.99996473
0.99996392 0.00358499 -0.00770131 -0.00360478 0.99999023 -0.00255672 0.00769207 0.00258439 0.99996708
0.99996823 0.00317953 -0.00730890 -0.00316536 0.99999309 0.00194996 0.00731505 -0.00192677 0.99997139
0.99996869 -0.00053852 -0.00789499 0.00054884 0.99999900 0.00130500 0.00789428 -0.00130930 0.99996798
0.99996975 -0.00099304 -0.00771436 0.00101994 0.99999341 0.00348483 0.00771085 -0.00349260 0.99996417
0.99996973 0.00117375 -0.00769186 -0.00113607 0.99998734 0.00490126 0.00769752 -0.00489238 0.99995841
0.99997278 0.00159135 -0.00720397 -0.00153752 0.99997090 0.00747191 0.00721565 -0.00746063 0.99994614
0.99996933 -0.00084200 -0.00778699 0.00086066 0.99999676 0.00239367 0.00778495 -0.00240030 0.99996682
0.99997587 -0.00042233 -0.00693394 0.00040664 0.99999735 -0.00226419 0.00693488 0.00226131 0.99997340
0.99998439 -0.00107643 -0.00548332 0.00103618 0.99997254 -0.00733750 0.00549107 0.00733170 0.99995805
0.99998528 0.00080467 -0.00536634 -0.00082598 0.99999178 -0.00396992 0.00536310 0.00397429 0.99997772
0.99998712 0.00082814 -0.00500696 -0.00084364 0.99999486 -0.00309425 0.00500437 0.00309843 0.99998268
0.99998376 0.00186382 -0.00538663 -0.00186102 0.99999813 0.00052299 0.00538760 -0.00051296 0.99998536
0.99998050 -0.00413450 -0.00468073 0.00414367 0.99998951 0.00195006 0.00467262 -0.00196942 0.99998714
0.99998837 -0.00180595 -0.00447215 0.00183293 0.99998011 0.00603483 0.00446117 -0.00604295 0.99997179
0.99999407 0.00099370 -0.00329725 -0.00097283 0.99997952 0.00632495 0.00330347 -0.00632171 0.99997456
0.99998962 0.00332223 -0.00311915 -0.00331087 0.99998790 0.00363975 0.00313120 -0.00362939 0.99998851
0.99999283 0.00177971 -0.00334288 -0.00177827 0.99999832 0.00043362 0.00334364 -0.00042768 0.99999432
0.99999599 0.00164584 -0.00230447 -0.00165027 0.99999679 -0.00192099 0.00230130 0.00192479 0.99999550
0.99998983 0.00421826 -0.00159761 -0.00422437 0.99998369 -0.00384298 0.00158137 0.00384969 0.99999134
0.99999624 0.00155086 -0.00226322 -0.00155938 0.99999169 -0.00376692 0.00225735 0.00377043 0.99999034
0.99999770 0.00034549 -0.00211736 -0.00035728 0.99998442 -0.00557039 0.00211541 0.00557114 0.99998224
0.99999908 -0.00044854 -0.00127887 0.00044593 0.99999782 -0.00203960 0.00127978 0.00203903 0.99999710
0.99999661 0.00203046 -0.00163135 -0.00203015 0.99999792 0.00019283 0.00163174 -0.00018952 0.99999865
0.99999996 -0.00015203 -0.00023751 0.00015270 0.99999602 0.00281660 0.00023708 -0.00281664 0.99999601
0.99999964 -0.00084654 -0.00005025 0.00084661 0.99999855 0.00147700 0.00004900 -0.00147704 0.99999891
0.99999943 -0.00100310 0.00037593 0.00100282 0.99999922 0.00074298 -0.00037668 -0.00074260 0.99999965
0.99999857 -0.00064435 0.00156554 0.00064307 0.99999946 0.00081578 -0.00156606 -0.00081477 0.99999844
0.99999637 0.00139846 0.00230288 -0.00139646 0.99999864 -0.00087382 -0.00230410 0.00087060 0.99999697
0.99999523 0.00130852 0.00279855 -0.00130024 0.99999478 -0.00295876 -0.00280241 0.00295511 0.99999171
0.99999416 -0.00189140 0.00284739 0.00190465 0.99998735 -0.00465591 -0.00283855 0.00466131 0.99998511
0.99999624 -0.00185925 0.00201815 0.00186220 0.99999720 -0.00146244 -0.00201542 0.00146620 0.99999689
0.99999611 0.00067924 0.00270656 -0.00068178 0.99999933 0.00093640 -0.00270592 -0.00093824 0.99999590
0.99999651 0.00015046 0.00263930 -0.00015805 0.99999585 0.00287698 -0.00263886 -0.00287739 0.99999238
0.99999730 -0.00026369 0.00230887 0.00025479 0.99999254 0.00385298 -0.00230987 -0.00385238 0.99998991
0.99999210 -0.00324611 0.00229524 0.00324552 0.99999470 0.00026095 -0.00229607 -0.00025350 0.99999733
0.99999078 -0.00348170 0.00251358 0.00348779 0.99999098 -0.00242213 -0.00250512 0.00243088 0.99999391
0.99998759 -0.00350045 0.00354356 0.00351202 0.99998851 -0.00326384 -0.00353210 0.00327624 0.99998840
0.99999586 0.00047272 0.00283749 -0.00046822 0.99999863 -0.00158662 -0.00283823 0.00158528 0.99999472
0.99999791 0.00023916 0.00203263 -0.00023395 0.99999669 -0.00256129 -0.00203323 0.00256081 0.99999465
0.99999810 -0.00151001 0.00123158 0.00150834 0.99999793 0.00136223 -0.00123364 -0.00136037 0.99999831
0.99997243 -0.00739389 0.00069118 0.00739405 0.99997264 -0.00022388 -0.00068950 0.00022898 0.99999974
0.99998567 -0.00505956 -0.00175135 0.00506070 0.99998698 0.00064893 0.00174805 -0.00065779 0.99999826
0.99999553 -0.00264847 -0.00138924 0.00264783 0.99999639 -0.00046635 0.00139047 0.00046267 0.99999893
0.99999429 0.00127986 -0.00312628 -0.00127882 0.99999913 0.00033333 0.00312670 -0.00032933 0.99999506
0.99998501 -0.00070269 -0.00542947 0.00070126 0.99999972 -0.00026582 0.00542965 0.00026201 0.99998522
0.99997308 -0.00387136 -0.00623326 0.00387830 0.99999187 0.00110302 0.00622894 -0.00112717 0.99997996
0.99997152 0.00196357 -0.00728714 -0.00196713 0.99999795 -0.00048084 0.00728618 0.00049516 0.99997333
0.99996862 -0.00084017 -0.00787758 0.00085508 0.99999785 0.00188901 0.00787598 -0.00189568 0.99996719
0.99995416 0.00269360 -0.00918848 -0.00269281 0.99999637 0.00009899 0.00918871 -0.00007425 0.99995778
0.99995048 -0.00136127 -0.00985792 0.00136539 0.99999898 0.00041133 0.00985735 -0.00042477 0.99995132
0.99994544 0.00482971 -0.00926244 -0.00485661 0.99998405 -0.00288415 0.00924836 0.00292898 0.99995294
0.99995609 0.00118284 -0.00929669 -0.00119469 0.99999848 -0.00126942 0.00929517 0.00128047 0.99995598
0.99994120 0.00210429 -0.01063854 -0.00212690 0.99999550 -0.00211421 0.01063404 0.00213671 0.99994117
0.99994194 0.00231846 -0.01052363 -0.00234253 0.99999467 -0.00227554 0.01051829 0.00230006 0.99994204
0.99995140 0.00334423 -0.00927483 -0.00334527 0.99999440 -0.00009589 0.00927445 0.00012691 0.99995698
0.99994594 -0.00044337 -0.01038841 0.00043708 0.99999972 -0.00060776 0.01038868 0.00060318 0.99994585
0.99993696 0.00393668 -0.01051550 -0.00394164 0.99999213 -0.00045055 0.01051364 0.00049197 0.99994461
0.99993526 -0.00161666 -0.01126369 0.00166742 0.99998849 0.00449815 0.01125629 -0.00451664 0.99992645
0.99992449 -0.00448876 -0.01143921 0.00455224 0.99997435 0.00552952 0.01141410 -0.00558118 0.99991928
0.99992764 -0.00245811 -0.01177552 0.00249812 0.99999115 0.00338411 0.01176709 -0.00341328 0.99992494
0.99993995 0.00030294 -0.01095447 -0.00027019 0.99999549 0.00299115 0.01095533 -0.00298801 0.99993552
0.99993477 -0.00612721 -0.00963931 0.00612304 0.99998115 -0.00046195 0.00964196 0.00040290 0.99995343
0.99993745 -0.00649228 -0.00910711 0.00651454 0.99997586 0.00241686 0.00909120 -0.00247604 0.99995561
0.99993710 -0.00888818 -0.00684016 0.00892398 0.99994655 0.00522061 0.00679339 -0.00528133 0.99996298
0.99995604 -0.00536516 -0.00768998 0.00537755 0.99998427 0.00159180 0.00768132 -0.00163308 0.99996916
0.99996936 -0.00200951 -0.00756529 0.00199908 0.99999704 -0.00138512 0.00756805 0.00136996 0.99997042
0.99996570 -0.00231017 -0.00795395 0.00224425 0.99996315 -0.00828643 0.00797280 0.00826829 0.99993403
0.99996557 -0.00361712 -0.00746844 0.00356570 0.99996993 -0.00688616 0.00749313 0.00685930 0.99994840
0.99998222 0.00172208 -0.00570835 -0.00173425 0.99999623 -0.00212816 0.00570467 0.00213803 0.99998144
0.99995861 0.00744436 -0.00523119 -0.00743923 0.99997183 0.00099912 0.00523848 -0.00096016 0.99998582
0.99996378 0.00714203 -0.00462963 -0.00714876 0.99997341 -0.00143899 0.00461923 0.00147203 0.99998825
0.99999010 0.00087450 -0.00436223 -0.00089009 0.99999322 -0.00357204 0.00435907 0.00357589 0.99998411
0.99998363 0.00353415 -0.00449912 -0.00354865 0.99998852 -0.00321945 0.00448769 0.00323536 0.99998470
0.99998968 0.00279245 -0.00358316 -0.00280015 0.99999378 -0.00214538 0.00357715 0.00215539 0.99999128
0.99999144 0.00005360 -0.00413722 -0.00004647 0.99999852 0.00172200 0.00413731 -0.00172179 0.99998996
0.99998923 -0.00151411 -0.00438672 0.00152444 0.99999607 0.00235146 0.00438314 -0.00235812 0.99998761
0.99999422 0.00061389 -0.00334520 -0.00060454 0.99999591 0.00279683 0.00334690 -0.00279479 0.99999049
0.99999553 -0.00016940 -0.00298436 0.00017314 0.99999920 0.00125389 0.00298415 -0.00125440 0.99999476
0.99999053 0.00213710 -0.00379134 -0.00214323 0.99999640 -0.00161604 0.00378787 0.00162415 0.99999151
0.99999594 -0.00109588 -0.00263176 0.00109177 0.99999819 -0.00156029 0.00263346 0.00155741 0.99999532
0.99999672 -0.00169748 -0.00191792 0.00169770 0.99999855 0.00011271 0.00191772 -0.00011597 0.99999815
0.99999529 -0.00268123 -0.00149521 0.00268056 0.99999631 -0.00045180 0.00149642 0.00044779 0.99999878
0.99999702 0.00178786 -0.00165953 -0.00178710 0.99999830 0.00046115 0.00166035 -0.00045818 0.99999852
0.99999842 -0.00133847 -0.00116559 0.00133825 0.99999909 -0.00018547 0.00116584 0.00018391 0.99999930
0.99999650 -0.00065664 -0.00256428 0.00065055 0.99999697 -0.00237257 0.00256583 0.00237089 0.99999390
0.99998898 -0.00407168 -0.00233764 0.00406709 0.99998980 -0.00196668 0.00234563 0.00195715 0.99999533
0.99999449 -0.00181063 -0.00278283 0.00180954 0.99999829 -0.00039346 0.00278353 0.00038842 0.99999605
0.99999074 -0.00295170 -0.00313225 0.00295203 0.99999564 0.00010025 0.00313194 -0.00010949 0.99999509
0.99999438 -0.00183233 -0.00280677 0.00183249 0.99999832 0.00005751 0.00280666 -0.00006266 0.99999606
0.99999377 -0.00186190 -0.00299794 0.00186037 0.99999814 -0.00051423 0.00299889 0.00050865 0.99999537
0.99999430 -0.00049176 -0.00334101 0.00049303 0.99999981 0.00038067 0.00334083 -0.00038232 0.99999435
0.99999348 -0.00177227 -0.00314514 0.00176993 0.99999815 -0.00074868 0.00314646 0.00074311 0.99999477
0.99999268 -0.00026715 -0.00381743 0.00026054 0.99999847 -0.00173116 0.00381788 0.00173015 0.99999122
0.99998847 -0.00210679 -0.00431485 0.00209946 0.99999635 -0.00170087 0.00431841 0.00169179 0.99998924
0.99998739 0.00101940 -0.00491792 -0.00103490 0.99999450 -0.00315061 0.00491468 0.00315566 0.99998294
0.99997603 0.00325210 -0.00611222 -0.00328464 0.99998045 -0.00532076 0.00609480 0.00534071 0.99996716
0.99996849 0.00444634 -0.00657615 -0.00448360 0.99997391 -0.00566295 0.00655080 0.00569226 0.99996234
0.99996505 0.00462029 -0.00696780 -0.00465436 0.99997725 -0.00488178 0.00694509 0.00491404 0.99996381
0.99996724 0.00243926 -0.00771797 -0.00246860 0.99998976 -0.00379366 0.00770864 0.00381259 0.99996302
0.99997320 0.00318052 -0.00659497 -0.00317236 0.99999419 0.00124654 0.00659889 -0.00122559 0.99997748
0.99995792 0.00586651 -0.00705268 -0.00583526 0.99997310 0.00444424 0.00707856 -0.00440289 0.99996525
0.99996058 0.00525001 -0.00716113 -0.00520651 0.99996797 0.00607936 0.00719282 -0.00604183 0.99995588
0.99996146 0.00545774 -0.00687697 -0.00541647 0.99996729 0.00600639 0.00690952 -0.00596891 0.99995831
0.99997414 0.00161522 -0.00700736 -0.00159309 0.99999373 0.00316327 0.00701243 -0.00315203 0.99997044
0.99996021 0.00384115 -0.00805101 -0.00385364 0.99999139 -0.00153621 0.00804504 0.00156718 0.99996641
0.99996294 0.00351608 -0.00785900 -0.00354693 0.99998605 -0.00391467 0.00784513 0.00394240 0.99996145
0.99996880 0.00209613 -0.00761598 -0.00211482 0.99999477 -0.00244699 0.00761081 0.00246302 0.99996800
0.99996916 0.00154241 -0.00770105 -0.00155408 0.99999765 -0.00150903 0.00769871 0.00152095 0.99996921
0.99996578 0.00205289 -0.00801446 -0.00205069 0.99999786 0.00028226 0.00801503 -0.00026582 0.99996784
0.99995144 0.00515242 -0.00840089 -0.00514325 0.99998615 0.00111348 0.00840651 -0.00107021 0.99996409
0.99996326 -0.00036919 -0.00856387 0.00038699 0.99999777 0.00207621 0.00856309 -0.00207944 0.99996117
0.99995650 0.00034308 -0.00932060 -0.00033016 0.99999898 0.00138771 0.00932106 -0.00138457 0.99995560
0.99995311 0.00000859 -0.00968369 -0.00001257 0.99999992 -0.00041049 0.00968369 0.00041059 0.99995303
0.99994309 0.00390362 -0.00992828 -0.00390492 0.99999237 -0.00011206 0.00992777 0.00015082 0.99995071
0.99995155 -0.00005668 -0.00984384 0.00005026 0.99999979 -0.00065188 0.00984388 0.00065135 0.99995134
0.99995844 0.00097254 -0.00906476 -0.00097195 0.99999953 0.00006962 0.00906483 -0.00006081 0.99995891
0.99998017 -0.00051780 -0.00627638 0.00052340 0.99999947 0.00089050 0.00627591 -0.00089377 0.99997991
0.99998779 -0.00169339 -0.00464320 0.00169783 0.99999811 0.00095216 0.00464158 -0.00096003 0.99998877
0.99998542 -0.00403811 -0.00358609 0.00403776 0.99999184 -0.00010295 0.00358648 0.00008847 0.99999356
0.99996892 -0.00665546 -0.00422592 0.00665727 0.99997775 0.00041572 0.00422306 -0.00044384 0.99999098
0.99997141 -0.00675941 -0.00339064 0.00676248 0.99997673 0.00089500 0.00338451 -0.00091791 0.99999385
0.99997592 -0.00617861 -0.00316059 0.00618656 0.99997771 0.00251134 0.00314500 -0.00253084 0.99999185
0.99997942 -0.00575040 -0.00284449 0.00575623 0.99998134 0.00204586 0.00283268 -0.00206219 0.99999386
0.99999047 -0.00061121 -0.00432328 0.00061564 0.99999929 0.00102517 0.00432265 -0.00102782 0.99999013
0.99999262 -0.00016090 -0.00383877 0.00015368 0.99999822 -0.00188031 0.00383907 0.00187971 0.99999086
0.99997629 0.00498114 -0.00475521 -0.00499063 0.99998558 -0.00198479 0.00474525 0.00200848 0.99998672
0.99996817 0.00687821 -0.00404332 -0.00687718 0.99997632 0.00026948 0.00404507 -0.00024167 0.99999179
0.99999272 -0.00000693 -0.00381583 0.00002262 0.99999155 0.00411133 0.00381577 -0.00411139 0.99998427
0.99998272 0.00317440 -0.00494723 -0.00314422 0.99997648 0.00609577 0.00496646 -0.00608011 0.99996918
0.99999016 -0.00067523 -0.00438342 0.00070317 0.99997944 0.00637455 0.00437902 -0.00637757 0.99997007
0.99998035 -0.00207698 -0.00591529 0.00209371 0.99999382 0.00282351 0.00590939 -0.00283584 0.99997852
0.99997499 -0.00542639 -0.00453651 0.00541977 0.99998423 -0.00147160 0.00454443 0.00144698 0.99998863
0.99992292 -0.01089995 -0.00594443 0.01086059 0.99991915 -0.00661388 0.00601604 0.00654881 0.99996046
0.99995362 -0.00734267 -0.00623211 0.00728964 0.99993739 -0.00848974 0.00629406 0.00844391 0.99994454
0.99996608 -0.00322513 -0.00757859 0.00319202 0.99998533 -0.00437701 0.00759260 0.00435267 0.99996170
0.99996801 -0.00268524 -0.00753440 0.00270785 0.99999185 0.00299317 0.00752630 -0.00301348 0.99996714
0.99995854 -0.00490066 -0.00767503 0.00491829 0.99998530 0.00228050 0.00766374 -0.00231815 0.99996795
0.99996073 -0.00494949 -0.00735086 0.00494109 0.99998712 -0.00116055 0.00735651 0.00112419 0.99997231
0.99997537 -0.00283496 -0.00642021 0.00279572 0.99997741 -0.00611225 0.00643739 0.00609415 0.99996071
0.99998668 0.00061443 -0.00512565 -0.00062416 0.99999801 -0.00189675 0.00512447 0.00189992 0.99998506
0.99998942 -0.00247889 -0.00387527 0.00248297 0.99999637 0.00104994 0.00387266 -0.00105955 0.99999194
0.99998777 -0.00396876 -0.00295216 0.00398068 0.99998391 0.00404112 0.00293607 -0.00405282 0.99998748
0.99999342 -0.00329375 -0.00152314 0.00329733 0.99999179 0.00235438 0.00151537 -0.00235939 0.99999607
0.99999296 -0.00374505 -0.00023037 0.00374566 0.99998931 0.00271176 0.00022022 -0.00271261 0.99999630
0.99999985 -0.00053675 0.00014313 0.00053660 0.99999935 0.00100303 -0.00014366 -0.00100296 0.99999949
0.99999829 0.00162010 0.00089587 -0.00162087 0.99999831 0.00086331 -0.00089447 -0.00086476 0.99999923
0.99999809 0.00163082 0.00107597 -0.00162891 0.99999710 -0.00177527 -0.00107886 0.00177351 0.99999785
0.99998961 0.00414094 0.00190456 -0.00413806 0.99999029 -0.00151647 -0.00191082 0.00150858 0.99999704
0.99999056 0.00302637 0.00311887 -0.00302057 0.99999371 -0.00186117 -0.00312448 0.00185173 0.99999340
0.99998856 0.00390930 0.00275770 -0.00391032 0.99999229 0.00036573 -0.00275624 -0.00037651 0.99999613
0.99999026 0.00244485 0.00367407 -0.00244596 0.99999696 0.00029608 -0.00367333 -0.00030506 0.99999321
0.99999434 0.00078563 0.00327062 -0.00079177 0.99999793 0.00187408 -0.00326914 -0.00187666 0.99999290
0.99999304 0.00093383 0.00361289 -0.00094493 0.99999483 0.00307246 -0.00361001 -0.00307586 0.99998875
0.99998386 -0.00391966 0.00411173 0.00391328 0.99999113 0.00155867 -0.00411781 -0.00154255 0.99999033
0.99999165 0.00049125 0.00405671 -0.00046880 0.99998459 -0.00553225 -0.00405936 0.00553030 0.99997647
0.99997189 0.00588796 0.00464224 -0.00584598 0.99994237 -0.00900485 -0.00469499 0.00897746 0.99994868
0.99998515 0.00262660 0.00477565 -0.00259340 0.99997252 -0.00694501 -0.00479376 0.00693252 0.99996448
0.99998647 0.00172690 0.00490727 -0.00174614 0.99999080 0.00391794 -0.00490046 -0.00392646 0.99998028
0.99997927 0.00374719 0.00523559 -0.00377625 0.99997746 0.00555182 -0.00521467 -0.00557148 0.99997088
0.99998599 0.00223730 0.00479629 -0.00225847 0.99998771 0.00441330 -0.00478636 -0.00442407 0.99997876
0.99998696 0.00045281 0.00508642 -0.00045051 0.99999980 -0.00045407 -0.00508663 0.00045178 0.99998696
0.99998921 -0.00155779 0.00437564 0.00155603 0.99999871 0.00040517 -0.00437626 -0.00039836 0.99999034
0.99998510 -0.00320329 0.00442090 0.00321515 0.99999124 -0.00267889 -0.00441228 0.00269306 0.99998664
0.99998408 -0.00276077 0.00492103 0.00277237 0.99999339 -0.00235182 -0.00491451 0.00236542 0.99998513
0.99997982 -0.00217907 0.00596825 0.00219935 0.99999182 -0.00339392 -0.00596080 0.00340698 0.99997643
0.99998414 0.00088925 0.00556070 -0.00088846 0.99999960 -0.00014340 -0.00556082 0.00013846 0.99998453
0.99998326 0.00232424 0.00529969 -0.00232337 0.99999729 -0.00017050 -0.00530008 0.00015818 0.99998594
0.99997679 -0.00074076 0.00677220 0.00074151 0.99999972 -0.00010786 -0.00677212 0.00011288 0.99997706
0.99996267 0.00388333 0.00771850 -0.00387492 0.99999188 -0.00110495 -0.00772273 0.00107500 0.99996960
0.99995875 0.00474878 0.00774201 -0.00470328 0.99997163 -0.00588421 -0.00776973 0.00584756 0.99995272
0.99995983 0.00392378 0.00805837 -0.00388541 0.99998107 -0.00477209 -0.00807694 0.00474059 0.99995614
0.99996483 0.00073906 0.00835477 -0.00071419 0.99999531 -0.00297908 -0.00835694 0.00297301 0.99996066
0.99996217 0.00117219 0.00861907 -0.00124119 0.99996719 0.00800525 -0.00860941 -0.00801565 0.99993081
0.99994264 0.00644833 0.00855209 -0.00653566 0.99992638 0.01022343 -0.00848554 -0.01027874 0.99991117
0.99996017 -0.00038188 0.00891643 0.00033086 0.99998357 0.00572251 -0.00891847 -0.00571934 0.99994387
0.99994538 0.00543783 0.00892603 -0.00546034 0.99998197 0.00249996 -0.00891228 -0.00254856 0.99995704
0.99994597 -0.00061007 0.01037684 0.00063812 0.99999615 -0.00269938 -0.01037515 0.00270586 0.99994252
0.99994853 -0.00538165 0.00860120 0.00541574 0.99997755 -0.00394473 -0.00857978 0.00399111 0.99995523
0.99996086 -0.00069741 0.00881955 0.00079861 0.99993384 -0.01147511 -0.00881097 0.01148170 0.99989526
0.99994883 -0.00332610 0.00955365 0.00336482 0.99998618 -0.00403923 -0.00954008 0.00407117 0.99994620
0.99995902 -0.00188552 0.00885442 0.00185118 0.99999074 0.00388503 -0.00886167 -0.00386848 0.99995325
0.99995518 -0.00417247 0.00849877 0.00413503 0.99998169 0.00441792 -0.00851704 -0.00438258 0.99995413
0.99996060 0.00106369 0.00881286 -0.00107373 0.99999878 0.00113480 -0.00881164 -0.00114422 0.99996052
0.99996340 0.00149457 0.00842388 -0.00148798 0.99999858 -0.00078885 -0.00842505 0.00077629 0.99996421
0.99995763 -0.00493215 0.00777232 0.00494246 0.99998693 -0.00130775 -0.00776576 0.00134611 0.99996894
0.99996771 -0.00473320 0.00649454 0.00470896 0.99998191 0.00374360 -0.00651214 -0.00371290 0.99997190
0.99998234 0.00024743 0.00593778 -0.00026593 0.99999511 0.00311440 -0.00593698 -0.00311592 0.99997752
0.99998498 0.00152435 0.00526450 -0.00153644 0.99999619 0.00229406 -0.00526098 -0.00230212 0.99998351
0.99997669 0.00217538 0.00647276 -0.00216304 0.99999583 -0.00191326 -0.00647690 0.00189921 0.99997722
0.99998996 -0.00023894 0.00447364 0.00025591 0.99999277 -0.00379397 -0.00447270 0.00379508 0.99998280
0.99999046 0.00199210 0.00388644 -0.00196775 0.99997847 -0.00626037 -0.00389883 0.00625266 0.99997285
0.99998451 0.00370124 0.00415747 -0.00369615 0.99999241 -0.00123126 -0.00416200 0.00121587 0.99999060
0.99999422 0.00048205 0.00336696 -0.00050071 0.99998451 0.00554365 -0.00336424 -0.00554531 0.99997897
0.99999136 -0.00309981 0.00276818 0.00307866 0.99996628 0.00761293 -0.00279169 -0.00760434 0.99996719
0.99998300 -0.00456100 0.00363388 0.00454919 0.99998437 0.00325168 -0.00364866 -0.00323510 0.99998811
0.99998468 -0.00386267 0.00396446 0.00386726 0.99999186 -0.00114946 -0.00395999 0.00116477 0.99999148
0.99999333 -0.00202076 0.00304325 0.00203276 0.99999015 -0.00394534 -0.00303525 0.00395150 0.99998759
0.99998919 0.00356643 0.00298280 -0.00354571 0.99996974 -0.00692493 -0.00300741 0.00691428 0.99997157
0.99999514 0.00184578 0.00251324 -0.00182294 0.99995729 -0.00906107 -0.00252986 0.00905645 0.99995579
0.99999134 -0.00267063 0.00319067 0.00268288 0.99998903 -0.00383997 -0.00318038 0.00384850 0.99998754
0.99999520 0.00030926 0.00308364 -0.00033062 0.99997595 0.00692718 -0.00308142 -0.00692817 0.99997125
0.99996284 0.00788278 0.00348865 -0.00792805 0.99988196 0.01316088 -0.00338449 -0.01318805 0.99990731
0.99997194 0.00684811 0.00303593 -0.00687399 0.99993941 0.00859810 -0.00297687 -0.00861873 0.99995843
0.99999729 0.00090319 0.00214379 -0.00089990 0.99999842 -0.00153128 -0.00214517 0.00152935 0.99999653
0.99998985 -0.00338457 0.00297372 0.00339755 0.99998468 -0.00436954 -0.00295888 0.00437960 0.99998603
0.99999541 -0.00052249 0.00298611 0.00053146 0.99999535 -0.00300457 -0.00298453 0.00300614 0.99999103
0.99999590 0.00053698 0.00281226 -0.00054131 0.99999867 0.00153705 -0.00281143 -0.00153856 0.99999486
0.99999552 0.00095539 0.00283508 -0.00095857 0.99999891 0.00111890 -0.00283401 -0.00112161 0.99999536
0.99999669 0.00020644 0.00256401 -0.00020852 0.99999965 0.00081003 -0.00256384 -0.00081056 0.99999638
0.99999309 -0.00091207 0.00360302 0.00091701 0.99999864 -0.00136968 -0.00360177 0.00137297 0.99999257
0.99999061 -0.00004068 0.00433403 0.00005019 0.99999759 -0.00219374 -0.00433393 0.00219393 0.99998820
0.99998706 0.00107987 0.00497039 -0.00106843 0.99999678 -0.00230389 -0.00497286 0.00229855 0.99998499
0.99998702 0.00040940 0.00507884 -0.00039933 0.99999795 -0.00198276 -0.00507964 0.00198070 0.99998514
0.99998370 0.00095707 0.00562846 -0.00094249 0.99999620 -0.00259202 -0.00563092 0.00258668 0.99998080
0.99998051 -0.00073436 0.00619950 0.00075859 0.99999208 -0.00390674 -0.00619658 0.00391137 0.99997315
0.99997129 -0.00082738 0.00753238 0.00085885 0.99999091 -0.00417575 -0.00752885 0.00418210 0.99996291
0.99997970 0.00211871 0.00600852 -0.00210651 0.99999571 -0.00203608 -0.00601281 0.00202338 0.99997988
0.99996474 0.00506995 0.00669390 -0.00507062 0.99998714 0.00008377 -0.00669339 -0.00011771 0.99997759
0.99996635 0.00432674 0.00696968 -0.00432838 0.99999061 0.00021991 -0.00696866 -0.00025007 0.99997569
0.99997589 0.00112938 0.00685189 -0.00112340 0.99999898 -0.00087753 -0.00685288 0.00086981 0.99997614
0.99996244 0.00212733 0.00840140 -0.00210617 0.99999459 -0.00252671 -0.00840673 0.00250892 0.99996152
0.99995854 0.00417349 0.00809327 -0.00414159 0.99998360 -0.00395500 -0.00810964 0.00392132 0.99995943
0.99996308 0.00284140 0.00811014 -0.00281646 0.99999128 -0.00308491 -0.00811884 0.00306196 0.99996235
0.99996695 0.00251910 0.00772979 -0.00250402 0.99999494 -0.00196044 -0.00773469 0.00194102 0.99996820
0.99996385 0.00194270 0.00827795 -0.00192059 0.99999457 -0.00267849 -0.00828311 0.00266250 0.99996215
0.99996528 0.00286482 0.00782471 -0.00284479 0.99999265 -0.00257016 -0.00783202 0.00254781 0.99996608
0.99995823 -0.00180070 0.00896053 0.00180757 0.99999808 -0.00075852 -0.00895914 0.00077469 0.99995957
0.99996589 -0.00021494 0.00825708 0.00021186 0.99999991 0.00037352 -0.00825716 -0.00037176 0.99996584
0.99996523 -0.00001972 0.00833903 0.00000116 0.99999752 0.00222521 -0.00833905 -0.00222512 0.99996275
0.99996166 0.00255750 0.00837475 -0.00258654 0.99999067 0.00345884 -0.00836582 -0.00348037 0.99995895
0.99997376 0.00017215 0.00724244 -0.00020212 0.99999142 0.00413830 -0.00724167 -0.00413965 0.99996521
0.99997307 -0.00264674 0.00684453 0.00263068 0.99999377 0.00235516 -0.00685072 -0.00233709 0.99997380
0.99998216 0.00157059 0.00576224 -0.00160867 0.99997686 0.00661020 -0.00575172 -0.00661935 0.99996155
0.99998085 -0.00100526 0.00610701 0.00097541 0.99998758 0.00488836 -0.00611184 -0.00488231 0.99996940
