0.99999868 -0.00158724 -0.00033713 0.00158801 0.99999610 0.00229665 0.00033348 -0.00229718 0.99999731
0.99999974 -0.00071813 0.00003451 0.00071813 0.99999974 -0.00001176 -0.00003450 0.00001178 1.00000000
0.99999921 -0.00125873 0.00004811 0.00125878 0.99999848 -0.00120987 -0.00004659 0.00120993 0.99999927
0.99999980 0.00013407 0.00062473 -0.00013387 0.99999994 -0.00031057 -0.00062478 0.00031049 0.99999976
0.99999998 -0.00014139 0.00016515 0.00014138 0.99999999 0.00005814 -0.00016516 -0.00005812 0.99999998
0.99999969 -0.00077870 0.00007872 0.00077861 0.99999900 0.00117838 -0.00007964 -0.00117831 0.99999930
0.99999984 -0.00055356 -0.00011118 0.00055368 0.99999924 0.00109837 0.00011058 -0.00109843 0.99999939
0.99999853 0.00117037 -0.00125245 -0.00117332 0.99999654 -0.00235470 0.00124969 0.00235617 0.99999644
0.99999802 0.00198696 0.00010689 -0.00198675 0.99999623 -0.00189365 -0.00011065 0.00189344 0.99999820
0.99999548 0.00300061 0.00019888 -0.00300047 0.99999524 -0.00071399 -0.00020102 0.00071339 0.99999973
0.99999826 0.00185128 -0.00024567 -0.00185127 0.99999829 0.00004191 0.00024575 -0.00004146 0.99999997
0.99999943 0.00098476 0.00041203 -0.00098518 0.99999897 0.00104171 -0.00041100 -0.00104211 0.99999937
0.99999808 -0.00193860 0.00029535 0.00193799 0.99999599 0.00206350 -0.00029935 -0.00206292 0.99999783
0.99999188 -0.00402904 0.00004578 0.00402895 0.99999022 0.00182490 -0.00005313 -0.00182471 0.99999833
0.99999914 -0.00102746 0.00081702 0.00102928 0.99999699 -0.00222821 -0.00081473 0.00222905 0.99999718
0.99999929 -0.00118951 0.00005478 0.00118960 0.99999793 -0.00165326 -0.00005282 0.00165333 0.99999863
0.99999896 0.00134331 0.00052531 -0.00134207 0.99999633 -0.00235181 -0.00052847 0.00235111 0.99999710
0.99999630 0.00265915 0.00056782 -0.00266038 0.99999409 0.00217800 -0.00056203 -0.00217950 0.99999747
0.99999971 0.00074193 0.00017159 -0.00074253 0.99999361 0.00349813 -0.00016899 -0.00349825 0.99999387
0.99999675 -0.00254915 0.00000343 0.00254913 0.99999262 0.00287533 -0.00001076 -0.00287531 0.99999587
0.99999567 -0.00294426 0.00001806 0.00294430 0.99999018 -0.00331286 -0.00000831 0.00331290 0.99999451
0.99999948 -0.00043675 0.00092191 0.00043864 0.99999778 -0.00205876 -0.00092100 0.00205917 0.99999746
0.99999910 0.00095592 0.00093695 -0.00095249 0.99999289 -0.00364816 -0.00094044 0.00364726 0.99999291
0.99999541 0.00289813 0.00088636 -0.00289811 0.99999580 -0.00001833 -0.00088641 0.00001576 0.99999961
0.99999998 -0.00002798 0.00017325 0.00002835 0.99999771 -0.00214020 -0.00017319 0.00214021 0.99999769
0.99999965 0.00068924 -0.00046366 -0.00068887 0.99999944 0.00079968 0.00046421 -0.00079936 0.99999957
0.99999949 0.00060553 -0.00080504 -0.00060421 0.99999848 0.00163611 0.00080603 -0.00163562 0.99999834
0.99999691 0.00246686 -0.00030232 -0.00246635 0.99999553 0.00169150 0.00030649 -0.00169075 0.99999852
0.99999545 0.00300672 -0.00023627 -0.00300669 0.99999547 0.00011456 0.00023662 -0.00011384 0.99999997
0.99999681 0.00236408 0.00089309 -0.00236375 0.99999714 -0.00036501 -0.00089395 0.00036289 0.99999953
0.99999501 0.00315885 -0.00006961 -0.00315885 0.99999501 -0.00008849 0.00006933 0.00008871 0.99999999
0.99999980 0.00012511 -0.00062327 -0.00012456 0.99999961 0.00087753 0.00062338 -0.00087745 0.99999942
0.99999999 -0.00004225 0.00015980 0.00004229 0.99999997 -0.00022968 -0.00015979 0.00022969 0.99999996
0.99999943 0.00067407 0.00082206 -0.00067349 0.99999952 -0.00070497 -0.00082254 0.00070442 0.99999941
0.99999963 0.00002999 -0.00085883 -0.00003004 1.00000000 -0.00005330 0.00085883 0.00005333 0.99999963
0.99999907 -0.00033796 -0.00131946 0.00033934 0.99999940 0.00104300 0.00131911 -0.00104345 0.99999859
0.99999930 -0.00112794 0.00036372 0.00112767 0.99999910 0.00073127 -0.00036454 -0.00073086 0.99999967
0.99999957 -0.00052762 -0.00075660 0.00052784 0.99999982 0.00029612 0.00075645 -0.00029652 0.99999967
0.99999728 -0.00133271 -0.00191564 0.00133439 0.99999873 0.00087472 0.00191448 -0.00087728 0.99999778
0.99999928 -0.00080274 -0.00088727 0.00080382 0.99999894 0.00121268 0.00088630 -0.00121339 0.99999887
0.99999990 -0.00043925 -0.00008946 0.00043926 0.99999989 0.00013745 0.00008940 -0.00013749 0.99999999
0.99999170 -0.00389239 -0.00120001 0.00389260 0.99999241 0.00016777 0.00119935 -0.00017244 0.99999927
0.99999541 -0.00299980 -0.00042953 0.00300017 0.99999513 0.00086071 0.00042695 -0.00086199 0.99999954
0.99999724 -0.00234187 -0.00019625 0.00234196 0.99999714 0.00047984 0.00019513 -0.00048030 0.99999987
0.99999943 -0.00037134 0.00099620 0.00037050 0.99999958 0.00084066 -0.00099651 -0.00084029 0.99999915
0.99999594 -0.00279983 0.00053456 0.00279994 0.99999606 -0.00020830 -0.00053397 0.00020979 0.99999984
0.99998908 -0.00467401 -0.00001025 0.00467401 0.99998891 -0.00057539 0.00001293 0.00057534 0.99999983
0.99999666 0.00114433 0.00231587 -0.00114319 0.99999922 -0.00049400 -0.00231644 0.00049135 0.99999720
0.99999288 0.00377173 -0.00010098 -0.00377181 0.99999253 -0.00083974 0.00009781 0.00084011 0.99999964
0.99999860 0.00163243 0.00036568 -0.00163287 0.99999794 0.00120443 -0.00036371 -0.00120502 0.99999921
0.99999922 0.00123897 0.00016237 -0.00123923 0.99999794 0.00160987 -0.00016038 -0.00161007 0.99999869
0.99998321 0.00578077 0.00041124 -0.00578069 0.99998327 -0.00020355 -0.00041241 0.00020117 0.99999989
0.99998521 0.00542008 0.00044281 -0.00541998 0.99998528 -0.00024206 -0.00044411 0.00023966 0.99999987
0.99999467 0.00323231 0.00046707 -0.00323209 0.99999467 -0.00047118 -0.00046859 0.00046967 0.99999978
0.99999487 0.00320156 -0.00002946 -0.00320159 0.99999390 -0.00139288 0.00002500 0.00139297 0.99999903
0.99999993 0.00005193 0.00036297 -0.00005193 1.00000000 0.00000183 -0.00036297 -0.00000185 0.99999993
0.99999740 0.00227938 -0.00003643 -0.00227943 0.99999640 -0.00141797 0.00003319 0.00141805 0.99999899
0.99999703 -0.00243820 0.00004795 0.00243824 0.99999672 -0.00078997 -0.00004602 0.00079008 0.99999969
0.99999980 -0.00004547 -0.00062915 0.00004532 0.99999997 -0.00023026 0.00062916 0.00023023 0.99999978
0.99999980 -0.00015659 -0.00061768 0.00015730 0.99999933 0.00114672 0.00061750 -0.00114682 0.99999915
0.99999928 -0.00119868 -0.00003426 0.00119867 0.99999918 -0.00044001 0.00003479 0.00043997 0.99999990
0.99999929 0.00014059 0.00117980 -0.00014055 0.99999999 -0.00003291 -0.00117980 0.00003274 0.99999930
0.99999752 -0.00095177 -0.00201155 0.00095202 0.99999954 0.00012135 0.00201144 -0.00012327 0.99999797
0.99999622 -0.00247487 -0.00120196 0.00247591 0.99999656 0.00086318 0.00119982 -0.00086615 0.99999891
0.99999351 -0.00343628 -0.00108626 0.00343750 0.99999347 0.00111641 0.00108241 -0.00112014 0.99999879
0.99999916 -0.00101026 -0.00081046 0.00101015 0.99999948 -0.00013757 0.00081060 0.00013675 0.99999966
0.99999882 -0.00153654 0.00001610 0.00153656 0.99999804 -0.00124791 -0.00001418 0.00124793 0.99999922
0.99999919 -0.00125960 -0.00017089 0.00125951 0.99999907 -0.00052901 0.00017156 0.00052880 0.99999985
0.99999920 -0.00098216 -0.00079237 0.00098258 0.99999938 0.00052850 0.00079185 -0.00052928 0.99999955
0.99999701 -0.00237720 -0.00056713 0.00237695 0.99999708 -0.00044714 0.00056819 0.00044579 0.99999974
0.99999992 0.00035500 -0.00017610 -0.00035513 0.99999967 -0.00073683 0.00017584 0.00073690 0.99999971
0.99999964 0.00082870 -0.00018280 -0.00082860 0.99999951 0.00053923 0.00018324 -0.00053908 0.99999984
0.99999968 0.00079471 0.00011340 -0.00079488 0.99999863 0.00144965 -0.00011225 -0.00144974 0.99999894
0.99999947 0.00095391 0.00038955 -0.00095462 0.99999787 0.00183241 -0.00038780 -0.00183278 0.99999825
0.99999887 -0.00150114 -0.00005819 0.00150107 0.99999808 -0.00126316 0.00006009 0.00126307 0.99999920
0.99999803 -0.00198468 -0.00007710 0.00198461 0.99999761 -0.00092044 0.00007892 0.00092028 0.99999957
0.99999889 -0.00137682 -0.00057053 0.00137618 0.99999843 -0.00111844 0.00057207 0.00111765 0.99999921
0.99999763 -0.00217340 -0.00008298 0.00217347 0.99999736 0.00074912 0.00008135 -0.00074930 0.99999972
0.99999472 -0.00324813 0.00012238 0.00324792 0.99999333 0.00167012 -0.00012780 -0.00166971 0.99999860
0.99999730 -0.00212215 0.00094390 0.00212131 0.99999736 0.00088517 -0.00094578 -0.00088317 0.99999916
0.99999802 -0.00187937 0.00065569 0.00188014 0.99999754 -0.00117925 -0.00065347 0.00118048 0.99999909
0.99999981 0.00058847 0.00019735 -0.00058802 0.99999732 -0.00224009 -0.00019867 0.00223997 0.99999747
0.99999453 0.00260290 0.00204009 -0.00259886 0.99999466 -0.00198140 -0.00204523 0.00197609 0.99999596
0.99999972 0.00019340 0.00072877 -0.00019391 0.99999974 0.00069634 -0.00072864 -0.00069648 0.99999949
0.99999563 0.00215132 0.00202808 -0.00215480 0.99999621 0.00171633 -0.00202438 -0.00172070 0.99999647
0.99999921 -0.00019005 0.00124363 0.00018706 0.99999709 0.00240490 -0.00124408 -0.00240466 0.99999633
0.99999950 -0.00069351 0.00071637 0.00069312 0.99999961 0.00054825 -0.00071675 -0.00054775 0.99999959
0.99999647 0.00156213 0.00214937 -0.00156062 0.99999854 -0.00070171 -0.00215047 0.00069836 0.99999744
0.99999915 0.00127565 0.00027758 -0.00127560 0.99999917 -0.00020495 -0.00027784 0.00020459 0.99999994
0.99999979 0.00028406 0.00058006 -0.00028406 0.99999996 -0.00000166 -0.00058006 0.00000150 0.99999983
0.99999997 0.00013342 0.00017995 -0.00013325 0.99999952 -0.00096664 -0.00018008 0.00096662 0.99999952
0.99999911 0.00122836 -0.00052751 -0.00122912 0.99999819 -0.00145420 0.00052573 0.00145484 0.99999880
0.99999801 -0.00125141 0.00155237 0.00125141 0.99999922 0.00000094 -0.00155237 0.00000100 0.99999880
0.99999860 -0.00158008 -0.00054941 0.00158101 0.99999731 0.00170005 0.00054672 -0.00170091 0.99999840
0.99999777 -0.00207506 0.00038040 0.00207472 0.99999745 0.00089607 -0.00038226 -0.00089528 0.99999953
0.99999986 -0.00049770 -0.00017385 0.00049774 0.99999985 0.00023030 0.00017373 -0.00023038 0.99999996
0.99999496 -0.00317303 0.00010842 0.00317300 0.99999493 0.00028626 -0.00010933 -0.00028592 0.99999995
0.99999970 -0.00067831 0.00036587 0.00067801 0.99999942 0.00084019 -0.00036643 -0.00083994 0.99999958
0.99999799 -0.00197021 -0.00037968 0.00197016 0.99999805 -0.00013243 0.00037994 0.00013168 0.99999992
0.99999953 -0.00051708 -0.00081851 0.00051698 0.99999986 -0.00012869 0.00081857 0.00012827 0.99999966
0.99999778 -0.00178275 -0.00112765 0.00178399 0.99999781 0.00109503 0.00112569 -0.00109704 0.99999876
0.99999462 -0.00269824 -0.00186424 0.00269894 0.99999629 0.00037300 0.00186323 -0.00037803 0.99999819
0.99999908 0.00027033 -0.00133143 -0.00027067 0.99999993 -0.00025538 0.00133136 0.00025574 0.99999908
0.99999995 -0.00023102 0.00023616 0.00023127 0.99999941 -0.00105686 -0.00023591 0.00105692 0.99999941
0.99999929 -0.00009972 -0.00119110 0.00009945 0.99999997 -0.00022232 0.00119112 0.00022221 0.99999927
0.99999687 -0.00240721 -0.00067814 0.00240542 0.99999367 -0.00262200 0.00068444 0.00262037 0.99999633
0.99998930 -0.00451443 -0.00101372 0.00451371 0.99998956 -0.00070686 0.00101690 0.00070228 0.99999924
0.99997018 -0.00758390 -0.00145685 0.00758664 0.99996944 0.00188584 0.00144250 -0.00189684 0.99999716
0.99997949 -0.00629044 -0.00120654 0.00629216 0.99997918 0.00142901 0.00119752 -0.00143657 0.99999825
0.99999412 -0.00309839 -0.00147205 0.00309307 0.99998871 -0.00360719 0.00148321 0.00360261 0.99999241
0.99999881 0.00067495 0.00139075 -0.00067092 0.99999559 -0.00289390 -0.00139270 0.00289296 0.99999485
0.99999568 0.00292682 -0.00028675 -0.00292748 0.99999301 -0.00232572 0.00027994 0.00232655 0.99999725
0.99999959 -0.00082166 0.00038318 0.00082167 0.99999966 -0.00002826 -0.00038315 0.00002857 0.99999993
0.99999441 -0.00330811 0.00048602 0.00330662 0.99998995 0.00302811 -0.00049603 -0.00302649 0.99999530
0.99998840 -0.00476470 -0.00070361 0.00476629 0.99998603 0.00228661 0.00069271 -0.00228993 0.99999714
0.99999299 -0.00355769 -0.00116552 0.00355870 0.99999330 0.00086092 0.00116244 -0.00086507 0.99999895
0.99999700 -0.00240116 -0.00047396 0.00240122 0.99999711 0.00013659 0.00047363 -0.00013773 0.99999988
0.99999766 0.00178206 0.00122774 -0.00178287 0.99999819 0.00065808 -0.00122656 -0.00066026 0.99999903
0.99998368 0.00487123 0.00298569 -0.00486971 0.99998801 -0.00051351 -0.00298815 0.00049896 0.99999541
0.99999321 0.00353899 0.00102424 -0.00353678 0.99999142 -0.00215714 -0.00103186 0.00215350 0.99999715
0.99999968 -0.00026303 0.00075295 0.00026419 0.99999878 -0.00153881 -0.00075254 0.00153901 0.99999853
0.99999941 0.00106695 0.00018736 -0.00106720 0.99999854 0.00133626 -0.00018593 -0.00133646 0.99999909
0.99999742 0.00226528 -0.00019260 -0.00226536 0.99999735 -0.00040513 0.00019168 0.00040556 0.99999990
0.99999909 0.00124823 -0.00051795 -0.00124981 0.99999453 -0.00306166 0.00051412 0.00306231 0.99999518
0.99999139 0.00413976 -0.00028562 -0.00414047 0.99998816 -0.00255469 0.00027504 0.00255585 0.99999670
0.99999177 0.00404325 -0.00034822 -0.00404367 0.99999106 -0.00123563 0.00034322 0.00123703 0.99999918
0.99998516 0.00539767 -0.00073873 -0.00539680 0.99998474 0.00118001 0.00074509 -0.00117601 0.99999903
0.99998068 0.00621435 -0.00017150 -0.00621423 0.99998045 0.00069749 0.00017583 -0.00069641 0.99999974
0.99999761 0.00207570 -0.00068337 -0.00207473 0.99999685 0.00141392 0.00068630 -0.00141250 0.99999877
1.00000000 0.00000912 0.00001618 -0.00000912 0.99999996 0.00028804 -0.00001618 -0.00028804 0.99999996
0.99999975 -0.00027923 -0.00064466 0.00027969 0.99999971 0.00070748 0.00064446 -0.00070766 0.99999954
0.99999812 -0.00083674 -0.00174708 0.00082924 0.99999046 -0.00428879 0.00175065 0.00428734 0.99998928
0.99999588 0.00048626 -0.00283016 -0.00049650 0.99999334 -0.00361641 0.00282838 0.00361780 0.99998946
0.99999013 0.00434489 -0.00092763 -0.00434522 0.99999050 -0.00035712 0.00092607 0.00036115 0.99999951
0.99999685 0.00242359 -0.00064832 -0.00242305 0.99999672 0.00083195 0.00065034 -0.00083037 0.99999944
0.99999943 0.00100177 -0.00036151 -0.00100060 0.99999432 0.00321992 0.00036474 -0.00321955 0.99999475
0.99999925 0.00119947 -0.00025599 -0.00119920 0.99999874 0.00103886 0.00025723 -0.00103856 0.99999943
0.99999979 -0.00006090 0.00064806 0.00006052 0.99999983 0.00058568 -0.00064809 -0.00058564 0.99999962
0.99999484 -0.00310725 0.00081041 0.00310567 0.99999330 0.00193985 -0.00081644 -0.00193732 0.99999779
0.99999348 -0.00360687 -0.00015490 0.00360702 0.99999306 0.00092725 0.00015156 -0.00092780 0.99999956
0.99999488 -0.00313010 0.00066095 0.00313013 0.99999510 -0.00004044 -0.00066082 0.00004251 0.99999978
0.99999821 -0.00187108 0.00027823 0.00187095 0.99999814 0.00047309 -0.00027912 -0.00047257 0.99999985
0.99999421 -0.00321826 0.00110956 0.00321667 0.99999380 0.00143387 -0.00111417 -0.00143029 0.99999836
0.99999653 -0.00262875 -0.00015824 0.00262867 0.99999643 -0.00048043 0.00015950 0.00048001 0.99999987
0.99999847 0.00174344 0.00012684 -0.00174286 0.99998857 -0.00445184 -0.00013460 0.00445162 0.99999008
0.99997614 0.00687638 0.00066298 -0.00687284 0.99996288 -0.00519638 -0.00069868 0.00519170 0.99998628
0.99996474 0.00834842 0.00090310 -0.00834831 0.99996514 -0.00012879 -0.00090414 0.00012124 0.99999958
0.99995399 0.00944023 0.00170304 -0.00944563 0.99995030 0.00318945 -0.00167285 -0.00320539 0.99999346
0.99999852 0.00171466 0.00012179 -0.00171487 0.99999702 0.00173873 -0.00011881 -0.00173893 0.99999848
0.99999875 -0.00152650 -0.00041844 0.00152657 0.99999882 0.00017670 0.00041817 -0.00017734 0.99999990
0.99999521 -0.00298315 -0.00082794 0.00298312 0.99999555 -0.00003044 0.00082803 0.00002797 0.99999966
0.99999238 -0.00352112 -0.00168718 0.00352048 0.99999373 -0.00038463 0.00168852 0.00037869 0.99999850
0.99999943 0.00030513 -0.00102631 -0.00030550 0.99999989 -0.00035813 0.00102620 0.00035845 0.99999941
0.99999906 0.00099588 0.00094711 -0.00099599 0.99999950 0.00011537 -0.00094700 -0.00011632 0.99999954
0.99999890 0.00147456 -0.00013454 -0.00147447 0.99999867 0.00069953 0.00013558 -0.00069933 0.99999975
0.99999692 -0.00223832 -0.00106903 0.00223848 0.99999748 0.00014497 0.00106870 -0.00014736 0.99999942
0.99999995 -0.00023153 0.00019202 0.00023170 0.99999957 -0.00089873 -0.00019181 0.00089878 0.99999958
0.99999746 -0.00225150 0.00006273 0.00225153 0.99999737 -0.00044130 -0.00006173 0.00044144 0.99999990
0.99999873 0.00022857 -0.00157702 -0.00022953 0.99999979 -0.00060874 0.00157688 0.00060911 0.99999857
0.99999553 -0.00244942 -0.00171266 0.00244977 0.99999698 0.00020535 0.00171216 -0.00020955 0.99999851
0.99999996 0.00017351 -0.00021368 -0.00017355 0.99999997 -0.00019320 0.00021365 0.00019324 0.99999996
0.99999952 0.00048591 -0.00085047 -0.00048599 0.99999988 -0.00009789 0.00085042 0.00009830 0.99999963
0.99999944 0.00105762 0.00000635 -0.00105762 0.99999944 0.00000304 -0.00000634 -0.00000305 1.00000000
0.99999910 0.00130245 -0.00031037 -0.00130260 0.99999903 -0.00048348 0.00030974 0.00048388 0.99999983
0.99999945 -0.00100671 0.00030948 0.00100667 0.99999949 0.00011395 -0.00030960 -0.00011363 0.99999995
0.99999966 -0.00082532 -0.00005067 0.00082531 0.99999965 -0.00013939 0.00005079 0.00013934 0.99999999
0.99999924 -0.00122854 0.00004455 0.00122853 0.99999923 0.00019986 -0.00004480 -0.00019981 0.99999998
0.99999135 -0.00412707 -0.00051173 0.00412785 0.99999031 0.00153299 0.00050540 -0.00153509 0.99999869
0.99999588 -0.00232910 -0.00167633 0.00233081 0.99999677 0.00101684 0.00167396 -0.00102074 0.99999808
0.99999990 0.00034210 0.00028302 -0.00034203 0.99999991 -0.00023567 -0.00028310 0.00023558 0.99999993
0.99999874 -0.00090112 -0.00130550 0.00089928 0.99999861 -0.00140337 0.00130676 0.00140219 0.99999816
0.99999986 0.00019448 0.00050168 -0.00019491 0.99999961 0.00085764 -0.00050151 -0.00085774 0.99999951
0.99999646 0.00224801 0.00142652 -0.00225176 0.99999399 0.00263587 -0.00142059 -0.00263908 0.99999551
0.99999987 -0.00018961 0.00048309 0.00018947 0.99999994 0.00030396 -0.00048315 -0.00030387 0.99999984
0.99999986 -0.00049114 0.00017276 0.00049144 0.99999838 -0.00173363 -0.00017191 0.00173372 0.99999848
0.99999937 0.00109162 -0.00026556 -0.00109194 0.99999869 -0.00119485 0.00026425 0.00119514 0.99999925
0.99999969 -0.00072119 -0.00031861 0.00072124 0.99999973 0.00015955 0.00031849 -0.00015978 0.99999994
0.99999900 -0.00138707 0.00028907 0.00138664 0.99999795 0.00147271 -0.00029111 -0.00147230 0.99999887
0.99999930 0.00100138 -0.00062912 -0.00100143 0.99999950 -0.00008054 0.00062903 0.00008117 0.99999980
0.99999983 0.00018222 -0.00055100 -0.00018231 0.99999997 -0.00016579 0.00055097 0.00016589 0.99999983
0.99999980 0.00035467 -0.00052436 -0.00035466 0.99999994 0.00002344 0.00052437 -0.00002325 0.99999986
0.99999555 0.00174948 -0.00241533 -0.00175014 0.99999843 -0.00027108 0.00241485 0.00027531 0.99999705
0.99999873 0.00158832 -0.00014325 -0.00158827 0.99999869 0.00030159 0.00014373 -0.00030136 0.99999994
0.99999511 -0.00309036 0.00048319 0.00308986 0.99999470 0.00102497 -0.00048635 -0.00102347 0.99999936
0.99999785 -0.00205074 0.00029330 0.00205044 0.99999740 0.00100275 -0.00029536 -0.00100215 0.99999945
0.99999770 -0.00214054 0.00015166 0.00214044 0.99999751 0.00063645 -0.00015302 -0.00063612 0.99999979
0.99999892 -0.00135775 -0.00055845 0.00135734 0.99999880 -0.00074909 0.00055947 0.00074833 0.99999956
0.99999840 -0.00175326 -0.00034623 0.00175290 0.99999795 -0.00101605 0.00034801 0.00101544 0.99999942
1.00000000 0.00004351 -0.00007907 -0.00004337 0.99999829 0.00184881 0.00007915 -0.00184881 0.99999829
0.99999891 -0.00145236 0.00027812 0.00145181 0.99999702 0.00196380 -0.00028097 -0.00196340 0.99999803
0.99999814 -0.00192149 0.00015622 0.00192164 0.99999767 -0.00098663 -0.00015433 0.00098693 0.99999950
0.99999554 0.00142193 0.00262668 -0.00141930 0.99999849 -0.00100539 -0.00262811 0.00100165 0.99999604
0.99999647 0.00259730 0.00055918 -0.00259687 0.99999634 -0.00076302 -0.00056116 0.00076157 0.99999955
0.99999882 0.00130151 0.00081795 -0.00130134 0.99999913 -0.00020601 -0.00081822 0.00020495 0.99999964
0.99999679 0.00237565 0.00087553 -0.00237510 0.99999698 -0.00063094 -0.00087703 0.00062886 0.99999942
0.99999934 -0.00113675 -0.00014832 0.00113675 0.99999935 0.00002560 0.00014829 -0.00002577 0.99999999
0.99999923 0.00003730 0.00124412 -0.00003716 0.99999999 -0.00010897 -0.00124412 0.00010892 0.99999922
0.99999692 -0.00224474 0.00105914 0.00224467 0.99999748 0.00006476 -0.00105929 -0.00006238 0.99999944
0.99999727 0.00154229 0.00175316 -0.00154094 0.99999852 -0.00077056 -0.00175435 0.00076785 0.99999817
0.99999944 0.00033693 0.00100527 -0.00033723 0.99999990 0.00029587 -0.00100517 -0.00029621 0.99999945
0.99999954 -0.00083362 0.00047113 0.00083320 0.99999927 0.00088069 -0.00047187 -0.00088029 0.99999950
0.99999961 -0.00078302 0.00040687 0.00078293 0.99999967 0.00021932 -0.00040704 -0.00021901 0.99999989
1.00000000 -0.00008450 0.00000168 0.00008451 0.99999756 -0.00220831 -0.00000150 0.00220831 0.99999756
0.99999981 -0.00061584 0.00001377 0.00061587 0.99999718 -0.00229229 -0.00001235 0.00229230 0.99999737
0.99999958 0.00014844 -0.00089916 -0.00014825 0.99999997 0.00021525 0.00089919 -0.00021512 0.99999957
0.99999748 -0.00203119 -0.00095970 0.00203138 0.99999792 0.00019327 0.00095930 -0.00019522 0.99999952
0.99999837 -0.00045432 -0.00174552 0.00045389 0.99999987 -0.00024816 0.00174563 0.00024737 0.99999845
0.99999926 0.00064133 -0.00102973 -0.00064119 0.99999978 0.00013816 0.00102982 -0.00013750 0.99999946
0.99999935 0.00071816 0.00089082 -0.00071893 0.99999937 0.00086493 -0.00089020 -0.00086557 0.99999923
0.99999350 -0.00101243 -0.00346168 0.00101079 0.99999938 -0.00047532 0.00346215 0.00047182 0.99999390
0.99999948 -0.00000120 -0.00102078 0.00000341 0.99999765 0.00216634 0.00102078 -0.00216634 0.99999713
0.99999878 0.00146793 -0.00052891 -0.00146719 0.99999793 0.00140776 0.00053098 -0.00140698 0.99999887
0.99999891 0.00119276 0.00087275 -0.00119263 0.99999928 -0.00015230 -0.00087293 0.00015126 0.99999961
0.99999944 0.00062766 0.00084949 -0.00062748 0.99999978 -0.00021156 -0.00084962 0.00021103 0.99999962
0.99999862 -0.00139024 0.00090769 0.00139022 0.99999903 0.00003029 -0.00090773 -0.00002903 0.99999959
0.99999875 -0.00049213 0.00149959 0.00049434 0.99999879 -0.00147496 -0.00149886 0.00147570 0.99999779
0.99999872 -0.00157418 0.00030059 0.00157478 0.99999680 -0.00198094 -0.00029747 0.00198141 0.99999799
0.99999989 -0.00035529 0.00029827 0.00035557 0.99999949 -0.00094099 -0.00029793 0.00094110 0.99999951
0.99999607 0.00128295 -0.00249345 -0.00128556 0.99999863 -0.00104685 0.00249210 0.00105005 0.99999634
0.99999721 0.00069863 -0.00225565 -0.00069645 0.99999929 0.00096854 0.00225633 -0.00096697 0.99999699
0.99999707 0.00223188 0.00093581 -0.00223477 0.99999272 0.00309375 -0.00092889 -0.00309583 0.99999478
0.99999163 -0.00401312 0.00079484 0.00400966 0.99998266 0.00431335 -0.00081214 -0.00431013 0.99999038
0.99999978 -0.00010216 0.00065623 0.00010206 0.99999998 0.00014761 -0.00065624 -0.00014754 0.99999977
0.99999985 -0.00031312 0.00044838 0.00031371 0.99999907 -0.00132390 -0.00044797 0.00132404 0.99999902
0.99999754 -0.00065790 0.00212046 0.00065713 0.99999972 0.00036825 -0.00212070 -0.00036686 0.99999768
0.99999974 0.00022715 0.00068907 -0.00022725 0.99999996 0.00014762 -0.00068904 -0.00014778 0.99999975
0.99999960 0.00060305 0.00066401 -0.00060302 0.99999982 -0.00005144 -0.00066404 0.00005104 0.99999978
0.99999855 0.00162323 -0.00051444 -0.00162386 0.99999792 -0.00123340 0.00051244 0.00123423 0.99999911
0.99999952 0.00015262 0.00096473 -0.00015257 0.99999999 -0.00005169 -0.00096474 0.00005154 0.99999953
0.99999898 -0.00135742 0.00045211 0.00135665 0.99999762 0.00170895 -0.00045443 -0.00170833 0.99999844
0.99999991 -0.00034526 0.00026053 0.00034484 0.99999865 0.00160686 -0.00026108 -0.00160677 0.99999868
0.99999935 -0.00112405 -0.00016997 0.00112385 0.99999863 -0.00121225 0.00017133 0.00121206 0.99999925
0.99999905 0.00126644 0.00055056 -0.00126690 0.99999885 0.00083063 -0.00054950 -0.00083132 0.99999950
0.99999504 0.00309667 0.00058008 -0.00309574 0.99999394 -0.00159346 -0.00058501 0.00159165 0.99999856
0.99999923 0.00058941 -0.00109034 -0.00059277 0.99999509 -0.00307862 0.00108852 0.00307927 0.99999467
0.99999926 0.00082166 -0.00089266 -0.00082118 0.99999951 0.00054551 0.00089311 -0.00054478 0.99999945
0.99999987 -0.00031903 -0.00039611 0.00032090 0.99998876 0.00473066 0.00039459 -0.00473079 0.99998873
0.99999920 -0.00119327 -0.00041628 0.00119485 0.99999198 0.00382241 0.00041172 -0.00382290 0.99999261
0.99999892 -0.00132068 -0.00064571 0.00132046 0.99999907 -0.00034823 0.00064617 0.00034737 0.99999973
0.99999562 -0.00176892 -0.00237360 0.00176488 0.99999699 -0.00170464 0.00237661 0.00170044 0.99999573
0.99999687 -0.00147051 -0.00202225 0.00147262 0.99999838 0.00103968 0.00202072 -0.00104265 0.99999741
0.99999406 -0.00323228 -0.00119490 0.00323298 0.99999460 0.00058341 0.00119301 -0.00058727 0.99999912
0.99999977 -0.00030325 -0.00060992 0.00030282 0.99999970 -0.00071106 0.00061014 0.00071087 0.99999956
0.99999989 -0.00046655 0.00009952 0.00046661 0.99999973 -0.00056792 -0.00009926 0.00056797 0.99999983
1.00000000 -0.00001775 0.00005098 0.00001774 0.99999995 0.00032044 -0.00005098 -0.00032044 0.99999995
0.99999958 -0.00079455 0.00046011 0.00079448 0.99999967 0.00016228 -0.00046024 -0.00016192 0.99999988
0.99999997 -0.00022828 0.00002420 0.00022829 0.99999982 -0.00055013 -0.00002407 0.00055014 0.99999985
0.99999772 -0.00186036 -0.00105085 0.00185923 0.99999770 -0.00106856 0.00105284 0.00106660 0.99999888
0.99999977 -0.00065581 0.00016537 0.00065575 0.99999973 0.00034189 -0.00016559 -0.00034178 0.99999993
0.99999960 0.00086643 0.00023284 -0.00086623 0.99999927 -0.00084769 -0.00023357 0.00084749 0.99999961
0.99999962 -0.00083867 0.00024611 0.00083898 0.99999885 -0.00126574 -0.00024504 0.00126595 0.99999917
0.99999916 0.00112702 0.00064252 -0.00112809 0.99999799 0.00165568 -0.00064066 -0.00165641 0.99999842
0.99999907 -0.00133260 -0.00030243 0.00133280 0.99999888 0.00068164 0.00030152 -0.00068204 0.99999972
0.99999850 0.00168442 -0.00040037 -0.00168542 0.99999538 -0.00252928 0.00039611 0.00252995 0.99999672
0.99999999 -0.00004827 0.00015027 0.00004824 0.99999998 0.00019010 -0.00015028 -0.00019009 0.99999997
0.99999885 0.00142733 0.00051601 -0.00142762 0.99999883 0.00055644 -0.00051522 -0.00055717 0.99999971
0.99999895 0.00136327 0.00049776 -0.00136373 0.99999864 0.00092277 -0.00049650 -0.00092345 0.99999945
0.99999947 0.00102566 0.00005028 -0.00102561 0.99999914 -0.00081787 -0.00005112 0.00081782 0.99999966
0.99999921 -0.00106573 0.00067019 0.00106560 0.99999941 0.00019695 -0.00067040 -0.00019623 0.99999976
0.99999998 0.00019168 0.00003083 -0.00019168 0.99999997 -0.00013875 -0.00003086 0.00013874 0.99999999
0.99999916 -0.00044826 0.00121291 0.00044725 0.99999955 0.00083461 -0.00121328 -0.00083407 0.99999892
0.99999882 0.00119100 0.00097221 -0.00119203 0.99999872 0.00106499 -0.00097094 -0.00106615 0.99999896
0.99999992 -0.00016963 -0.00036989 0.00017031 0.99999830 0.00183459 0.00036958 -0.00183465 0.99999825
0.99999978 0.00063212 -0.00019715 -0.00063224 0.99999962 -0.00060734 0.00019677 0.00060746 0.99999980
0.99999992 0.00039958 -0.00001675 -0.00039959 0.99999974 -0.00059870 0.00001651 0.00059871 0.99999982
0.99999959 0.00082502 0.00038482 -0.00082504 0.99999966 0.00006536 -0.00038477 -0.00006568 0.99999992
0.99999633 -0.00212855 -0.00167596 0.00213076 0.99999686 0.00131704 0.00167315 -0.00132060 0.99999773
0.99999992 -0.00032275 -0.00024688 0.00032314 0.99999865 0.00161402 0.00024636 -0.00161410 0.99999867
0.99999951 -0.00093836 -0.00032465 0.00093819 0.99999943 -0.00051550 0.00032513 0.00051519 0.99999981
0.99995619 0.00933954 0.00062684 -0.00933948 0.99995638 -0.00010293 -0.00062777 0.00009708 0.99999980
