1.00000000 0.00000000 0.00000000 0.00000000 1.00000000 0.00000000 0.00000000 0.00000000 1.00000000
0.99999955 0.00023800 -0.00091561 -0.00023872 0.99999967 -0.00078029 0.00091542 0.00078051 0.99999928
0.99999985 -0.00011578 0.00053303 0.00011645 0.99999920 -0.00126065 -0.00053289 0.00126071 0.99999906
0.99999998 0.00013360 -0.00017623 -0.00013369 0.99999988 -0.00046563 0.00017617 0.00046565 0.99999988
0.99999999 0.00015018 -0.00007774 -0.00015019 0.99999997 -0.00017924 0.00007772 0.00017925 0.99999998
0.99999955 -0.00072551 0.00061857 0.00072503 0.99999944 0.00076925 -0.00061913 -0.00076880 0.99999951
0.99999850 0.00170996 -0.00026768 -0.00170989 0.99999851 0.00025731 0.00026812 -0.00025686 0.99999993
0.99999680 0.00240906 -0.00077405 -0.00241099 0.99999395 -0.00250653 0.00076801 0.00250839 0.99999656
0.99999362 0.00355933 -0.00031586 -0.00356011 0.99999055 -0.00249704 0.00030697 0.00249815 0.99999683
0.99999204 0.00398285 0.00022906 -0.00398258 0.99999140 -0.00115543 -0.00023366 0.00115451 0.99999931
0.99999771 0.00212777 0.00022482 -0.00212778 0.99999774 0.00004036 -0.00022473 -0.00004084 0.99999997
0.99999835 0.00178338 -0.00034697 -0.00178326 0.99999835 0.00034523 0.00034759 -0.00034461 0.99999988
0.99999864 -0.00152528 0.00063463 0.00152396 0.99999668 0.00207700 -0.00063779 -0.00207603 0.99999764
0.99999476 -0.00320908 0.00043618 0.00320842 0.99999369 0.00152213 -0.00044107 -0.00152073 0.99999875
0.99999975 -0.00064287 -0.00028846 0.00064182 0.99999321 -0.00362764 0.00029079 0.00362746 0.99999338
0.99999979 0.00039438 -0.00051337 -0.00039595 0.99999523 -0.00306419 0.00051216 0.00306439 0.99999517
0.99999098 0.00410044 0.00110476 -0.00409761 0.99998834 -0.00255363 -0.00111521 0.00254908 0.99999613
0.99998789 0.00490248 0.00042937 -0.00490265 0.99998791 0.00037726 -0.00042752 -0.00037937 0.99999984
0.99999705 0.00241981 0.00021660 -0.00242032 0.99999419 0.00239989 -0.00021079 -0.00240040 0.99999710
0.99999876 -0.00107130 0.00115616 0.00106999 0.99999878 0.00113419 -0.00115737 -0.00113295 0.99999869
0.99999762 -0.00209086 -0.00062146 0.00208895 0.99999316 -0.00305358 0.00062784 0.00305228 0.99999514
0.99999991 -0.00041648 -0.00011614 0.00041621 0.99999727 -0.00229837 0.00011709 0.00229832 0.99999735
0.99999209 -0.00326520 0.00227332 0.00327252 0.99998945 -0.00322206 -0.00226278 0.00322947 0.99999223
0.99999544 0.00301850 0.00003345 -0.00301847 0.99999507 -0.00086057 -0.00003604 0.00086047 0.99999963
0.99999708 0.00067645 0.00232123 -0.00066722 0.99999188 -0.00397385 -0.00232390 0.00397229 0.99998941
0.99999854 0.00161135 -0.00056340 -0.00161117 0.99999865 0.00032651 0.00056393 -0.00032560 0.99999979
0.99999981 -0.00027303 -0.00055202 0.00027376 0.99999909 0.00131968 0.00055166 -0.00131983 0.99999898
0.99999869 0.00134533 -0.00089782 -0.00134431 0.99999845 0.00113548 0.00089935 -0.00113427 0.99999895
0.99999450 0.00330628 0.00025789 -0.00330624 0.99999453 -0.00013077 -0.00025832 0.00012991 0.99999996
0.99999256 0.00378409 0.00075060 -0.00378351 0.99999254 -0.00077184 -0.00075351 0.00076899 0.99999942
0.99999635 0.00268384 0.00032183 -0.00268395 0.99999634 0.00034292 -0.00032091 -0.00034378 0.99999989
0.99999887 0.00147705 0.00029355 -0.00147704 0.99999891 -0.00005634 -0.00029364 0.00005590 0.99999996
0.99999974 -0.00052337 -0.00048629 0.00052334 0.99999986 -0.00006268 0.00048633 0.00006243 0.99999988
0.99999878 0.00115274 -0.00105736 -0.00115327 0.99999921 -0.00049841 0.00105679 0.00049963 0.99999932
0.99999642 -0.00026648 -0.00266150 0.00026814 0.99999977 0.00062305 0.00266133 -0.00062376 0.99999626
0.99999773 0.00151858 -0.00149674 -0.00151830 0.99999883 0.00018961 0.00149703 -0.00018734 0.99999886
0.99999913 0.00059518 -0.00117325 -0.00059574 0.99999971 -0.00047069 0.00117297 0.00047139 0.99999920
0.99999908 0.00082136 -0.00107834 -0.00082107 0.99999963 0.00027021 0.00107856 -0.00026932 0.99999938
0.99999975 0.00026376 -0.00066349 -0.00026327 0.99999969 0.00074125 0.00066368 -0.00074108 0.99999951
0.99999940 -0.00088943 -0.00064522 0.00088981 0.99999943 0.00059319 0.00064469 -0.00059376 0.99999962
0.99999881 -0.00150874 -0.00031355 0.00150887 0.99999878 0.00039463 0.00031296 -0.00039510 0.99999987
0.99999492 -0.00313797 -0.00055378 0.00313811 0.99999504 0.00025044 0.00055299 -0.00025218 0.99999982
0.99999966 -0.00082775 -0.00001713 0.00082776 0.99999960 0.00033996 0.00001685 -0.00033998 0.99999994
0.99999706 -0.00231189 0.00073473 0.00231103 0.99999665 0.00116715 -0.00073742 -0.00116545 0.99999905
0.99999956 -0.00075836 0.00055594 0.00075805 0.99999956 0.00055865 -0.00055636 -0.00055823 0.99999969
0.99999285 -0.00253016 0.00281143 0.00252925 0.99999675 0.00032620 -0.00281225 -0.00031908 0.99999599
0.99999900 -0.00136425 0.00036183 0.00136450 0.99999883 -0.00068904 -0.00036089 0.00068953 0.99999970
0.99999854 0.00144932 0.00090888 -0.00144871 0.99999872 -0.00067299 -0.00090986 0.00067168 0.99999936
0.99999678 0.00160799 0.00196429 -0.00160753 0.99999868 -0.00023683 -0.00196466 0.00023368 0.99999804
0.99999280 0.00376390 0.00048226 -0.00376452 0.99999208 0.00129030 -0.00047740 -0.00129211 0.99999905
0.99998602 0.00510358 0.00138669 -0.00510489 0.99998652 0.00094633 -0.00138184 -0.00095340 0.99999859
0.99999431 0.00336134 0.00027655 -0.00336142 0.99999430 0.00030808 -0.00027552 -0.00030901 0.99999991
0.99999071 0.00426541 0.00061952 -0.00426524 0.99999086 -0.00028016 -0.00062071 0.00027752 0.99999977
0.99999345 0.00352157 0.00083219 -0.00352135 0.99999376 -0.00026528 -0.00083312 0.00026235 0.99999962
0.99999819 0.00177457 0.00068495 -0.00177441 0.99999840 -0.00023405 -0.00068536 0.00023283 0.99999974
0.99999976 0.00066283 0.00018587 -0.00066287 0.99999975 0.00024843 -0.00018571 -0.00024855 0.99999995
0.99999989 -0.00032242 0.00035202 0.00032261 0.99999981 -0.00052708 -0.00035185 0.00052720 0.99999980
0.99999966 -0.00076226 -0.00031944 0.00076194 0.99999921 -0.00100457 0.00032021 0.00100432 0.99999944
0.99999996 0.00002562 0.00028577 -0.00002562 1.00000000 0.00001123 -0.00028577 -0.00001123 0.99999996
0.99999947 0.00076507 -0.00068297 -0.00076464 0.99999951 0.00063007 0.00068345 -0.00062954 0.99999957
0.99999988 0.00008225 -0.00047311 -0.00008249 0.99999986 -0.00051754 0.00047307 0.00051758 0.99999975
0.99999970 0.00051613 -0.00057156 -0.00051600 0.99999984 0.00023616 0.00057169 -0.00023587 0.99999981
0.99999985 0.00023237 -0.00049738 -0.00023171 0.99999912 0.00130832 0.00049769 -0.00130821 0.99999902
0.99999534 -0.00169086 -0.00254177 0.00169398 0.99999781 0.00122525 0.00253970 -0.00122955 0.99999602
0.99999393 -0.00164544 -0.00307190 0.00164890 0.99999801 0.00112422 0.00307004 -0.00112927 0.99999465
0.99999843 -0.00166238 -0.00061427 0.00166247 0.99999861 0.00015218 0.00061402 -0.00015320 0.99999980
0.99999866 -0.00097563 -0.00131245 0.00097475 0.99999930 -0.00066912 0.00131310 0.00066784 0.99999891
0.99999907 -0.00040148 -0.00130095 0.00040067 0.99999972 -0.00062599 0.00130120 0.00062547 0.99999896
0.99999972 0.00075012 0.00005941 -0.00075009 0.99999955 -0.00058189 -0.00005984 0.00058185 0.99999983
0.99999998 -0.00009323 0.00019396 0.00009339 0.99999964 -0.00084665 -0.00019388 0.00084667 0.99999962
0.99999855 0.00170328 0.00007286 -0.00170326 0.99999851 -0.00028369 -0.00007334 0.00028357 0.99999996
0.99999835 0.00176682 0.00042910 -0.00176684 0.99999844 0.00003426 -0.00042904 -0.00003502 0.99999991
0.99999951 0.00094433 0.00028964 -0.00094477 0.99999842 0.00150278 -0.00028822 -0.00150305 0.99999883
0.99999779 0.00208911 0.00022275 -0.00208945 0.99999669 0.00150385 -0.00021961 -0.00150431 0.99999884
0.99999989 0.00027664 0.00036896 -0.00027637 0.99999970 -0.00072825 -0.00036916 0.00072815 0.99999967
0.99999951 0.00074789 0.00065436 -0.00074621 0.99999642 -0.00256909 -0.00065628 0.00256860 0.99999649
0.99999996 -0.00028795 0.00002070 0.00028798 0.99999876 -0.00154892 -0.00002026 0.00154893 0.99999880
0.99999847 -0.00174587 -0.00013143 0.00174608 0.99999717 0.00161840 0.00012860 -0.00161863 0.99999868
0.99999756 -0.00216242 0.00045098 0.00216154 0.99999577 0.00194533 -0.00045519 -0.00194435 0.99999801
0.99999947 -0.00016807 0.00101625 0.00016819 0.99999998 -0.00011623 -0.00101623 0.00011640 0.99999948
0.99999782 0.00090359 0.00188398 -0.00090081 0.99999851 -0.00147369 -0.00188531 0.00147199 0.99999714
0.99999932 0.00057826 0.00101011 -0.00057592 0.99999717 -0.00230880 -0.00101145 0.00230822 0.99999682
0.99999629 0.00248428 0.00111966 -0.00248203 0.99999490 -0.00200839 -0.00112465 0.00200560 0.99999736
0.99999057 0.00408711 0.00146629 -0.00408693 0.99999164 -0.00012954 -0.00146681 0.00012354 0.99999892
0.99999291 0.00249477 0.00281906 -0.00250028 0.99999497 0.00195366 -0.00281417 -0.00196070 0.99999412
0.99999926 0.00065714 0.00102774 -0.00065924 0.99999769 0.00204350 -0.00102640 -0.00204418 0.99999738
0.99999920 0.00043019 0.00119265 -0.00043030 0.99999990 0.00009449 -0.00119261 -0.00009500 0.99999928
0.99999818 0.00116951 0.00150933 -0.00116904 0.99999927 -0.00031250 -0.00150970 0.00031073 0.99999881
0.99999591 0.00254600 0.00130241 -0.00254540 0.99999666 -0.00045881 -0.00130358 0.00045549 0.99999905
0.99999471 0.00275019 0.00173739 -0.00274981 0.99999620 -0.00022021 -0.00173799 0.00021543 0.99999847
0.99999806 0.00108169 0.00164552 -0.00107951 0.99999853 -0.00132891 -0.00164696 0.00132713 0.99999776
0.99999706 0.00165325 0.00177180 -0.00165278 0.99999860 -0.00026449 -0.00177223 0.00026156 0.99999840
0.99999846 -0.00047437 0.00168728 0.00047454 0.99999988 -0.00009785 -0.00168723 0.00009865 0.99999857
0.99999948 -0.00018679 0.00100040 0.00018583 0.99999953 0.00095206 -0.00100057 -0.00095187 0.99999905
0.99999955 -0.00082744 -0.00045939 0.00082774 0.99999944 0.00066517 0.00045884 -0.00066555 0.99999967
0.99999983 -0.00055825 -0.00017382 0.00055841 0.99999938 0.00095857 0.00017328 -0.00095866 0.99999953
0.99999737 -0.00210113 -0.00091930 0.00210178 0.99999754 0.00071326 0.00091780 -0.00071519 0.99999932
0.99999861 -0.00120244 -0.00115531 0.00120392 0.99999845 0.00128218 0.00115377 -0.00128357 0.99999851
0.99999887 -0.00134322 -0.00066990 0.00134296 0.99999902 -0.00038979 0.00067042 0.00038889 0.99999970
0.99999913 -0.00125085 -0.00041928 0.00125083 0.99999922 -0.00003836 0.00041933 0.00003783 0.99999991
0.99999935 -0.00069163 -0.00091018 0.00069229 0.99999950 0.00072741 0.00090968 -0.00072804 0.99999932
0.99999891 -0.00108930 -0.00099206 0.00108929 0.99999941 -0.00000905 0.00099207 0.00000797 0.99999951
0.99999911 0.00004221 -0.00132985 -0.00004241 0.99999999 -0.00015257 0.00132984 0.00015262 0.99999910
0.99999942 0.00061230 -0.00088970 -0.00061292 0.99999957 -0.00069151 0.00088928 0.00069206 0.99999937
0.99999983 0.00046411 -0.00034251 -0.00046434 0.99999967 -0.00066729 0.00034220 0.00066745 0.99999972
0.99999779 -0.00194769 -0.00079606 0.00194571 0.99999506 -0.00247042 0.00080087 0.00246887 0.99999663
0.99998692 -0.00501849 -0.00098402 0.00501793 0.99998724 -0.00057692 0.00098690 0.00057197 0.99999935
0.99997278 -0.00735735 -0.00055872 0.00735826 0.99997158 0.00164305 0.00054661 -0.00164711 0.99999849
0.99997751 -0.00658354 -0.00127581 0.00658536 0.99997730 0.00142312 0.00126641 -0.00143149 0.99999817
0.99999554 -0.00285134 -0.00088899 0.00284815 0.99998957 -0.00357073 0.00089916 0.00356819 0.99999323
0.99999848 0.00173901 0.00015216 -0.00173839 0.99999044 -0.00401106 -0.00015913 0.00401079 0.99999194
0.99999332 0.00358727 0.00070410 -0.00358595 0.99999181 -0.00187755 -0.00071083 0.00187501 0.99999799
0.99999902 0.00092760 0.00104398 -0.00092734 0.99999954 -0.00024690 -0.00104421 0.00024593 0.99999942
0.99999560 -0.00286118 0.00078174 0.00285873 0.99999103 0.00312408 -0.00079067 -0.00312183 0.99999481
0.99998608 -0.00526187 0.00039187 0.00526090 0.99998316 0.00244855 -0.00040474 -0.00244645 0.99999693
0.99999262 -0.00383071 -0.00030142 0.00383122 0.99999121 0.00170590 0.00029488 -0.00170704 0.99999850
0.99999296 0.00375265 -0.00008424 -0.00375270 0.99999277 -0.00061040 0.00008195 0.00061071 0.99999981
0.99999433 0.00329996 0.00067493 -0.00329936 0.99999417 -0.00087943 -0.00067783 0.00087720 0.99999939
0.99999024 0.00426528 0.00114820 -0.00426451 0.99999068 -0.00066803 -0.00115104 0.00066313 0.99999912
0.99998503 0.00535436 0.00112886 -0.00535201 0.99998353 -0.00207221 -0.00113994 0.00206613 0.99999722
0.99998959 0.00408294 0.00203730 -0.00408213 0.99999159 -0.00040553 -0.00203893 0.00039721 0.99999784
0.99999384 0.00344804 0.00066398 -0.00344874 0.99999349 0.00105728 -0.00066033 -0.00105956 0.99999922
0.99999642 0.00266726 0.00022057 -0.00266716 0.99999634 -0.00045387 -0.00022178 0.00045328 0.99999987
0.99999683 0.00238607 0.00080697 -0.00238335 0.99999155 -0.00334852 -0.00081495 0.00334659 0.99999407
0.99998839 0.00477748 -0.00062145 -0.00477953 0.99998300 -0.00333947 0.00060548 0.00334240 0.99999423
0.99997785 0.00645667 0.00161777 -0.00645477 0.99997847 -0.00117774 -0.00162534 0.00116727 0.99999800
0.99998260 0.00581646 -0.00097976 -0.00581643 0.99998308 0.00003376 0.00097994 -0.00002806 0.99999952
0.99998856 0.00464815 0.00112971 -0.00465017 0.99998758 0.00179083 -0.00112138 -0.00179607 0.99999776
0.99999838 0.00177468 0.00031099 -0.00177526 0.99999666 0.00187700 -0.00030766 -0.00187755 0.99999819
0.99999842 -0.00177779 -0.00009374 0.00177790 0.99999771 0.00119329 0.00009162 -0.00119346 0.99999928
0.99999208 -0.00157482 -0.00365508 0.00156978 0.99999782 -0.00137942 0.00365724 0.00137367 0.99999237
0.99999844 -0.00021812 -0.00175144 0.00021179 0.99999345 -0.00361346 0.00175222 0.00361309 0.99999194
0.99999597 0.00268922 -0.00090697 -0.00269295 0.99998781 -0.00413782 0.00089583 0.00414024 0.99999103
0.99999008 0.00441352 -0.00060879 -0.00441400 0.99998995 -0.00078656 0.00060531 0.00078924 0.99999951
0.99998300 0.00583006 0.00012259 -0.00583014 0.99998280 0.00063610 -0.00011888 -0.00063680 0.99999979
0.99999530 0.00302804 0.00047762 -0.00302961 0.99998989 0.00332311 -0.00046755 -0.00332454 0.99999436
0.99999725 0.00212992 0.00098484 -0.00213197 0.99999555 0.00208874 -0.00098039 -0.00209083 0.99999733
0.99999928 0.00116067 0.00030209 -0.00116054 0.99999922 -0.00045802 -0.00030262 0.00045766 0.99999985
0.99997053 0.00699861 0.00315492 -0.00698938 0.99997129 -0.00292676 -0.00317531 0.00290462 0.99999074
0.99999747 -0.00224677 0.00007378 0.00224673 0.99999733 0.00054118 -0.00007499 -0.00054102 0.99999985
0.99999917 -0.00129113 -0.00000679 0.00129112 0.99999837 -0.00126378 0.00000842 0.00126377 0.99999920
0.99999542 -0.00295305 0.00066389 0.00295239 0.99999514 0.00100445 -0.00066685 -0.00100249 0.99999928
0.99999111 -0.00421636 -0.00009231 0.00421645 0.99999061 0.00100121 0.00008809 -0.00100159 0.99999949
0.99999404 -0.00335008 0.00083633 0.00334996 0.99999438 0.00015589 -0.00083685 -0.00015309 0.99999964
0.99999367 0.00353623 0.00039262 -0.00353429 0.99998202 -0.00484518 -0.00040975 0.00484376 0.99998818
0.99995958 0.00865642 0.00243056 -0.00864551 0.99995267 -0.00446284 -0.00246908 0.00444164 0.99998709
0.99995473 0.00942837 0.00128226 -0.00942815 0.99995554 -0.00018107 -0.00128391 0.00016897 0.99999916
0.99996852 0.00787504 0.00097447 -0.00787838 0.99996294 0.00347185 -0.00094710 -0.00347942 0.99999350
0.99999907 0.00100178 0.00092260 -0.00100336 0.99999802 0.00172015 -0.00092087 -0.00172108 0.99999809
0.99999909 -0.00134891 -0.00008840 0.00134893 0.99999906 0.00026108 0.00008805 -0.00026120 0.99999996
0.99999577 -0.00266480 -0.00116311 0.00266420 0.99999632 -0.00051994 0.00116449 0.00051684 0.99999919
0.99999563 -0.00257905 -0.00144489 0.00257839 0.99999657 -0.00045411 0.00144606 0.00045038 0.99999885
0.99999939 0.00110258 -0.00007150 -0.00110260 0.99999931 -0.00039907 0.00007106 0.00039915 0.99999992
0.99999850 0.00170677 0.00027946 -0.00170674 0.99999853 -0.00013218 -0.00027969 0.00013170 0.99999995
0.99999814 0.00187733 0.00043370 -0.00187758 0.99999807 0.00057584 -0.00043262 -0.00057666 0.99999974
0.99999988 -0.00037402 -0.00031775 0.00037368 0.99999938 -0.00105152 0.00031814 0.00105140 0.99999940
0.99999935 -0.00036413 -0.00108030 0.00036362 0.99999982 -0.00047086 0.00108047 0.00047047 0.99999931
0.99999982 -0.00046934 -0.00037040 0.00046919 0.99999981 -0.00039075 0.00037058 0.00039058 0.99999986
0.99999965 0.00041188 -0.00072960 -0.00041197 0.99999991 -0.00011757 0.00072955 0.00011787 0.99999973
0.99999936 0.00112767 0.00004564 -0.00112766 0.99999933 -0.00025514 -0.00004593 0.00025508 0.99999997
0.99999991 0.00040212 0.00011211 -0.00040207 0.99999984 -0.00039453 -0.00011226 0.00039448 0.99999992
0.99999922 0.00123589 -0.00015740 -0.00123595 0.99999916 -0.00039245 0.00015691 0.00039265 0.99999991
0.99999991 0.00004997 -0.00043061 -0.00005014 0.99999992 -0.00038794 0.00043059 0.00038796 0.99999983
0.99999937 0.00103107 -0.00045320 -0.00103111 0.99999947 -0.00007515 0.00045312 0.00007561 0.99999989
0.99999994 -0.00034148 -0.00003042 0.00034147 0.99999989 -0.00030802 0.00003052 0.00030801 0.99999995
0.99999974 -0.00071748 0.00012085 0.00071754 0.99999959 -0.00055889 -0.00012045 0.00055897 0.99999984
0.99999972 -0.00063707 0.00038135 0.00063691 0.99999971 0.00041539 -0.00038161 -0.00041514 0.99999984
0.99999959 -0.00072662 -0.00054233 0.00072743 0.99999862 0.00149311 0.00054124 -0.00149350 0.99999874
0.99999974 0.00071387 0.00008734 -0.00071394 0.99999942 0.00080608 -0.00008676 -0.00080614 0.99999967
0.99999968 0.00079155 -0.00014413 -0.00079162 0.99999957 -0.00049306 0.00014374 0.00049318 0.99999987
0.99999907 0.00129754 0.00041925 -0.00129724 0.99999891 -0.00070686 -0.00042016 0.00070632 0.99999966
0.99999853 0.00151037 0.00081773 -0.00151121 0.99999833 0.00103245 -0.00081617 -0.00103368 0.99999913
0.99999920 0.00059134 0.00112057 -0.00059386 0.99999729 0.00225268 -0.00111923 -0.00225334 0.99999683
0.99999972 0.00004594 0.00075261 -0.00004643 0.99999979 0.00065221 -0.00075258 -0.00065225 0.99999950
0.99999786 0.00042360 0.00202284 -0.00042086 0.99999899 -0.00135859 -0.00202341 0.00135774 0.99999703
0.99999869 0.00137631 0.00085145 -0.00137496 0.99999781 -0.00157774 -0.00085362 0.00157656 0.99999839
0.99999904 0.00106490 0.00088771 -0.00106537 0.99999929 0.00053552 -0.00088714 -0.00053647 0.99999946
0.99999980 0.00019018 0.00060375 -0.00019050 0.99999984 0.00053499 -0.00060365 -0.00053511 0.99999967
0.99999712 0.00162216 -0.00176968 -0.00162324 0.99999850 -0.00061003 0.00176869 0.00061290 0.99999825
0.99999908 0.00109924 -0.00079386 -0.00109938 0.99999938 -0.00018080 0.00079366 0.00018167 0.99999967
0.99999729 0.00232629 -0.00006430 -0.00232627 0.99999723 0.00034950 0.00006511 -0.00034935 0.99999994
0.99999942 0.00104069 -0.00025923 -0.00104069 0.99999946 0.00002849 0.00025926 -0.00002822 0.99999997
0.99999911 0.00133173 -0.00012329 -0.00133176 0.99999907 -0.00030366 0.00012289 0.00030382 0.99999995
0.99999992 -0.00035620 -0.00017621 0.00035604 0.99999951 -0.00092355 0.00017654 0.00092348 0.99999956
0.99999940 -0.00081753 -0.00073237 0.00081771 0.99999964 0.00024164 0.00073217 -0.00024223 0.99999970
0.99999802 -0.00197280 0.00027782 0.00197271 0.99999800 0.00032854 -0.00027847 -0.00032799 0.99999991
0.99999464 -0.00316795 -0.00082234 0.00316871 0.99999456 0.00092148 0.00081942 -0.00092408 0.99999924
0.99999881 0.00071088 -0.00136941 -0.00071420 0.99999681 -0.00242325 0.00136769 0.00242423 0.99999613
0.99999887 -0.00139130 0.00057298 0.00139031 0.99999754 0.00172928 -0.00057539 -0.00172848 0.99999834
0.99999881 -0.00145588 0.00051169 0.00145520 0.99999806 0.00132698 -0.00051363 -0.00132624 0.99999899
0.99999981 -0.00058178 0.00020604 0.00058192 0.99999959 -0.00069251 -0.00020564 0.00069263 0.99999974
0.99999960 0.00011926 0.00088399 -0.00011789 0.99999879 -0.00154912 -0.00088418 0.00154902 0.99999841
0.99999911 0.00122976 0.00051134 -0.00122949 0.99999910 -0.00053188 -0.00051199 0.00053125 0.99999973
0.99999235 0.00370722 0.00124912 -0.00370731 0.99999313 0.00007075 -0.00124885 -0.00007538 0.99999922
0.99999470 0.00306526 0.00109304 -0.00306420 0.99999484 -0.00096927 -0.00109600 0.00096592 0.99999893
0.99999738 0.00214691 0.00079825 -0.00214607 0.99999715 -0.00104559 -0.00080050 0.00104388 0.99999913
0.99999870 0.00157890 0.00033491 -0.00157867 0.99999852 -0.00068469 -0.00033599 0.00068416 0.99999971
0.99999989 -0.00014682 -0.00044657 0.00014654 0.99999979 -0.00063426 0.00044666 0.00063419 0.99999970
0.99999905 0.00049999 0.00128770 -0.00049853 0.99999923 -0.00113436 -0.00128827 0.00113372 0.99999853
0.99999867 -0.00015321 0.00162449 0.00015252 0.99999990 0.00042446 -0.00162455 -0.00042422 0.99999859
0.99999992 -0.00030150 0.00025715 0.00030114 0.99999896 0.00141022 -0.00025758 -0.00141014 0.99999897
0.99999940 -0.00109239 -0.00005005 0.00109239 0.99999940 0.00006252 0.00004998 -0.00006257 1.00000000
0.99999935 -0.00017395 0.00112814 0.00017669 0.99999703 -0.00243252 -0.00112771 0.00243272 0.99999641
0.99999678 -0.00144272 0.00208845 0.00144793 0.99999583 -0.00249958 -0.00208483 0.00250260 0.99999470
0.99999902 -0.00002220 -0.00140114 0.00002230 1.00000000 0.00006830 0.00140114 -0.00006834 0.99999902
0.99999797 -0.00120911 -0.00161331 0.00120827 0.99999914 -0.00051873 0.00161394 0.00051678 0.99999856
0.99999942 0.00027998 -0.00104365 -0.00028089 0.99999958 -0.00087061 0.00104340 0.00087090 0.99999908
0.99999959 0.00072069 -0.00053974 -0.00072114 0.99999938 -0.00084322 0.00053913 0.00084361 0.99999950
0.99999975 -0.00013576 0.00069797 0.00013594 0.99999996 -0.00025744 -0.00069793 0.00025753 0.99999972
0.99999932 -0.00031242 -0.00112078 0.00031210 0.99999991 -0.00028637 0.00112087 0.00028602 0.99999933
0.99999958 0.00023633 -0.00089006 -0.00023553 0.99999957 0.00089737 0.00089027 -0.00089716 0.99999920
0.99999664 0.00253670 -0.00053385 -0.00253613 0.99999620 0.00107913 0.00053659 -0.00107777 0.99999928
0.99999891 0.00076922 0.00125976 -0.00076922 0.99999970 0.00000601 -0.00125976 -0.00000698 0.99999921
0.99999907 0.00097204 0.00095749 -0.00097121 0.99999915 -0.00086792 -0.00095833 0.00086699 0.99999916
0.99999548 -0.00008104 -0.00300691 0.00008290 0.99999981 0.00061870 0.00300686 -0.00061895 0.99999529
0.99999960 -0.00081467 0.00035940 0.00081521 0.99999851 -0.00152135 -0.00035816 0.00152164 0.99999878
0.99999953 -0.00089734 -0.00037830 0.00089652 0.99999722 -0.00218040 0.00038025 0.00218005 0.99999755
0.99999980 -0.00062533 -0.00009069 0.00062523 0.99999915 -0.00114398 0.00009140 0.00114393 0.99999934
0.99999741 0.00076038 -0.00214454 -0.00076248 0.99999923 -0.00097599 0.00214379 0.00097762 0.99999722
0.99999627 0.00133873 -0.00238035 -0.00133780 0.99999903 0.00039299 0.00238088 -0.00038981 0.99999709
0.99999814 0.00191223 -0.00026355 -0.00191152 0.99999458 0.00268083 0.00026867 -0.00268032 0.99999637
0.99999837 -0.00171901 0.00056015 0.00171739 0.99999437 0.00288232 -0.00056510 -0.00288135 0.99999569
0.99999999 -0.00004682 0.00013660 0.00004675 0.99999989 0.00045691 -0.00013662 -0.00045690 0.99999989
0.99999993 -0.00016508 0.00032415 0.00016557 0.99999883 -0.00152009 -0.00032390 0.00152014 0.99999879
0.99999951 -0.00089449 0.00042892 0.00089461 0.99999956 -0.00028866 -0.00042866 0.00028904 0.99999987
0.99999982 0.00043131 0.00041605 -0.00043125 0.99999990 -0.00014158 -0.00041611 0.00014140 0.99999990
0.99999950 0.00088477 0.00045623 -0.00088458 0.99999952 -0.00041539 -0.00045659 0.00041498 0.99999981
0.99999640 0.00265926 0.00036967 -0.00265862 0.99999498 -0.00172563 -0.00037426 0.00172464 0.99999844
0.99999831 0.00140817 0.00118438 -0.00140713 0.99999863 -0.00087266 -0.00118560 0.00087099 0.99999892
0.99999948 -0.00090078 0.00048081 0.00089993 0.99999805 0.00176038 -0.00048240 -0.00175995 0.99999833
0.99999987 0.00039078 -0.00031983 -0.00039076 0.99999992 0.00007700 0.00031986 -0.00007687 0.99999995
0.99999886 -0.00148637 -0.00025627 0.00148598 0.99999778 -0.00149204 0.00025848 0.00149165 0.99999885
0.99998930 0.00458430 0.00061650 -0.00458374 0.99998908 -0.00090978 -0.00062066 0.00090694 0.99999940
0.99999751 0.00223243 -0.00007413 -0.00223261 0.99999428 -0.00254140 0.00006846 0.00254156 0.99999677
0.99999685 0.00179785 -0.00175270 -0.00180346 0.99999324 -0.00320477 0.00174692 0.00320792 0.99999333
0.99999817 0.00170371 -0.00086622 -0.00170342 0.99999850 0.00032782 0.00086678 -0.00032635 0.99999957
0.99999886 0.00138753 -0.00060047 -0.00138561 0.99999400 0.00317375 0.00060487 -0.00317291 0.99999478
0.99999841 0.00156720 -0.00084643 -0.00156482 0.99999486 0.00279882 0.00085081 -0.00279749 0.99999573
0.99999767 0.00164059 -0.00140547 -0.00164260 0.99999763 -0.00143082 0.00140312 0.00143313 0.99999799
0.99999786 -0.00032555 -0.00204231 0.00032202 0.99999846 -0.00172652 0.00204287 0.00172586 0.99999642
0.99999846 -0.00040890 -0.00170695 0.00041076 0.99999933 0.00108684 0.00170651 -0.00108754 0.99999795
0.99999840 -0.00164610 -0.00069940 0.00164637 0.99999857 0.00039375 0.00069875 -0.00039490 0.99999968
0.99999987 0.00027063 -0.00043068 -0.00027112 0.99999933 -0.00112612 0.00043038 0.00112624 0.99999927
0.99999996 -0.00006994 -0.00027482 0.00006964 0.99999940 -0.00108885 0.00027489 0.00108883 0.99999937
0.99999995 0.00028045 -0.00012689 -0.00028053 0.99999975 -0.00064583 0.00012670 0.00064587 0.99999978
0.99999979 -0.00017305 0.00062507 0.00017317 0.99999997 -0.00018634 -0.00062503 0.00018645 0.99999979
0.99999998 -0.00006239 0.00017455 0.00006251 0.99999976 -0.00069676 -0.00017451 0.00069677 0.99999974
0.99999994 -0.00034928 -0.00008889 0.00034922 0.99999970 -0.00069670 0.00008913 0.00069667 0.99999975
0.99999967 -0.00078513 -0.00020945 0.00078522 0.99999961 0.00040434 0.00020913 -0.00040450 0.99999990
0.99999977 0.00057729 0.00034342 -0.00057702 0.99999952 -0.00079416 -0.00034388 0.00079397 0.99999963
0.99999965 -0.00066933 0.00049691 0.00066998 0.99999891 -0.00131501 -0.00049603 0.00131534 0.99999901
0.99999942 -0.00072039 0.00079706 0.00071912 0.99999847 0.00159543 -0.00079821 -0.00159486 0.99999841
0.99999886 -0.00072158 -0.00132926 0.00072222 0.99999962 0.00048187 0.00132891 -0.00048283 0.99999900
0.99999996 -0.00016675 -0.00022064 0.00016656 0.99999958 -0.00090001 0.00022079 0.00089997 0.99999957
0.99999946 0.00102692 0.00015509 -0.00102677 0.99999902 -0.00095405 -0.00015607 0.00095389 0.99999953
0.99999540 0.00299961 0.00043960 -0.00300014 0.99999477 0.00120809 -0.00043598 -0.00120941 0.99999917
0.99999827 0.00139807 0.00122966 -0.00139893 0.99999878 0.00070079 -0.00122868 -0.00070251 0.99999900
0.99999864 0.00145477 0.00077751 -0.00145438 0.99999882 -0.00050310 -0.00077824 0.00050197 0.99999957
0.99999994 0.00021155 0.00029103 -0.00021126 0.99999948 -0.00099320 -0.00029124 0.00099314 0.99999946
0.99999838 0.00167614 0.00065679 -0.00167531 0.99999781 -0.00125398 -0.00065889 0.00125288 0.99999900
0.99999714 0.00125182 0.00203715 -0.00124953 0.99999858 -0.00112761 -0.00203855 0.00112506 0.99999729
0.99999837 0.00157235 0.00088661 -0.00157092 0.99999746 -0.00161569 -0.00088915 0.00161430 0.99999830
0.99999535 0.00291478 0.00089981 -0.00291518 0.99999565 0.00044196 -0.00089852 -0.00044458 0.99999950
0.99999651 0.00261527 0.00036592 -0.00261481 0.99999578 -0.00126454 -0.00036923 0.00126357 0.99999913
0.99999768 0.00184510 0.00111545 -0.00184323 0.99999690 -0.00167344 -0.00111854 0.00167138 0.99999798
0.99999857 0.00168872 0.00005223 -0.00168872 0.99999857 0.00001168 -0.00005221 -0.00001177 1.00000000
0.99999958 0.00089807 0.00018998 -0.00089826 0.99999909 0.00100804 -0.00018907 -0.00100821 0.99999947
0.99999816 0.00189416 0.00031509 -0.00189423 0.99999818 0.00021791 -0.00031468 -0.00021851 0.99999993
0.99999890 0.00147202 -0.00015559 -0.00147218 0.99999836 -0.00105469 0.00015403 0.00105492 0.99999943
0.99999994 0.00030725 0.00016134 -0.00030725 0.99999995 -0.00002388 -0.00016135 0.00002383 0.99999999
