0.99999849 -0.00148220 0.00090427 0.00148337 0.99999807 -0.00128792 -0.00090236 0.00128926 0.99999876
0.99999933 -0.00059559 -0.00099715 0.00059412 0.99999874 -0.00147238 0.00099802 0.00147179 0.99999842
0.99999842 -0.00032399 -0.00174879 0.00032164 0.99999905 -0.00134161 0.00174922 0.00134104 0.99999757
0.99999656 -0.00239832 -0.00106069 0.00239628 0.99999529 -0.00191746 0.00106529 0.00191491 0.99999760
0.99997710 -0.00182127 -0.00651861 0.00180993 0.99999684 -0.00174580 0.00652177 0.00173396 0.99997723
0.99999885 -0.00143202 -0.00050447 0.00143163 0.99999868 -0.00077263 0.00050557 0.00077191 0.99999957
0.99999898 -0.00035405 -0.00138078 0.00035611 0.99999882 0.00149309 0.00138025 -0.00149358 0.99999793
0.99999944 -0.00037895 -0.00099101 0.00037862 0.99999987 -0.00033263 0.00099114 0.00033225 0.99999945
0.99999350 0.00115149 -0.00341540 -0.00116477 0.99999176 -0.00388783 0.00341090 0.00389179 0.99998661
0.99999199 0.00255053 0.00308541 -0.00253553 0.99998500 -0.00485571 -0.00309774 0.00484785 0.99998345
0.99999767 0.00188566 -0.00104931 -0.00188946 0.99999160 -0.00363670 0.00104245 0.00363868 0.99999284
0.99999597 0.00124089 -0.00255490 -0.00124207 0.99999912 -0.00046066 0.00255433 0.00046383 0.99999663
0.99999832 0.00180512 0.00033210 -0.00180728 0.99997643 0.00662308 -0.00032014 -0.00662367 0.99997801
0.99999819 0.00123683 -0.00144826 -0.00122169 0.99994506 0.01041089 0.00146106 -0.01040910 0.99994476
0.99999839 0.00156466 -0.00087382 -0.00155812 0.99997113 0.00743676 0.00088543 -0.00743539 0.99997197
0.99999777 0.00207589 -0.00038289 -0.00207608 0.99999772 -0.00049039 0.00038187 0.00049119 0.99999981
0.99999644 0.00253104 -0.00084705 -0.00253616 0.99997818 -0.00610012 0.00083159 0.00610224 0.99998104
0.99999947 0.00081443 -0.00063173 -0.00081797 0.99998389 -0.00561632 0.00062714 0.00561684 0.99998403
0.99999397 -0.00324422 -0.00123673 0.00324602 0.99999367 0.00145415 0.00123200 -0.00145816 0.99999818
0.99999965 -0.00078939 -0.00029265 0.00079200 0.99995906 0.00901391 0.00028552 -0.00901414 0.99995933
0.99999790 -0.00147215 -0.00142617 0.00147995 0.99998386 0.00548480 0.00141808 -0.00548690 0.99998394
0.99999606 -0.00110015 -0.00258137 0.00110432 0.99999809 0.00161561 0.00257959 -0.00161846 0.99999536
0.99999885 -0.00150273 -0.00022681 0.00150249 0.99999831 -0.00106376 0.00022841 0.00106342 0.99999941
0.99999995 0.00001573 0.00030698 -0.00001511 0.99999793 -0.00203444 -0.00030701 0.00203443 0.99999788
0.99999202 0.00285019 0.00280022 -0.00283881 0.99998772 -0.00406187 -0.00281176 0.00405389 0.99998783
0.99999871 -0.00160462 -0.00010444 0.00160403 0.99998443 -0.00534550 0.00011301 0.00534533 0.99998571
0.99999470 -0.00324215 0.00029088 0.00324390 0.99997538 -0.00622281 -0.00027070 0.00622373 0.99998060
0.99999650 0.00208032 0.00163600 -0.00207272 0.99998713 -0.00463089 -0.00164561 0.00462748 0.99998794
0.99999927 0.00065067 -0.00101603 -0.00065140 0.99999953 -0.00071759 0.00101556 0.00071825 0.99999923
0.99999970 0.00009264 0.00076257 -0.00009310 0.99999981 0.00060954 -0.00076251 -0.00060961 0.99999952
0.99999849 0.00173427 -0.00013721 -0.00173452 0.99999676 -0.00186405 0.00013397 0.00186428 0.99999825
0.99999794 0.00200591 0.00031633 -0.00200529 0.99999610 -0.00194434 -0.00032023 0.00194370 0.99999806
0.99999548 0.00300486 0.00009085 -0.00300475 0.99999483 -0.00114365 -0.00009429 0.00114337 0.99999934
0.99999448 0.00300487 0.00142030 -0.00300462 0.99999547 -0.00017469 -0.00142082 0.00017043 0.99999898
0.99999999 0.00010492 0.00003004 -0.00010492 0.99999999 0.00002440 -0.00003004 -0.00002440 1.00000000
0.99999636 0.00062682 0.00262447 -0.00062799 0.99999970 0.00044240 -0.00262419 -0.00044405 0.99999646
0.99999962 0.00087379 0.00006598 -0.00087385 0.99999919 0.00092109 -0.00006518 -0.00092115 0.99999957
0.99999867 0.00080771 -0.00141816 -0.00080550 0.99999845 0.00156387 0.00141942 -0.00156272 0.99999777
0.99999766 -0.00017309 -0.00215864 0.00017678 0.99999853 0.00170642 0.00215834 -0.00170679 0.99999621
0.99999982 -0.00042610 -0.00041154 0.00042579 0.99999961 -0.00076825 0.00041187 0.00076808 0.99999962
0.99999942 0.00107051 -0.00008475 -0.00107059 0.99999901 -0.00091731 0.00008377 0.00091740 0.99999958
0.99999998 -0.00016701 -0.00010282 0.00016712 0.99999943 0.00105194 0.00010265 -0.00105196 0.99999944
0.99999981 0.00019044 -0.00058997 -0.00018889 0.99999654 0.00262497 0.00059046 -0.00262486 0.99999638
0.99999942 0.00039835 -0.00099671 -0.00039486 0.99999380 0.00349886 0.00099809 -0.00349847 0.99999338
0.99999966 0.00012092 -0.00081095 -0.00011909 0.99999745 0.00225494 0.00081122 -0.00225485 0.99999713
0.99999943 0.00104331 -0.00023992 -0.00104326 0.99999944 0.00020333 0.00024013 -0.00020308 0.99999995
0.99999991 0.00013602 -0.00039787 -0.00013667 0.99999866 -0.00162915 0.00039764 0.00162921 0.99999859
0.99999845 -0.00026135 -0.00174396 0.00026075 0.99999991 -0.00034165 0.00174405 0.00034120 0.99999842
0.99999895 -0.00106673 0.00097718 0.00106458 0.99999703 0.00219396 -0.00097952 -0.00219292 0.99999712
0.99999984 0.00042292 0.00038619 -0.00042375 0.99999760 0.00214835 -0.00038528 -0.00214852 0.99999762
0.99999759 -0.00060476 -0.00211109 0.00061068 0.99999588 0.00280312 0.00210939 -0.00280440 0.99999384
0.99999855 0.00134132 -0.00104661 -0.00134106 0.99999907 0.00025759 0.00104696 -0.00025619 0.99999942
0.99999860 0.00167357 -0.00003537 -0.00167369 0.99999063 -0.00399347 0.00002869 0.00399352 0.99999203
0.99999856 0.00164120 -0.00042837 -0.00164302 0.99998953 -0.00427085 0.00042136 0.00427155 0.99999079
0.99999988 0.00045051 0.00018774 -0.00045045 0.99999986 -0.00028779 -0.00018787 0.00028771 0.99999994
0.99999992 0.00035344 -0.00016801 -0.00035298 0.99999616 0.00274804 0.00016898 -0.00274798 0.99999621
0.99999678 0.00078420 0.00241496 -0.00078914 0.99999760 0.00204230 -0.00241336 -0.00204420 0.99999500
0.99999873 -0.00158819 -0.00009811 0.00158832 0.99999788 0.00130944 0.00009603 -0.00130959 0.99999914
0.99999955 0.00081487 0.00048170 -0.00081435 0.99999909 -0.00107543 -0.00048258 0.00107503 0.99999931
0.99999968 -0.00029893 0.00074023 0.00030016 0.99999859 -0.00165430 -0.00073974 0.00165453 0.99999836
0.99999619 0.00248874 0.00119102 -0.00248585 0.99999399 -0.00241680 -0.00119703 0.00241383 0.99999637
0.99999870 -0.00064555 0.00147635 0.00064898 0.99999709 -0.00232312 -0.00147484 0.00232408 0.99999621
0.99999752 -0.00124680 0.00184717 0.00125354 0.99999254 -0.00365379 -0.00184261 0.00365609 0.99999162
0.99999899 -0.00141702 0.00009877 0.00141718 0.99999766 -0.00163311 -0.00009646 0.00163325 0.99999866
0.99999730 -0.00225838 -0.00055318 0.00226002 0.99999298 0.00298761 0.00054643 -0.00298885 0.99999538
0.99999943 -0.00103354 0.00028461 0.00103177 0.99998053 0.00615428 -0.00029096 -0.00615399 0.99998102
0.99999935 -0.00109101 0.00032329 0.00108906 0.99998161 0.00596542 -0.00032979 -0.00596507 0.99998215
0.99999543 -0.00291167 0.00081964 0.00291076 0.99999516 0.00109929 -0.00082284 -0.00109690 0.99999906
0.99999478 -0.00290210 0.00142291 0.00290579 0.99999241 -0.00259634 -0.00141536 0.00260046 0.99999562
0.99999867 -0.00108470 0.00121695 0.00108859 0.99999428 -0.00320085 -0.00121347 0.00320217 0.99999414
0.99999698 0.00240909 0.00048789 -0.00240718 0.99998958 -0.00387806 -0.00049723 0.00387688 0.99999236
0.99999982 0.00059930 0.00009662 -0.00059888 0.99999066 -0.00428002 -0.00009918 0.00427996 0.99999084
0.99999366 0.00339114 0.00108575 -0.00339046 0.99999406 -0.00062665 -0.00108787 0.00062297 0.99999921
0.99998844 0.00466960 0.00114431 -0.00467381 0.99998221 0.00370510 -0.00112699 -0.00371041 0.99999248
0.99999814 0.00169271 0.00092968 -0.00169436 0.99999698 0.00177916 -0.00092667 -0.00178073 0.99999799
0.99999474 -0.00295743 -0.00133433 0.00295799 0.99999554 0.00041752 0.00133308 -0.00042147 0.99999902
0.99999867 -0.00150984 -0.00061061 0.00151027 0.99999861 0.00070053 0.00060955 -0.00070145 0.99999957
0.99999915 -0.00103641 -0.00079161 0.00103727 0.99999887 0.00108906 0.00079048 -0.00108988 0.99999909
0.99999792 -0.00203264 -0.00019284 0.00203297 0.99999645 0.00172277 0.00018934 -0.00172316 0.99999850
0.99999896 -0.00107276 -0.00096607 0.00107404 0.99999855 0.00132123 0.00096465 -0.00132226 0.99999866
0.99999863 -0.00148677 -0.00073330 0.00148580 0.99999803 -0.00131847 0.00073525 0.00131738 0.99999886
0.99999993 -0.00006013 -0.00037349 0.00005872 0.99999291 -0.00376609 0.00037371 0.00376606 0.99999284
0.99999958 0.00080328 0.00043618 -0.00080206 0.99999579 -0.00278694 -0.00043842 0.00278659 0.99999602
0.99999796 0.00192383 0.00060900 -0.00192463 0.99999730 0.00130526 -0.00060649 -0.00130643 0.99999896
0.99999810 0.00179375 0.00076249 -0.00179650 0.99999183 0.00362076 -0.00075599 -0.00362212 0.99999315
0.99999975 0.00033382 -0.00061845 -0.00033106 0.99999004 0.00445027 0.00061993 -0.00445006 0.99998991
0.99999900 0.00121859 -0.00071533 -0.00121808 0.99999901 0.00070599 0.00071619 -0.00070511 0.99999949
0.99999852 -0.00082156 -0.00150836 0.00081914 0.99999837 -0.00160866 0.00150968 0.00160742 0.99999757
0.99999954 -0.00051722 -0.00081037 0.00051667 0.99999964 -0.00067620 0.00081072 0.00067578 0.99999944
0.99999999 0.00007956 -0.00014348 -0.00007961 0.99999995 -0.00031702 0.00014345 0.00031703 0.99999994
0.99999781 -0.00173653 -0.00116393 0.00173776 0.99999793 0.00106274 0.00116209 -0.00106476 0.99999876
0.99999988 0.00032642 0.00036054 -0.00032678 0.99999945 0.00099763 -0.00036021 -0.00099774 0.99999944
0.99999995 -0.00015384 -0.00028339 0.00015457 0.99999665 0.00258231 0.00028299 -0.00258235 0.99999663
0.99999826 -0.00152019 -0.00108206 0.00152125 0.99999837 0.00097742 0.00108057 -0.00097907 0.99999894
0.99999731 -0.00128531 -0.00192856 0.00128565 0.99999916 0.00017405 0.00192834 -0.00017653 0.99999813
0.99999600 0.00018891 -0.00282260 -0.00019151 0.99999956 -0.00091971 0.00282242 0.00092024 0.99999559
0.99999430 -0.00047189 -0.00334258 0.00046886 0.99999948 -0.00090806 0.00334300 0.00090649 0.99999400
0.99999905 -0.00018848 -0.00136303 0.00018845 0.99999998 -0.00001968 0.00136303 0.00001942 0.99999907
0.99999803 0.00182882 -0.00076632 -0.00182829 0.99999809 0.00068914 0.00076758 -0.00068774 0.99999947
0.99999791 0.00103883 -0.00176317 -0.00103800 0.99999935 0.00047281 0.00176366 -0.00047098 0.99999833
0.99999360 0.00076426 -0.00349551 -0.00075872 0.99999845 0.00158685 0.00349671 -0.00158419 0.99999263
0.99999593 0.00140102 -0.00248637 -0.00139871 0.99999859 0.00092903 0.00248767 -0.00092555 0.99999648
0.99999624 0.00179117 -0.00207669 -0.00178955 0.99999809 0.00078369 0.00207809 -0.00077997 0.99999754
0.99999583 0.00146746 -0.00248748 -0.00146997 0.99999841 -0.00100874 0.00248600 0.00101239 0.99999640
0.99999222 0.00200488 -0.00339810 -0.00202212 0.99998507 -0.00507713 0.00338787 0.00508396 0.99998134
0.99999323 0.00263975 -0.00256351 -0.00264864 0.99999046 -0.00347240 0.00255431 0.00347917 0.99999069
0.99998286 0.00111837 -0.00574710 -0.00113157 0.99999673 -0.00229452 0.00574451 0.00230098 0.99998085
0.99999725 0.00219112 -0.00083151 -0.00219182 0.99999724 -0.00084330 0.00082966 0.00084512 0.99999930
0.99999581 0.00278817 0.00077953 -0.00278810 0.99999611 -0.00008672 -0.00077977 0.00008455 0.99999969
0.99998436 0.00390672 0.00400131 -0.00391507 0.99999017 0.00208126 -0.00399314 -0.00209689 0.99998983
0.99996324 0.00270114 0.00813801 -0.00272210 0.99999300 0.00256552 -0.00813103 -0.00258758 0.99996359
0.99996395 0.00083126 0.00845076 -0.00085133 0.99999683 0.00237144 -0.00844876 -0.00237855 0.99996148
0.99993814 -0.00033778 0.01111729 0.00030933 0.99999667 0.00256111 -0.01111812 -0.00255752 0.99993492
0.99993663 0.00071308 0.01123543 -0.00071766 0.99999966 0.00040423 -0.01123514 -0.00041227 0.99993680
0.99991423 -0.00181974 0.01297006 0.00181442 0.99999826 0.00042233 -0.01297081 -0.00039876 0.99991580
0.99986137 -0.00021354 0.01664911 0.00022403 0.99999978 -0.00062793 -0.01664897 0.00063158 0.99986120
0.99983451 -0.00139666 0.01813829 0.00146093 0.99999270 -0.00353031 -0.01813323 0.00355622 0.99982926
0.99976822 -0.00131883 0.02148884 0.00140109 0.99999175 -0.00381325 -0.02148364 0.00384248 0.99976182
0.99979669 -0.00208853 0.02005514 0.00216074 0.99999126 -0.00357990 -0.02004749 0.00362250 0.99979247
0.99970341 -0.00307357 0.02415891 0.00314382 0.99999094 -0.00287029 -0.02414987 0.00294539 0.99970401
0.99958294 -0.00215243 0.02879770 0.00218185 0.99999713 -0.00099008 -0.02879549 0.00105250 0.99958477
0.99945186 -0.00104857 0.03308897 0.00106758 0.99999928 -0.00055686 -0.03308836 0.00059188 0.99945225
0.99938692 -0.00290525 0.03489052 0.00295976 0.99999448 -0.00151057 -0.03488594 0.00161292 0.99939000
0.99933634 -0.00271891 0.03632469 0.00280923 0.99999309 -0.00243546 -0.03631781 0.00253589 0.99933707
0.99921221 -0.00221413 0.03962388 0.00223989 0.99999731 -0.00060593 -0.03962243 0.00069420 0.99921448
0.99911345 0.00114030 0.04208346 -0.00108365 0.99999848 -0.00136889 -0.04208496 0.00132207 0.99911316
0.99884431 0.00123883 0.04804704 -0.00125223 0.99999919 0.00024871 -0.04804669 -0.00030859 0.99884504
0.99894711 0.00101868 0.04586548 -0.00106191 0.99999901 0.00091816 -0.04586450 -0.00096590 0.99894720
0.99868998 -0.00081273 0.05116309 0.00071277 0.99999780 0.00197195 -0.05116458 -0.00193289 0.99868836
0.99887733 -0.00138703 0.04735150 0.00141519 0.99999884 -0.00056117 -0.04735067 0.00062756 0.99887813
0.99884457 -0.00016899 0.04805716 0.00028761 0.99999693 -0.00246136 -0.04805660 0.00247234 0.99884155
0.99873143 0.00135957 0.05033569 -0.00116704 0.99999189 -0.00385426 -0.05034052 0.00379062 0.99872492
0.99859154 0.00392645 0.05291041 -0.00365706 0.99997986 -0.00518737 -0.05292971 0.00498657 0.99858579
0.99834938 0.00505862 0.05720942 -0.00477922 0.99997598 -0.00501970 -0.05723344 0.00473799 0.99834958
0.99858939 0.00228594 0.05304722 -0.00212786 0.99999313 -0.00303611 -0.05305380 0.00291895 0.99858739
0.99850039 -0.00091105 0.05473702 0.00091640 0.99999958 -0.00007260 -0.05473693 0.00012265 0.99850080
0.99846713 -0.00181277 0.05531821 0.00169185 0.99999608 0.00223267 -0.05532204 -0.00213566 0.99846628
0.99847552 -0.00138969 0.05517887 0.00131578 0.99999819 0.00137593 -0.05518068 -0.00130123 0.99847554
0.99842561 -0.00209932 0.05605261 0.00202124 0.99999691 0.00144956 -0.05605547 -0.00133399 0.99842676
0.99830120 -0.00163001 0.05824140 0.00156217 0.99999805 0.00121020 -0.05824326 -0.00111716 0.99830180
0.99825461 -0.00311409 0.05897492 0.00297461 0.99999257 0.00245275 -0.05898212 -0.00227304 0.99825645
0.99839026 0.00245807 0.05666429 -0.00254568 0.99999567 0.00147405 -0.05666042 -0.00161593 0.99839220
0.99847805 0.00449187 0.05496738 -0.00430967 0.99998482 -0.00343271 -0.05498197 0.00319059 0.99848225
0.99864190 -0.00056924 0.05209633 0.00084622 0.99998562 -0.00529479 -0.05209257 0.00533168 0.99862803
0.99886850 -0.00048143 0.04755500 0.00058580 0.99999745 -0.00218084 -0.04755383 0.00220623 0.99886624
0.99909721 -0.00634994 0.04200524 0.00638146 0.99997945 -0.00061639 -0.04200046 0.00088389 0.99911720
0.99931845 -0.00949453 0.03567192 0.00954800 0.99995353 -0.00132906 -0.03565764 0.00166875 0.99936267
0.99946580 -0.00024069 0.03268101 0.00026817 0.99999961 -0.00083672 -0.03268080 0.00084504 0.99946548
0.99959882 0.00322508 0.02813902 -0.00329507 0.99999159 0.00244138 -0.02813091 -0.00253312 0.99960104
0.99962594 0.00765926 0.02625467 -0.00776837 0.99996160 0.00405630 -0.02622260 -0.00425874 0.99964706
0.99967265 0.00629691 0.02479787 -0.00640639 0.99997007 0.00433819 -0.02476981 -0.00449564 0.99968307
0.99974286 -0.00234777 0.02255456 0.00229347 0.99999441 0.00243290 -0.02256014 -0.00238055 0.99974265
0.99977470 -0.00729702 0.01993236 0.00731558 0.99997287 -0.00085830 -0.01992556 0.00100392 0.99980096
0.99980530 -0.00653510 0.01861852 0.00658366 0.99997508 -0.00254776 -0.01860140 0.00266985 0.99982341
0.99989667 -0.00067677 0.01435922 0.00075638 0.99998437 -0.00553939 -0.01435524 0.00554968 0.99988156
0.99993164 0.00427116 0.01088419 -0.00422052 0.99998018 -0.00467130 -0.01090393 0.00462504 0.99992985
0.99998409 -0.00126846 0.00549634 0.00126285 0.99999868 0.00102411 -0.00549763 -0.00101715 0.99998437
0.99997515 -0.00613387 0.00347405 0.00612093 0.99997433 0.00372478 -0.00349681 -0.00370342 0.99998703
0.99999983 -0.00002538 -0.00058705 0.00002612 0.99999920 0.00126192 0.00058702 -0.00126193 0.99999903
0.99999250 0.00109599 -0.00371565 -0.00109506 0.99999937 0.00025247 0.00371592 -0.00024839 0.99999307
0.99998840 0.00453743 -0.00161418 -0.00453843 0.99998951 -0.00061963 0.00161135 0.00062695 0.99999851
0.99999502 0.00283154 -0.00139391 -0.00283243 0.99999578 -0.00063940 0.00139209 0.00064334 0.99999882
0.99999551 -0.00225943 -0.00196621 0.00225795 0.99999716 -0.00075686 0.00196791 0.00075241 0.99999778
0.99999921 0.00067112 -0.00106647 -0.00067112 0.99999977 -0.00000339 0.00106646 0.00000410 0.99999943
0.99999890 0.00146521 0.00025026 -0.00146541 0.99999863 0.00077418 -0.00024912 -0.00077455 0.99999967
0.99999958 -0.00085416 -0.00033462 0.00085464 0.99999860 0.00143656 0.00033339 -0.00143684 0.99999891
0.99999978 -0.00008882 0.00066078 0.00008771 0.99999860 0.00167105 -0.00066093 -0.00167099 0.99999839
0.99999606 0.00269430 0.00078702 -0.00269528 0.99999560 0.00124292 -0.00078367 -0.00124504 0.99999892
0.99999858 0.00083428 0.00146488 -0.00083532 0.99999940 0.00071445 -0.00146428 -0.00071567 0.99999867
0.99999588 -0.00179781 0.00223892 0.00179139 0.99999429 0.00286672 -0.00224406 -0.00286269 0.99999338
0.99999817 0.00001593 0.00191562 -0.00001832 0.99999922 0.00124821 -0.00191560 -0.00124825 0.99999739
0.99999669 0.00247902 0.00068463 -0.00247959 0.99999657 0.00083889 -0.00068255 -0.00084058 0.99999941
0.99999815 0.00188799 0.00036548 -0.00188608 0.99998494 -0.00515430 -0.00037520 0.00515360 0.99998665
0.99999921 -0.00108282 0.00064402 0.00108613 0.99998612 -0.00515615 -0.00063842 0.00515684 0.99998650
0.99999878 -0.00095686 0.00123704 0.00095955 0.99999718 -0.00217417 -0.00123495 0.00217535 0.99999687
0.99999431 0.00300597 0.00153122 -0.00300862 0.99999397 0.00173155 -0.00152600 -0.00173615 0.99999733
0.99999248 0.00354380 0.00157612 -0.00355001 0.99998589 0.00395237 -0.00156209 -0.00395793 0.99999095
0.99999968 0.00079701 0.00003972 -0.00079722 0.99998483 0.00544999 -0.00003538 -0.00545002 0.99998515
0.99999274 0.00380257 -0.00024219 -0.00380103 0.99997426 0.00608479 0.00026533 -0.00608382 0.99998146
0.99999966 0.00079072 0.00024326 -0.00079089 0.99999946 0.00067400 -0.00024273 -0.00067419 0.99999974
0.99999493 -0.00276469 -0.00157972 0.00275317 0.99996996 -0.00724531 0.00159970 0.00724093 0.99997250
0.99998818 -0.00479795 -0.00078801 0.00478816 0.99991660 -0.01199404 0.00084550 0.01199013 0.99992776
0.99999740 -0.00211446 -0.00084965 0.00210961 0.99998168 -0.00567339 0.00086163 0.00567158 0.99998355
0.99999763 -0.00191370 -0.00104242 0.00191912 0.99998453 0.00522051 0.00103241 -0.00522250 0.99998583
0.99999402 -0.00304055 -0.00164750 0.00305358 0.99996364 0.00796249 0.00162323 -0.00796748 0.99996694
0.99999909 -0.00127456 -0.00043560 0.00127569 0.99999579 0.00260512 0.00043228 -0.00260567 0.99999651
0.99999373 -0.00344963 -0.00080593 0.00344927 0.99999395 -0.00044782 0.00080747 0.00044504 0.99999957
0.99999525 0.00304222 0.00049371 -0.00304189 0.99999515 -0.00066137 -0.00049572 0.00065986 0.99999966
0.99999409 0.00219577 0.00264638 -0.00219363 0.99999727 -0.00081046 -0.00264815 0.00080465 0.99999617
0.99999742 -0.00015227 0.00226484 0.00015211 0.99999999 0.00007212 -0.00226485 -0.00007177 0.99999743
0.99999600 0.00215601 0.00182909 -0.00215544 0.99999763 -0.00031171 -0.00182976 0.00030776 0.99999828
0.99999259 0.00259236 0.00284670 -0.00258877 0.99999585 -0.00126342 -0.00284996 0.00125604 0.99999515
0.99999567 0.00260961 0.00136010 -0.00261148 0.99999565 0.00137466 -0.00135650 -0.00137820 0.99999813
0.99999746 -0.00130804 0.00183279 0.00130593 0.99999848 0.00115340 -0.00183429 -0.00115100 0.99999766
0.99999477 0.00116599 0.00301765 -0.00116588 0.99999932 -0.00003615 -0.00301769 0.00003263 0.99999545
0.99999147 0.00138206 0.00389142 -0.00137632 0.99999797 -0.00147485 -0.00389345 0.00146948 0.99999134
0.99999953 0.00042073 0.00087076 -0.00042069 0.99999991 -0.00004738 -0.00087078 0.00004702 0.99999962
0.99999740 -0.00148030 0.00173537 0.00147834 0.99999827 0.00113158 -0.00173704 -0.00112901 0.99999785
0.99999822 -0.00098123 0.00161380 0.00097884 0.99999843 0.00148026 -0.00161525 -0.00147867 0.99999760
0.99999989 -0.00006695 -0.00045598 0.00006761 0.99999895 0.00144771 0.00045588 -0.00144774 0.99999885
0.99999937 0.00104737 -0.00040120 -0.00104689 0.99999876 0.00117766 0.00040244 -0.00117724 0.99999923
0.99999323 0.00329958 0.00163166 -0.00330117 0.99999408 0.00097359 -0.00162843 -0.00097897 0.99999819
0.99999308 0.00331986 0.00167598 -0.00332062 0.99999439 0.00044601 -0.00167449 -0.00045157 0.99999850
0.99999983 -0.00058750 -0.00006640 0.00058733 0.99999696 -0.00239571 0.00006780 0.00239568 0.99999713
0.99999971 -0.00065592 -0.00037685 0.00065494 0.99999641 -0.00260004 0.00037855 0.00259979 0.99999655
0.99999485 0.00292840 0.00130939 -0.00292744 0.99999545 -0.00073065 -0.00131153 0.00072681 0.99999888
0.99999933 0.00113116 0.00024320 -0.00113115 0.99999936 -0.00002314 -0.00024322 0.00002286 0.99999997
0.99999863 -0.00124721 0.00108964 0.00124711 0.99999922 0.00009029 -0.00108975 -0.00008893 0.99999940
0.99999968 -0.00058707 0.00053470 0.00058697 0.99999981 0.00020074 -0.00053482 -0.00020042 0.99999984
0.99998366 0.00571535 0.00014159 -0.00571533 0.99998366 -0.00011673 -0.00014225 0.00011592 0.99999998
0.99999572 0.00290868 -0.00030495 -0.00290883 0.99999566 -0.00046851 0.00030358 0.00046940 0.99999984
0.99999937 -0.00062436 0.00093023 0.00062237 0.99999753 0.00213440 -0.00093156 -0.00213382 0.99999729
0.99999891 -0.00068816 0.00130584 0.00068837 0.99999975 -0.00015461 -0.00130573 0.00015551 0.99999914
0.99998306 0.00309547 0.00492929 -0.00309478 0.99999520 -0.00014817 -0.00492973 0.00013291 0.99998784
0.99996112 0.00536721 0.00699706 -0.00535520 0.99998416 -0.00173406 -0.00700626 0.00169652 0.99997402
0.99998699 -0.00295839 0.00415593 0.00297450 0.99998807 -0.00387578 -0.00414441 0.00388809 0.99998385
0.99998294 -0.00215769 0.00542892 0.00217820 0.99999050 -0.00377563 -0.00542072 0.00378740 0.99997814
0.99996903 0.00205200 0.00759843 -0.00204052 0.99999676 -0.00151900 -0.00760152 0.00150344 0.99996998
0.99997943 0.00260813 0.00585922 -0.00260978 0.99999656 0.00027398 -0.00585848 -0.00028927 0.99998280
0.99998532 0.00052939 0.00539202 -0.00053882 0.99999833 0.00174727 -0.00539109 -0.00175015 0.99998394
0.99998645 0.00173159 0.00490962 -0.00172514 0.99999764 -0.00131841 -0.00491190 0.00130992 0.99998708
0.99999281 0.00129334 0.00356584 -0.00129496 0.99999906 0.00045079 -0.00356525 -0.00045540 0.99999354
0.99999609 -0.00025302 0.00278546 0.00024413 0.99999487 0.00319255 -0.00278626 -0.00319186 0.99999102
0.99999381 -0.00163755 0.00311473 0.00162998 0.99999572 0.00243155 -0.00311870 -0.00242646 0.99999219
0.99999823 0.00041424 0.00183374 -0.00041946 0.99999586 0.00284652 -0.00183255 -0.00284728 0.99999427
0.99999987 0.00013649 0.00049790 -0.00013621 0.99999982 -0.00057667 -0.00049797 0.00057660 0.99999971
0.99999371 -0.00353796 0.00026092 0.00353907 0.99998409 -0.00439233 -0.00024538 0.00439322 0.99999032
0.99998128 -0.00607988 0.00068721 0.00608289 0.99997151 -0.00446957 -0.00066001 0.00447366 0.99998978
0.99996631 -0.00810219 -0.00131335 0.00809690 0.99995929 -0.00398308 0.00134557 0.00397231 0.99999121
0.99999952 0.00049475 0.00085107 -0.00049385 0.99999932 -0.00105602 -0.00085159 0.00105560 0.99999908
0.99999677 0.00238411 0.00088622 -0.00238610 0.99999463 0.00224668 -0.00088086 -0.00224879 0.99999708
0.99999925 0.00057993 0.00107788 -0.00058410 0.99999232 0.00387509 -0.00107563 -0.00387571 0.99999191
0.99999803 -0.00198552 0.00002383 0.00198547 0.99999588 0.00207453 -0.00002795 -0.00207448 0.99999785
0.99999673 0.00234836 0.00101129 -0.00234961 0.99999647 0.00124029 -0.00100837 -0.00124266 0.99999872
0.99999948 0.00039660 0.00094216 -0.00039550 0.99999925 -0.00116113 -0.00094262 0.00116075 0.99999888
0.99999453 0.00207489 0.00257603 -0.00207389 0.99999777 -0.00039198 -0.00257684 0.00038664 0.99999661
0.99999807 -0.00044372 0.00191147 0.00044335 0.99999988 0.00019370 -0.00191155 -0.00019285 0.99999815
0.99999280 -0.00265238 0.00271383 0.00265521 0.99999593 -0.00103993 -0.00271106 0.00104712 0.99999578
0.99999738 0.00011839 0.00228653 -0.00011936 0.99999990 0.00042360 -0.00228648 -0.00042387 0.99999730
0.99999870 -0.00160180 0.00020373 0.00160197 0.99999839 -0.00080330 -0.00020244 0.00080363 0.99999966
0.99999836 -0.00039661 0.00176849 0.00039811 0.99999956 -0.00085229 -0.00176815 0.00085300 0.99999807
0.99999804 0.00156349 0.00121307 -0.00156294 0.99999868 -0.00045402 -0.00121378 0.00045213 0.99999916
0.99999814 -0.00162533 0.00103486 0.00162582 0.99999857 -0.00047307 -0.00103409 0.00047475 0.99999935
0.99999960 -0.00057371 0.00069328 0.00057230 0.99999778 0.00202942 -0.00069445 -0.00202902 0.99999770
0.99998922 0.00433543 0.00166026 -0.00433919 0.99998802 0.00226600 -0.00165041 -0.00227318 0.99999605
0.99999014 0.00373928 0.00239572 -0.00374042 0.99999289 0.00047010 -0.00239394 -0.00047906 0.99999702
0.99999712 -0.00151752 0.00186064 0.00151633 0.99999864 0.00064526 -0.00186161 -0.00064244 0.99999806
0.99999808 -0.00055495 0.00188038 0.00055518 0.99999984 -0.00012347 -0.00188032 0.00012451 0.99999822
0.99999726 -0.00121184 0.00200402 0.00121458 0.99999833 -0.00136350 -0.00200236 0.00136593 0.99999706
0.99999867 -0.00047339 0.00156093 0.00047860 0.99999430 -0.00334143 -0.00155934 0.00334217 0.99999320
0.99999517 -0.00309616 0.00025606 0.00309698 0.99998991 -0.00325410 -0.00024598 0.00325488 0.99999467
0.99999782 -0.00144447 0.00150466 0.00145032 0.99999137 -0.00389316 -0.00149902 0.00389534 0.99999129
0.99999212 -0.00394130 -0.00047275 0.00394096 0.99999197 -0.00072581 0.00047560 0.00072394 0.99999962
0.99998935 -0.00451913 -0.00093177 0.00452026 0.99998904 0.00121655 0.00092626 -0.00122075 0.99999883
0.99999929 0.00116966 0.00022095 -0.00117011 0.99999719 0.00206175 -0.00021854 -0.00206201 0.99999785
0.99999854 0.00058014 -0.00160780 -0.00057674 0.99999760 0.00211307 0.00160902 -0.00211214 0.99999647
0.99999754 -0.00026319 -0.00220085 0.00026792 0.99999765 0.00215017 0.00220028 -0.00215075 0.99999527
0.99999923 -0.00051295 -0.00112935 0.00051730 0.99999244 0.00385463 0.00112736 -0.00385521 0.99999193
0.99999817 0.00024214 -0.00190035 -0.00023592 0.99999463 0.00326906 0.00190113 -0.00326861 0.99999285
0.99999737 0.00054697 -0.00222718 -0.00054776 0.99999979 -0.00035291 0.00222699 0.00035413 0.99999746
0.99999904 -0.00106790 -0.00088266 0.00106446 0.99999185 -0.00389533 0.00088681 0.00389439 0.99999202
0.99999214 -0.00253643 -0.00304818 0.00251836 0.99997931 -0.00591926 0.00306313 0.00591154 0.99997784
0.99999434 0.00322388 -0.00096395 -0.00322697 0.99998963 -0.00321404 0.00095358 0.00321714 0.99999437
0.99999731 0.00123513 -0.00196115 -0.00122968 0.99999539 0.00277778 0.00196457 -0.00277536 0.99999422
0.99999997 -0.00000399 0.00023809 0.00000328 0.99999560 0.00296764 -0.00023810 -0.00296764 0.99999557
0.99999922 -0.00087161 -0.00089636 0.00087286 0.99999865 0.00138946 0.00089514 -0.00139024 0.99999863
0.99999990 0.00007404 -0.00043465 -0.00007395 0.99999998 0.00018939 0.00043466 -0.00018935 0.99999989
0.99999802 -0.00178167 -0.00088588 0.00178147 0.99999839 -0.00022740 0.00088628 0.00022582 0.99999958
0.99999801 -0.00199376 -0.00004209 0.00199384 0.99999604 0.00198713 0.00003813 -0.00198721 0.99999802
0.99999692 -0.00247720 0.00015314 0.00247693 0.99999545 0.00172049 -0.00015740 -0.00172011 0.99999851
0.99999717 -0.00212747 -0.00106695 0.00212654 0.99999736 -0.00087308 0.00106880 0.00087081 0.99999905
0.99999802 -0.00133583 -0.00147408 0.00133249 0.99999654 -0.00226741 0.00147710 0.00226544 0.99999634
0.99999428 0.00322995 -0.00100439 -0.00323175 0.99999317 -0.00179520 0.00099858 0.00179843 0.99999788
0.99998610 0.00525829 -0.00039547 -0.00525672 0.99997871 0.00386709 0.00041579 -0.00386496 0.99999244
0.99998727 0.00495849 -0.00093619 -0.00495816 0.99998765 0.00035368 0.00093793 -0.00034903 0.99999950
0.99999638 0.00261367 0.00064074 -0.00261329 0.99999641 -0.00058521 -0.00064226 0.00058353 0.99999962
0.99999236 0.00345781 0.00182204 -0.00344801 0.99997974 -0.00535096 -0.00184051 0.00534463 0.99998402
0.99999846 -0.00174830 -0.00013030 0.00174825 0.99999840 -0.00037550 0.00013096 0.00037527 0.99999992
0.99999863 -0.00032805 0.00162435 0.00032901 0.99999977 -0.00059175 -0.00162416 0.00059229 0.99999851
0.99999613 -0.00274156 0.00046295 0.00274138 0.99999617 0.00037849 -0.00046399 -0.00037722 0.99999982
0.99999945 -0.00024080 0.00102370 0.00024245 0.99999868 -0.00160667 -0.00102331 0.00160691 0.99999819
0.99999881 -0.00153960 0.00009851 0.00153993 0.99999291 -0.00343673 -0.00009322 0.00343688 0.99999409
0.99999999 -0.00002422 0.00016347 0.00002441 0.99999936 -0.00113289 -0.00016344 0.00113290 0.99999934
0.99998957 0.00400422 0.00219743 -0.00400404 0.99999198 -0.00008563 -0.00219775 0.00007683 0.99999758
0.99999765 0.00130622 0.00173064 -0.00130813 0.99999854 0.00110080 -0.00172920 -0.00110306 0.99999790
0.99999584 0.00042251 0.00285443 -0.00041797 0.99999865 -0.00159069 -0.00285510 0.00158949 0.99999466
0.99999465 -0.00145309 0.00292975 0.00145851 0.99999723 -0.00184825 -0.00292705 0.00185252 0.99999400
0.99998625 0.00363160 0.00378265 -0.00362573 0.99999221 -0.00155804 -0.00378828 0.00154431 0.99999163
0.99999422 0.00058229 0.00334860 -0.00058434 0.99999964 0.00061105 -0.00334824 -0.00061300 0.99999421
0.99999544 -0.00126118 0.00274495 0.00125679 0.99999793 0.00160038 -0.00274696 -0.00159692 0.99999495
0.99999566 -0.00041579 0.00291720 0.00041696 0.99999983 -0.00040129 -0.00291704 0.00040250 0.99999566
0.99998494 0.00527114 0.00152938 -0.00526449 0.99997682 -0.00431771 -0.00155211 0.00430960 0.99998951
0.99999206 0.00303312 0.00258361 -0.00301480 0.99997050 -0.00706474 -0.00260496 0.00705690 0.99997171
0.99998988 -0.00326736 0.00309176 0.00327394 0.99999238 -0.00212554 -0.00308479 0.00213564 0.99999296
0.99999223 -0.00197122 0.00341445 0.00196422 0.99999597 0.00205081 -0.00341848 -0.00204409 0.99999207
0.99999193 0.00226397 0.00331971 -0.00229260 0.99996000 0.00864565 -0.00330000 -0.00865319 0.99995712
0.99999562 0.00178181 0.00236468 -0.00178620 0.99999668 0.00185501 -0.00236137 -0.00185922 0.99999548
0.99999890 0.00072313 0.00129731 -0.00071934 0.99999549 -0.00291695 -0.00129941 0.00291601 0.99999490
0.99998844 0.00413248 0.00245934 -0.00412290 0.99998393 -0.00389020 -0.00247538 0.00388001 0.99998941
0.99999594 -0.00160427 0.00235547 0.00161088 0.99999476 -0.00280667 -0.00235096 0.00281045 0.99999329
0.99999165 -0.00351939 0.00207656 0.00352719 0.99998670 -0.00376282 -0.00206329 0.00377012 0.99999076
0.99999797 0.00066316 0.00190293 -0.00065438 0.99998915 -0.00461127 -0.00190597 0.00461001 0.99998756
0.99999102 0.00214052 0.00365826 -0.00213193 0.99999497 -0.00235037 -0.00366327 0.00234255 0.99999055
0.99999695 -0.00039550 0.00243907 0.00038888 0.99999624 0.00271387 -0.00244013 -0.00271291 0.99999334
0.99998453 -0.00251598 0.00496076 0.00249551 0.99998836 0.00412823 -0.00497109 -0.00411579 0.99997917
0.99997981 -0.00252266 0.00583257 0.00250671 0.99999310 0.00274047 -0.00583944 -0.00272579 0.99997924
0.99998168 -0.00008625 0.00605170 0.00008063 0.99999957 0.00092876 -0.00605178 -0.00092825 0.99998126
0.99993775 0.00646741 0.00909251 -0.00646053 0.99997882 -0.00078656 -0.00909741 0.00072777 0.99995835
0.99994469 0.00152741 0.01040631 -0.00152327 0.99999876 -0.00040575 -0.01040692 0.00038988 0.99994577
0.99992330 -0.00051250 0.01237478 0.00052820 0.99999906 -0.00126497 -0.01237412 0.00127141 0.99992263
0.99991739 -0.00056457 0.01284130 0.00057651 0.99999940 -0.00092672 -0.01284077 0.00093404 0.99991712
0.99993039 -0.00257216 0.01151518 0.00256873 0.99999665 0.00031268 -0.01151595 -0.00028307 0.99993365
0.99992342 -0.00056771 0.01236279 0.00056263 0.99999976 0.00041383 -0.01236303 -0.00040684 0.99992349
0.99991686 -0.00330035 0.01246537 0.00327460 0.99999246 0.00208511 -0.01247215 -0.00204412 0.99992013
0.99994023 -0.00293190 0.01053281 0.00293042 0.99999569 0.00015605 -0.01053322 -0.00012518 0.99994452
0.99995296 -0.00460861 0.00853478 0.00460708 0.99998937 0.00019802 -0.00853560 -0.00015869 0.99996356
0.99998372 0.00018185 0.00570269 -0.00017942 0.99999989 -0.00042527 -0.00570276 0.00042424 0.99998365
0.99998147 -0.00452374 0.00407349 0.00451196 0.99998563 0.00289620 -0.00408653 -0.00287777 0.99998751
0.99997473 -0.00686649 0.00183983 0.00685753 0.99996480 0.00483391 -0.00187296 -0.00482117 0.99998662
0.99997886 -0.00630137 0.00160474 0.00629616 0.99997496 0.00322963 -0.00162505 -0.00321946 0.99999350
0.99999069 -0.00334685 0.00272219 0.00333932 0.99999060 0.00276653 -0.00273142 -0.00275741 0.99999247
0.99999660 -0.00257996 -0.00038713 0.00257796 0.99998377 -0.00508137 0.00040024 0.00508035 0.99998701
0.99999817 -0.00068993 -0.00178515 0.00068337 0.99999302 -0.00367338 0.00178767 0.00367215 0.99999166
0.99999480 -0.00144993 -0.00287930 0.00144811 0.99999875 -0.00063215 0.00288021 0.00062798 0.99999565
0.99999471 -0.00250960 -0.00207040 0.00251384 0.99999474 0.00205138 0.00206524 -0.00205657 0.99999575
0.99998773 -0.00242123 -0.00432201 0.00243759 0.99998987 0.00378326 0.00431281 -0.00379375 0.99998350
0.99999855 -0.00126862 -0.00113540 0.00126848 0.99999919 -0.00013037 0.00113556 0.00012893 0.99999935
0.99999722 -0.00193371 -0.00134711 0.00193239 0.99999766 -0.00097723 0.00134900 0.00097463 0.99999862
0.99999159 -0.00152140 -0.00380954 0.00151356 0.99999673 -0.00206063 0.00381266 0.00205485 0.99999062
0.99997561 -0.00431133 -0.00549390 0.00432041 0.99998932 0.00164242 0.00548677 -0.00166611 0.99998356
0.99999427 -0.00135302 -0.00310392 0.00136187 0.99999501 0.00284907 0.00310005 -0.00285328 0.99999112
0.99998939 0.00041335 -0.00458887 -0.00040518 0.99999833 0.00178176 0.00458960 -0.00177989 0.99998788
0.99998901 -0.00094944 -0.00459036 0.00095194 0.99999940 0.00054326 0.00458984 -0.00054763 0.99998932
0.99998647 -0.00171894 -0.00490874 0.00172684 0.99999722 0.00160535 0.00490597 -0.00161380 0.99998666
0.99998053 -0.00608971 -0.00136410 0.00609543 0.99997250 0.00422520 0.00133833 -0.00423343 0.99999014
0.99996493 -0.00681100 -0.00487304 0.00682174 0.99997433 0.00218949 0.00485800 -0.00222265 0.99998573
0.99999043 -0.00057507 -0.00433687 0.00058266 0.99999830 0.00174777 0.00433586 -0.00175028 0.99998907
0.99998632 0.00433778 -0.00292348 -0.00434312 0.99998890 -0.00182461 0.00291553 0.00183728 0.99999406
0.99998101 0.00216439 -0.00576997 -0.00218149 0.99999324 -0.00295947 0.00576353 0.00297200 0.99997897
0.99997534 -0.00379860 -0.00590639 0.00377444 0.99998449 -0.00409630 0.00592185 0.00407391 0.99997417
0.99997087 -0.00129040 -0.00752231 0.00128496 0.99999891 -0.00072760 0.00752324 0.00071791 0.99997144
0.99995777 0.00380913 -0.00836379 -0.00379707 0.99999173 0.00145746 0.00836928 -0.00142564 0.99996396
0.99994032 0.00136702 -0.01083942 -0.00134521 0.99999706 0.00201916 0.01084214 -0.00200446 0.99993921
0.99991365 -0.00155376 -0.01304876 0.00157917 0.99999688 0.00193777 0.01304570 -0.00195820 0.99991298
0.99990892 0.00037795 -0.01349075 -0.00035602 0.99999861 0.00162774 0.01349135 -0.00162279 0.99990767
0.99987771 -0.00055685 -0.01562866 0.00057183 0.99999938 0.00095447 0.01562812 -0.00096329 0.99987741
0.99983736 -0.00028577 -0.01803238 0.00028099 0.99999992 -0.00026747 0.01803245 0.00026235 0.99983737
0.99981172 -0.00319119 -0.01914001 0.00318340 0.99999484 -0.00043755 0.01914130 0.00037653 0.99981672
0.99974665 0.00288684 -0.02232261 -0.00288860 0.99999583 -0.00004681 0.02232238 0.00011128 0.99975082
0.99979921 0.00763277 -0.01852764 -0.00766409 0.99996932 -0.00162021 0.01851470 0.00176188 0.99982704
0.99975794 0.00337838 -0.02174048 -0.00344228 0.99998986 -0.00290230 0.02173046 0.00297643 0.99975944
0.99979852 0.00525120 -0.01937406 -0.00527064 0.99998566 -0.00095292 0.01936877 0.00105484 0.99981185
0.99985862 0.00245224 -0.01663502 -0.00247660 0.99999589 -0.00144396 0.01663141 0.00148495 0.99986059
0.99992497 0.00821051 -0.00909054 -0.00819651 0.99996517 0.00157582 0.00910316 -0.00150120 0.99995744
0.99995111 0.00919283 -0.00364183 -0.00918313 0.99995427 0.00267157 0.00366622 -0.00263800 0.99998980
0.99987596 0.01464030 0.00580796 -0.01466493 0.99988356 0.00422075 -0.00574549 -0.00430540 0.99997423
0.99994415 -0.00013978 0.01056763 0.00011432 0.99999709 0.00241067 -0.01056794 -0.00240933 0.99994126
0.99988193 0.00114959 0.01532336 -0.00117208 0.99999825 0.00145868 -0.01532166 -0.00147647 0.99988153
0.99990812 -0.00662062 0.01182910 0.00661272 0.99997789 0.00070670 -0.01183352 -0.00062841 0.99992978
0.99992583 0.00257031 0.01190490 -0.00258386 0.99999603 0.00112296 -0.01190197 -0.00115364 0.99992850
0.99989912 0.00248719 0.01398419 -0.00247892 0.99999674 -0.00060893 -0.01398566 0.00057420 0.99990203
0.99983193 0.00742613 0.01676210 -0.00743727 0.99997216 0.00060196 -0.01675716 -0.00072652 0.99985932
0.99986270 -0.00099124 0.01654111 0.00098135 0.99999933 0.00060595 -0.01654170 -0.00058963 0.99986300
0.99987682 -0.00193819 0.01557534 0.00191829 0.99999733 0.00129198 -0.01557780 -0.00126194 0.99987786
0.99989243 -0.00197184 0.01453403 0.00196000 0.99999774 0.00082887 -0.01453563 -0.00080029 0.99989403
0.99990083 -0.00039613 0.01407710 0.00037495 0.99999879 0.00150687 -0.01407768 -0.00150144 0.99989978
0.99990807 0.00193832 0.01341967 -0.00195056 0.99999769 0.00089946 -0.01341790 -0.00092555 0.99990955
0.99992103 -0.00015213 0.01256615 0.00014043 0.99999956 0.00093193 -0.01256629 -0.00093009 0.99992061
0.99992944 -0.00543764 0.01056189 0.00544333 0.99998505 -0.00051008 -0.01055896 0.00056754 0.99994409
0.99995008 -0.00416639 0.00908161 0.00418853 0.99998830 -0.00242047 -0.00907142 0.00245839 0.99995583
0.99998272 -0.00137658 0.00571471 0.00138006 0.99999886 -0.00060673 -0.00571387 0.00061460 0.99998349
0.99996787 -0.00141955 0.00788984 0.00142187 0.99999895 -0.00028852 -0.00788942 0.00029973 0.99996883
0.99999719 0.00088632 0.00219869 -0.00088850 0.99999911 0.00099401 -0.00219781 -0.00099596 0.99999709
0.99999254 -0.00184708 0.00339147 0.00184489 0.99999809 0.00064867 -0.00339266 -0.00064240 0.99999404
0.99999780 -0.00198539 0.00067579 0.00198480 0.99999765 0.00087485 -0.00067752 -0.00087351 0.99999939
0.99999537 -0.00292705 0.00083578 0.00292713 0.99999571 -0.00009098 -0.00083551 0.00009343 0.99999965
0.99999345 0.00126674 0.00339103 -0.00126320 0.99999866 -0.00104422 -0.00339235 0.00103993 0.99999371
0.99999717 0.00039779 0.00234703 -0.00039056 0.99999519 -0.00307846 -0.00234824 0.00307754 0.99999251
0.99999044 0.00147358 0.00411710 -0.00146858 0.99999818 -0.00121604 -0.00411888 0.00120998 0.99999079
0.99998650 0.00059358 0.00516134 -0.00059790 0.99999947 0.00083592 -0.00516084 -0.00083900 0.99998633
0.99998328 0.00038260 0.00576929 -0.00038774 0.99999953 0.00089006 -0.00576894 -0.00089228 0.99998296
0.99997981 -0.00294798 0.00562860 0.00294696 0.99999564 0.00019066 -0.00562913 -0.00017407 0.99998414
0.99998570 -0.00136077 0.00517167 0.00136106 0.99999907 -0.00005226 -0.00517159 0.00005930 0.99998663
0.99998101 0.00149841 0.00597713 -0.00149525 0.99999874 -0.00053326 -0.00597792 0.00052432 0.99998199
0.99998914 0.00053176 0.00462997 -0.00052054 0.99999693 -0.00242429 -0.00463125 0.00242186 0.99998634
0.99998075 -0.00025739 0.00619930 0.00026136 0.99999976 -0.00063905 -0.00619913 0.00064066 0.99998058
0.99997598 -0.00399932 0.00566001 0.00399736 0.99999195 0.00035701 -0.00566140 -0.00033438 0.99998392
0.99997837 -0.00363636 0.00548126 0.00363548 0.99999338 0.00017048 -0.00548184 -0.00015055 0.99998496
0.99998705 0.00301432 0.00410044 -0.00301922 0.99999473 0.00118990 -0.00409683 -0.00120226 0.99999089
0.99999254 -0.00080225 0.00377812 0.00079454 0.99999760 0.00203966 -0.00377975 -0.00203664 0.99999078
0.99998650 -0.00072926 0.00514415 0.00070759 0.99999088 0.00421228 -0.00514717 -0.00420858 0.99997790
0.99998899 -0.00379645 0.00275724 0.00378840 0.99998856 0.00291953 -0.00276829 -0.00290906 0.99999194
