1.00000000 0.00000000 0.00000000 0.00000000 1.00000000 0.00000000 0.00000000 0.00000000 1.00000000
0.99999936 0.00002492 -0.00112828 -0.00002680 0.99999862 -0.00166403 0.00112823 0.00166406 0.99999798
0.99999858 0.00034637 -0.00165002 -0.00034815 0.99999936 -0.00107564 0.00164965 0.00107622 0.99999806
0.99999762 -0.00151343 -0.00156866 0.00151106 0.99999772 -0.00151212 0.00157094 0.00150974 0.99999763
0.99999673 -0.00186500 -0.00174834 0.00186169 0.99999648 -0.00189192 0.00175186 0.00188866 0.99999668
0.99999888 -0.00087967 -0.00121252 0.00087889 0.99999940 -0.00064790 0.00121309 0.00064683 0.99999906
0.99999924 0.00011264 -0.00122947 -0.00011164 0.99999967 0.00080623 0.00122956 -0.00080609 0.99999892
0.99999944 -0.00002258 -0.00105426 0.00002233 0.99999997 -0.00023318 0.00105427 0.00023316 0.99999942
0.99999882 0.00109466 -0.00108024 -0.00109740 0.99999617 -0.00254028 0.00107745 0.00254147 0.99999619
0.99999580 0.00248391 -0.00149105 -0.00248941 0.99999007 -0.00369600 0.00148185 0.00369969 0.99999206
0.99999746 0.00181899 -0.00132853 -0.00182361 0.99999227 -0.00348446 0.00132218 0.00348687 0.99999305
0.99999639 0.00239043 -0.00122518 -0.00239011 0.99999711 0.00026120 0.00122580 -0.00025827 0.99999922
0.99999497 0.00290416 -0.00127728 -0.00289519 0.99997154 0.00696753 0.00129748 -0.00696380 0.99997491
0.99999866 0.00153893 -0.00055844 -0.00153296 0.99994327 0.01054029 0.00057462 -0.01053942 0.99994429
0.99999862 0.00148351 -0.00074445 -0.00147839 0.99997561 0.00682589 0.00075456 -0.00682478 0.99997643
0.99999535 0.00279320 -0.00122777 -0.00279403 0.99999587 -0.00067948 0.00122587 0.00068291 0.99999902
0.99999451 0.00321379 -0.00080133 -0.00321945 0.99996919 -0.00715880 0.00077829 0.00716134 0.99997405
0.99999935 0.00047994 -0.00103067 -0.00048622 0.99998125 -0.00610447 0.00102772 0.00610496 0.99998084
0.99999889 -0.00133239 -0.00066730 0.00133340 0.99999797 0.00151286 0.00066528 -0.00151375 0.99999863
0.99999986 -0.00043297 -0.00029893 0.00043569 0.99995793 0.00916192 0.00029495 -0.00916205 0.99995798
0.99999979 -0.00017865 -0.00062934 0.00018335 0.99997195 0.00748777 0.00062799 -0.00748788 0.99997177
0.99999980 -0.00052133 -0.00036119 0.00052215 0.99999729 0.00227040 0.00036001 -0.00227059 0.99999736
0.99999890 -0.00146941 0.00021614 0.00146970 0.99999801 -0.00134980 -0.00021416 0.00135012 0.99999907
0.99999985 -0.00030306 0.00045659 0.00030430 0.99999624 -0.00272402 -0.00045576 0.00272416 0.99999619
0.99999466 0.00320767 0.00063201 -0.00320541 0.99998858 -0.00354499 -0.00064337 0.00354295 0.99999352
0.99999627 -0.00246248 0.00118473 0.00246925 0.99998040 -0.00575282 -0.00117054 0.00575572 0.99998275
0.99999758 -0.00189475 0.00111883 0.00190146 0.99998005 -0.00602322 -0.00110740 0.00602533 0.99998123
0.99999519 0.00158390 0.00266493 -0.00156945 0.99998411 -0.00541529 -0.00267346 0.00541108 0.99998179
0.99999694 0.00242822 0.00046393 -0.00242802 0.99999696 -0.00043114 -0.00046497 0.00043001 0.99999980
0.99999949 0.00096630 -0.00028414 -0.00096606 0.99999916 0.00086098 0.00028497 -0.00086070 0.99999959
0.99999752 0.00222477 0.00008372 -0.00222467 0.99999687 -0.00114242 -0.00008627 0.00114224 0.99999934
0.99999565 0.00294092 0.00022031 -0.00294041 0.99999303 -0.00230036 -0.00022708 0.00229970 0.99999733
0.99999230 0.00392333 -0.00007163 -0.00392340 0.99999176 -0.00104293 0.00006754 0.00104320 0.99999945
0.99999805 0.00195052 0.00031673 -0.00195054 0.99999809 0.00008486 -0.00031656 -0.00008547 0.99999995
0.99999925 0.00119454 -0.00027486 -0.00119455 0.99999929 -0.00005114 0.00027480 0.00005147 0.99999996
0.99999994 0.00031754 -0.00009640 -0.00031755 0.99999993 -0.00017230 0.00009635 0.00017233 0.99999998
0.99999945 0.00096419 -0.00040314 -0.00096384 0.99999916 0.00087093 0.00040398 -0.00087054 0.99999954
0.99999886 0.00118644 -0.00092934 -0.00118479 0.99999772 0.00177728 0.00093145 -0.00177617 0.99999799
0.99999979 0.00059416 -0.00026050 -0.00059381 0.99999893 0.00133727 0.00026130 -0.00133711 0.99999907
0.99999681 0.00015299 0.00252006 -0.00014882 0.99999862 -0.00165723 -0.00252031 0.00165685 0.99999545
0.99999693 0.00163860 -0.00185882 -0.00164154 0.99999741 -0.00157962 0.00185623 0.00158267 0.99999702
0.99999606 0.00223423 -0.00169863 -0.00224401 0.99998079 -0.00577750 0.00168569 0.00578128 0.99998187
0.99999863 -0.00022650 -0.00164253 0.00022907 0.99999875 0.00156407 0.00164217 -0.00156444 0.99999743
0.99999729 0.00177770 -0.00150450 -0.00177740 0.99999840 0.00019524 0.00150484 -0.00019256 0.99999885
0.99999956 -0.00048349 -0.00079885 0.00048569 0.99999608 0.00275584 0.00079752 -0.00275623 0.99999588
0.99999982 -0.00038322 -0.00045634 0.00038339 0.99999986 0.00036310 0.00045620 -0.00036328 0.99999983
0.99999998 -0.00007156 -0.00015921 0.00007133 0.99999897 -0.00143069 0.00015931 0.00143067 0.99999896
0.99999971 0.00042806 -0.00062242 -0.00042831 0.99999983 -0.00040091 0.00062224 0.00040118 0.99999973
0.99999989 -0.00015690 -0.00045139 0.00015746 0.99999919 0.00126185 0.00045119 -0.00126192 0.99999910
0.99999974 0.00029202 -0.00065985 -0.00029061 0.99999768 0.00213658 0.00066047 -0.00213638 0.99999750
0.99999965 0.00026076 -0.00079254 -0.00025857 0.99999618 0.00275292 0.00079326 -0.00275271 0.99999590
0.99999858 0.00156374 -0.00062327 -0.00156395 0.99999872 -0.00033785 0.00062274 0.00033882 0.99999975
0.99999877 0.00139383 -0.00072015 -0.00139630 0.99999309 -0.00344620 0.00071534 0.00344720 0.99999380
0.99999772 0.00210302 0.00037004 -0.00210130 0.99998721 -0.00459996 -0.00037971 0.00459917 0.99998935
0.99999989 0.00046329 0.00001989 -0.00046329 0.99999989 -0.00010842 -0.00001994 0.00010841 0.99999999
0.99999983 0.00053898 -0.00020710 -0.00053842 0.99999623 0.00269339 0.00020855 -0.00269328 0.99999635
0.99999874 0.00143391 0.00068756 -0.00143542 0.99999655 0.00220126 -0.00068440 -0.00220225 0.99999734
0.99999922 -0.00116366 0.00045629 0.00116313 0.99999864 0.00116508 -0.00045765 -0.00116455 0.99999922
0.99999927 0.00052148 0.00109013 -0.00052039 0.99999936 -0.00100002 -0.00109065 0.00099946 0.99999891
0.99999877 0.00009135 0.00156685 -0.00008887 0.99999875 -0.00157723 -0.00156699 0.00157709 0.99999753
0.99999890 0.00131009 0.00069662 -0.00130868 0.99999709 -0.00202795 -0.00069928 0.00202704 0.99999770
0.99999948 -0.00034088 0.00095747 0.00034321 0.99999700 -0.00242590 -0.00095664 0.00242622 0.99999660
0.99999925 -0.00107762 0.00057705 0.00107959 0.99999357 -0.00342058 -0.00057337 0.00342120 0.99999398
0.99999728 -0.00210151 0.00101147 0.00210324 0.99999633 -0.00170995 -0.00100788 0.00171207 0.99999803
0.99999843 -0.00171355 0.00045704 0.00171245 0.99999569 0.00238364 -0.00046112 -0.00238285 0.99999705
0.99999931 -0.00091469 0.00074229 0.00091037 0.99998281 0.00579314 -0.00074757 -0.00579246 0.99998294
0.99999901 -0.00131547 0.00050368 0.00131245 0.99998144 0.00594873 -0.00051150 -0.00594807 0.99998218
0.99999885 -0.00147034 0.00037845 0.00147009 0.99999870 0.00066349 -0.00037942 -0.00066294 0.99999971
0.99999391 -0.00338208 0.00085644 0.00338463 0.99998980 -0.00298962 -0.00084632 0.00299250 0.99999516
0.99999909 -0.00128605 0.00040074 0.00128741 0.99999337 -0.00340649 -0.00039635 0.00340700 0.99999412
0.99999718 0.00237588 0.00004284 -0.00237569 0.99998911 -0.00401616 -0.00005238 0.00401604 0.99999193
0.99999965 0.00072137 0.00043087 -0.00071956 0.99999098 -0.00418578 -0.00043389 0.00418547 0.99999115
0.99999215 0.00383930 0.00098343 -0.00383896 0.99999257 -0.00034929 -0.00098476 0.00034552 0.99999946
0.99999131 0.00395937 0.00130463 -0.00396389 0.99998609 0.00348033 -0.00129083 -0.00348547 0.99999309
0.99999805 0.00197262 0.00003347 -0.00197269 0.99999592 0.00206798 -0.00002939 -0.00206804 0.99999786
1.00000000 -0.00001540 -0.00006774 0.00001544 0.99999985 0.00055589 0.00006773 -0.00055589 0.99999984
0.99999954 -0.00095690 0.00011865 0.00095679 0.99999914 0.00089387 -0.00011950 -0.00089375 0.99999959
0.99999963 -0.00080819 -0.00028619 0.00080852 0.99999900 0.00115648 0.00028525 -0.00115671 0.99999929
0.99999941 -0.00098948 -0.00045420 0.00099021 0.99999821 0.00161036 0.00045261 -0.00161081 0.99999860
0.99999955 -0.00081214 -0.00049476 0.00081279 0.99999880 0.00131998 0.00049369 -0.00132038 0.99999901
0.99999995 -0.00006114 -0.00032467 0.00006072 0.99999914 -0.00130684 0.00032475 0.00130682 0.99999909
0.99999966 0.00009102 -0.00082191 -0.00009437 0.99999169 -0.00407474 0.00082153 0.00407481 0.99999136
0.99999855 0.00163011 -0.00049444 -0.00163137 0.99999538 -0.00256334 0.00049026 0.00256414 0.99999659
0.99999715 0.00232398 -0.00054730 -0.00232311 0.99999603 0.00159457 0.00055100 -0.00159329 0.99999858
0.99999853 0.00140139 -0.00098824 -0.00139695 0.99998897 0.00448381 0.00099452 -0.00448242 0.99998946
0.99999826 0.00178099 -0.00055454 -0.00177879 0.99999060 0.00395468 0.00056157 -0.00395369 0.99999203
0.99999872 0.00153355 -0.00044699 -0.00153337 0.99999875 0.00039553 0.00044759 -0.00039485 0.99999982
0.99999976 0.00014106 -0.00067567 -0.00014263 0.99999729 -0.00232349 0.00067534 0.00232358 0.99999707
0.99999964 0.00017983 -0.00083474 -0.00018058 0.99999958 -0.00090380 0.00083458 0.00090395 0.99999924
0.99999986 -0.00036865 -0.00037582 0.00036860 0.99999992 -0.00014262 0.00037587 0.00014248 0.99999992
0.99999972 -0.00047339 -0.00057643 0.00047346 0.99999988 0.00012427 0.00057637 -0.00012455 0.99999983
0.99999950 -0.00083203 -0.00054770 0.00083281 0.99999864 0.00142572 0.00054652 -0.00142617 0.99999883
0.99999977 0.00045174 -0.00050003 -0.00045049 0.99999675 0.00250986 0.00050116 -0.00250963 0.99999673
0.99999931 -0.00073998 -0.00091620 0.00074079 0.99999933 0.00088641 0.00091554 -0.00088709 0.99999919
0.99999762 -0.00058892 -0.00210050 0.00058917 0.99999982 0.00011553 0.00210043 -0.00011677 0.99999779
0.99999340 -0.00079919 -0.00354470 0.00079531 0.99999908 -0.00109747 0.00354558 0.00109464 0.99999312
0.99999440 0.00040167 -0.00332231 -0.00040486 0.99999946 -0.00095967 0.00332193 0.00096101 0.99999402
0.99999550 0.00042419 -0.00297051 -0.00042394 0.99999991 0.00008688 0.00297054 -0.00008562 0.99999558
0.99999390 0.00162488 -0.00309289 -0.00162204 0.99999826 0.00092045 0.00309438 -0.00091542 0.99999479
0.99999532 0.00130028 -0.00276867 -0.00129718 0.99999853 0.00112270 0.00277012 -0.00111910 0.99999554
0.99999421 0.00151825 -0.00304641 -0.00151508 0.99999831 0.00104139 0.00304799 -0.00103677 0.99999482
0.99999580 0.00204373 -0.00205574 -0.00204193 0.99999753 0.00087852 0.00205753 -0.00087431 0.99999750
0.99999459 0.00270116 -0.00187781 -0.00270004 0.99999617 0.00060328 0.00187944 -0.00059820 0.99999805
0.99999591 0.00233934 -0.00164822 -0.00234155 0.99999636 -0.00133887 0.00164508 0.00134272 0.99999775
0.99999735 0.00200773 -0.00112272 -0.00201306 0.99998662 -0.00476459 0.00111314 0.00476684 0.99998802
0.99999338 0.00320641 -0.00171811 -0.00321479 0.99998282 -0.00490090 0.00170237 0.00490639 0.99998651
0.99999553 0.00267482 -0.00133583 -0.00267837 0.99999287 -0.00266222 0.00132870 0.00266579 0.99999556
0.99999342 0.00278981 0.00232043 -0.00278330 0.99999219 -0.00280770 -0.00232824 0.00280122 0.99999337
0.99999100 0.00259746 0.00335460 -0.00260104 0.99999605 0.00106086 -0.00335184 -0.00106958 0.99999381
0.99998662 0.00397710 0.00330839 -0.00398320 0.99999038 0.00183944 -0.00330105 -0.00185260 0.99999284
0.99997570 0.00325831 0.00616362 -0.00326758 0.99999354 0.00149551 -0.00615871 -0.00151562 0.99997989
0.99997620 0.00136187 0.00676343 -0.00137569 0.99999697 0.00203971 -0.00676063 -0.00204896 0.99997505
0.99995211 0.00026317 0.00978345 -0.00028819 0.99999669 0.00255627 -0.00978274 -0.00255897 0.99994887
0.99990528 -0.00011370 0.01376267 0.00009084 0.99999862 0.00166109 -0.01376284 -0.00165968 0.99990391
0.99985288 -0.00067328 0.01713928 0.00065825 0.99999939 0.00088257 -0.01713987 -0.00087116 0.99985272
0.99987956 0.00054900 0.01551031 -0.00053797 0.99999960 -0.00071490 -0.01551070 0.00070647 0.99987945
0.99982030 -0.00111921 0.01892406 0.00116986 0.99999576 -0.00266526 -0.01892100 0.00268692 0.99981737
0.99975397 -0.00066139 0.02217126 0.00074703 0.99999229 -0.00385462 -0.02216854 0.00387023 0.99974676
0.99958612 -0.00183080 0.02870940 0.00195330 0.99998911 -0.00423925 -0.02870132 0.00429358 0.99957881
0.99961280 -0.00163573 0.02777718 0.00171664 0.99999435 -0.00288914 -0.02777229 0.00293571 0.99960996
0.99952761 -0.00218289 0.03065590 0.00222200 0.99999676 -0.00124160 -0.03065309 0.00130913 0.99952923
0.99944216 -0.00210124 0.03333095 0.00216257 0.99999603 -0.00180388 -0.03332702 0.00187495 0.99944274
0.99934682 -0.00242219 0.03605655 0.00246316 0.99999637 -0.00109189 -0.03605378 0.00117999 0.99934915
0.99921962 -0.00248183 0.03942068 0.00249855 0.99999681 -0.00037486 -0.03941962 0.00047306 0.99922263
0.99915181 -0.00235091 0.04111130 0.00238314 0.99999689 -0.00073504 -0.04110945 0.00083239 0.99915430
0.99904659 0.00090232 0.04364743 -0.00084322 0.99999870 -0.00137228 -0.04364861 0.00133417 0.99904605
0.99889986 0.00251124 0.04682702 -0.00246358 0.99999639 -0.00107537 -0.04682955 0.00095882 0.99890243
0.99883832 0.00131149 0.04816935 -0.00131719 0.99999913 0.00008643 -0.04816920 -0.00014978 0.99883918
0.99880936 0.00019602 0.04878348 -0.00023915 0.99999959 0.00087839 -0.04878328 -0.00088901 0.99880899
0.99868847 -0.00142544 0.05117917 0.00146899 0.99999859 -0.00081319 -0.05117794 0.00088730 0.99868916
0.99869753 -0.00056001 0.05101897 0.00070247 0.99999590 -0.00277430 -0.05101721 0.00280652 0.99869383
0.99863875 0.00021990 0.05215929 -0.00007443 0.99999610 -0.00279088 -0.05215970 0.00278319 0.99863488
0.99860512 0.00250842 0.05274021 -0.00218362 0.99997830 -0.00621520 -0.05275465 0.00609137 0.99858893
0.99835343 0.00526569 0.05712008 -0.00512701 0.99998354 -0.00257411 -0.05713270 0.00227702 0.99836400
0.99827085 0.00405298 0.05864200 -0.00397424 0.99999104 -0.00145925 -0.05864739 0.00122367 0.99827801
0.99846236 -0.00062192 0.05543032 0.00067861 0.99999927 -0.00100377 -0.05542966 0.00103984 0.99846205
0.99844473 -0.00268770 0.05568562 0.00261154 0.99999555 0.00144040 -0.05568924 -0.00129274 0.99844731
0.99837213 -0.00064546 0.05703215 0.00050128 0.99999664 0.00254230 -0.05703360 -0.00250958 0.99836911
0.99840385 0.00123677 0.05646441 -0.00137163 0.99999630 0.00234968 -0.05646130 -0.00242338 0.99840185
0.99840713 -0.00024340 0.05641941 0.00009040 0.99999631 0.00271435 -0.05641986 -0.00270493 0.99840347
0.99839125 -0.00291720 0.05662511 0.00270164 0.99998881 0.00388294 -0.05663580 -0.00372371 0.99838796
0.99836381 0.00415236 0.05703033 -0.00425481 0.99998955 0.00167523 -0.05702278 -0.00191514 0.99837104
0.99848993 0.00397162 0.05479134 -0.00379399 0.99998721 -0.00334543 -0.05480392 0.00313250 0.99849222
0.99859583 0.00157480 0.05295170 -0.00133347 0.99998857 -0.00459257 -0.05295832 0.00451551 0.99858651
0.99880908 -0.00082415 0.04878256 0.00094098 0.99999674 -0.00237197 -0.04878045 0.00241505 0.99880661
0.99905717 -0.00550206 0.04306384 0.00553370 0.99998450 -0.00061549 -0.04305979 0.00085321 0.99907213
0.99930844 -0.00669305 0.03657657 0.00673837 0.99997667 -0.00111590 -0.03656825 0.00136159 0.99933023
0.99950907 -0.00323566 0.03116316 0.00329053 0.99999313 -0.00170947 -0.03115742 0.00181117 0.99951285
0.99958258 0.00295244 0.02873918 -0.00300623 0.99999381 0.00182860 -0.02873360 -0.00191423 0.99958527
0.99964001 0.00692560 0.02592070 -0.00703194 0.99996722 0.00401353 -0.02589206 -0.00419436 0.99965595
0.99970261 0.00549619 0.02375895 -0.00560311 0.99997446 0.00443625 -0.02373396 -0.00456806 0.99970787
0.99973379 -0.00358182 0.02279318 0.00353171 0.99999126 0.00223872 -0.02280100 -0.00215762 0.99973770
0.99976523 -0.00734117 0.02038632 0.00735948 0.99997258 -0.00082318 -0.02037972 0.00097302 0.99979184
0.99983452 -0.00457132 0.01760796 0.00461362 0.99998657 -0.00236238 -0.01759692 0.00244323 0.99984218
0.99989376 -0.00048465 0.01456848 0.00056569 0.99998439 -0.00555962 -0.01456556 0.00556727 0.99987842
0.99993485 0.00316414 0.01096768 -0.00311134 0.99998350 -0.00482815 -0.01098278 0.00479371 0.99992820
0.99997770 -0.00171016 0.00645597 0.00170904 0.99999852 0.00017875 -0.00645626 -0.00016771 0.99997914
0.99997484 -0.00638866 0.00308139 0.00637896 0.99997470 0.00314828 -0.00310143 -0.00312855 0.99999030
0.99999944 -0.00082012 -0.00067066 0.00082135 0.99999799 0.00182866 0.00066916 -0.00182921 0.99999810
0.99999604 0.00200242 -0.00197774 -0.00200234 0.99999799 0.00003978 0.00197781 -0.00003582 0.99999804
0.99999357 0.00332941 -0.00133214 -0.00332951 0.99999445 -0.00007496 0.00133188 0.00007940 0.99999911
0.99999903 0.00090661 -0.00105940 -0.00090767 0.99999909 -0.00099988 0.00105849 0.00100084 0.99999894
0.99999817 -0.00075115 -0.00175735 0.00075043 0.99999964 -0.00040704 0.00175766 0.00040572 0.99999837
0.99999929 0.00098002 -0.00068222 -0.00097986 0.99999949 0.00022691 0.00068245 -0.00022624 0.99999974
0.99999859 0.00157106 -0.00058521 -0.00157027 0.99999785 0.00135535 0.00058734 -0.00135443 0.99999891
0.99999994 -0.00030581 -0.00014941 0.00030598 0.99999926 0.00117744 0.00014905 -0.00117749 0.99999930
0.99999983 0.00002469 0.00058793 -0.00002601 0.99999746 0.00225260 -0.00058787 -0.00225261 0.99999729
0.99999459 0.00294754 0.00145755 -0.00294946 0.99999479 0.00131401 -0.00145367 -0.00131830 0.99999807
0.99999777 0.00153817 0.00144383 -0.00153953 0.99999837 0.00094087 -0.00144239 -0.00094309 0.99999852
0.99999620 -0.00253375 0.00108477 0.00253135 0.99999436 0.00220932 -0.00109036 -0.00220657 0.99999697
0.99999876 -0.00039858 0.00152491 0.00039657 0.99999905 0.00131875 -0.00152544 -0.00131814 0.99999797
0.99999528 0.00242832 0.00188413 -0.00242964 0.99999680 0.00069938 -0.00188242 -0.00070396 0.99999798
0.99999390 0.00337968 0.00088408 -0.00337529 0.99998216 -0.00492847 -0.00090072 0.00492546 0.99998746
0.99999902 -0.00123576 0.00065358 0.00123886 0.99998789 -0.00476280 -0.00064769 0.00476360 0.99998844
0.99999871 0.00094437 0.00129800 -0.00094192 0.99999778 -0.00188414 -0.00129978 0.00188292 0.99999738
0.99999090 0.00391522 0.00169706 -0.00391884 0.99999004 0.00213660 -0.00168868 -0.00214323 0.99999628
0.99999415 0.00332861 0.00079095 -0.00333180 0.99998620 0.00406261 -0.00077741 -0.00406522 0.99999143
0.99999716 0.00230448 0.00060022 -0.00230749 0.99998452 0.00506302 -0.00058854 -0.00506439 0.99998700
0.99999391 0.00347745 0.00027815 -0.00347892 0.99997887 0.00549085 -0.00025905 -0.00549178 0.99998489
0.99999815 0.00192516 0.00003408 -0.00192520 0.99999751 0.00112919 -0.00003191 -0.00112926 0.99999936
0.99999569 -0.00280401 -0.00087511 0.00279819 0.99997442 -0.00658261 0.00089355 0.00658013 0.99997795
0.99999695 -0.00230320 -0.00088871 0.00229305 0.99993399 -0.01125840 0.00091458 0.01125633 0.99993623
0.99999773 -0.00195872 -0.00084137 0.00195451 0.99998573 -0.00497188 0.00085110 0.00497023 0.99998729
0.99999647 -0.00227348 -0.00137241 0.00228090 0.99998264 0.00543253 0.00136004 -0.00543564 0.99998430
0.99999774 -0.00200064 -0.00071848 0.00200639 0.99996527 0.00808872 0.00070227 -0.00809014 0.99996703
0.99999872 -0.00153545 -0.00045394 0.00153689 0.99999375 0.00318355 0.00044905 -0.00318424 0.99999483
0.99999958 0.00090616 0.00015302 -0.00090606 0.99999939 -0.00063393 -0.00015359 0.00063379 0.99999979
0.99999494 0.00276863 0.00156459 -0.00276661 0.99999534 -0.00128971 -0.00156815 0.00128538 0.99999794
0.99999443 0.00233394 0.00238609 -0.00233313 0.99999722 -0.00034196 -0.00238688 0.00033639 0.99999709
0.99999749 0.00056447 0.00216936 -0.00056415 0.99999983 -0.00014690 -0.00216944 0.00014568 0.99999764
0.99999717 0.00082262 0.00223310 -0.00082228 0.99999965 -0.00015467 -0.00223323 0.00015284 0.99999749
0.99999497 0.00227470 0.00220991 -0.00227383 0.99999734 -0.00039382 -0.00221080 0.00038880 0.99999748
0.99999452 0.00249685 0.00217188 -0.00249860 0.99999655 0.00080768 -0.00216986 -0.00081310 0.99999732
0.99999701 0.00046503 0.00239944 -0.00046728 0.99999945 0.00093438 -0.00239900 -0.00093550 0.99999668
0.99999755 0.00093002 0.00200774 -0.00092963 0.99999955 -0.00019515 -0.00200793 0.00019328 0.99999797
0.99999826 0.00043561 0.00181637 -0.00043374 0.99999937 -0.00103139 -0.00181682 0.00103060 0.99999782
0.99999944 0.00010021 0.00105117 -0.00010023 0.99999999 0.00001536 -0.00105117 -0.00001546 0.99999945
0.99999820 -0.00126401 0.00141579 0.00126205 0.99999825 0.00138427 -0.00141753 -0.00138248 0.99999804
0.99999837 0.00069715 0.00166291 -0.00069808 0.99999960 0.00055826 -0.00166252 -0.00055942 0.99999846
0.99999606 0.00227023 0.00165309 -0.00227014 0.99999742 -0.00005218 -0.00165321 0.00004842 0.99999863
0.99999593 0.00246922 0.00142962 -0.00247060 0.99999649 0.00096207 -0.00142724 -0.00096560 0.99999852
0.99999718 0.00195963 0.00133893 -0.00196102 0.99999754 0.00103632 -0.00133689 -0.00103894 0.99999857
0.99999973 -0.00027966 0.00067678 0.00027946 0.99999992 0.00028274 -0.00067686 -0.00028255 0.99999973
0.99999996 -0.00011028 0.00027212 0.00011098 0.99999668 -0.00257622 -0.00027183 0.00257625 0.99999664
0.99999982 0.00002855 0.00059817 -0.00002688 0.99999610 -0.00279269 -0.00059825 0.00279267 0.99999592
0.99999781 0.00205194 0.00040760 -0.00205118 0.99999621 -0.00183628 -0.00041136 0.00183544 0.99999823
0.99999987 -0.00051723 0.00000073 0.00051723 0.99999943 -0.00093311 -0.00000025 0.00093311 0.99999956
0.99999986 -0.00052788 0.00008520 0.00052785 0.99999982 0.00029965 -0.00008536 -0.00029961 0.99999995
0.99999988 -0.00048588 0.00011072 0.00048582 0.99999971 0.00058059 -0.00011100 -0.00058053 0.99999983
0.99999097 0.00422250 0.00047653 -0.00422233 0.99999103 -0.00033979 -0.00047796 0.00033778 0.99999983
0.99999468 0.00325167 -0.00027671 -0.00325173 0.99999469 -0.00019752 0.00027606 0.00019842 0.99999994
0.99999756 -0.00220826 0.00002584 0.00220822 0.99999637 0.00154158 -0.00002924 -0.00154152 0.99999881
0.99999889 0.00074111 0.00129045 -0.00074194 0.99999952 0.00064165 -0.00128998 -0.00064260 0.99999896
0.99998538 0.00400316 0.00363575 -0.00400484 0.99999188 0.00045423 -0.00363390 -0.00046879 0.99999329
0.99997492 0.00454217 0.00543480 -0.00454351 0.99998965 0.00023317 -0.00543369 -0.00025786 0.99998520
0.99997646 -0.00343948 0.00593743 0.00346141 0.99998721 -0.00368706 -0.00592467 0.00370752 0.99997558
0.99997161 -0.00132664 0.00741813 0.00134884 0.99999462 -0.00298890 -0.00741413 0.00299882 0.99996802
0.99996976 0.00170152 0.00758829 -0.00168382 0.99999585 -0.00233912 -0.00759224 0.00232628 0.99996847
0.99996092 0.00459755 0.00755188 -0.00459744 0.99998943 -0.00003194 -0.00755194 -0.00000278 0.99997148
0.99998435 0.00056862 0.00556583 -0.00057484 0.99999921 0.00111591 -0.00556519 -0.00111910 0.99998389
0.99998652 0.00238648 0.00461071 -0.00238205 0.99999670 -0.00096459 -0.00461300 0.00095360 0.99998891
0.99998837 0.00230516 0.00423566 -0.00230662 0.99999728 0.00033983 -0.00423487 -0.00034959 0.99999097
0.99999568 -0.00054727 0.00288922 0.00053811 0.99999483 0.00316981 -0.00289094 -0.00316824 0.99999080
0.99999690 -0.00159169 0.00191247 0.00158561 0.99999370 0.00317489 -0.00191751 -0.00317185 0.99999313
0.99999798 0.00060532 0.00191716 -0.00061002 0.99999681 0.00245206 -0.00191567 -0.00245322 0.99999516
0.99999489 0.00152653 0.00280783 -0.00152633 0.99999883 -0.00007146 -0.00280793 0.00006717 0.99999606
0.99999769 -0.00186886 0.00105812 0.00187286 0.99999105 -0.00379380 -0.00105102 0.00379577 0.99999224
0.99998420 -0.00561921 0.00017682 0.00561978 0.99997824 -0.00345466 -0.00015741 0.00345560 0.99999402
0.99997117 -0.00756181 0.00069558 0.00756474 0.99996214 -0.00430087 -0.00066304 0.00430601 0.99999051
0.99999946 -0.00069434 0.00077051 0.00069522 0.99999911 -0.00113899 -0.00076972 0.00113952 0.99999905
0.99999675 0.00249076 0.00054681 -0.00249188 0.99999480 0.00204884 -0.00054170 -0.00205020 0.99999775
0.99999997 -0.00023264 0.00006738 0.00023231 0.99998785 0.00492320 -0.00006853 -0.00492318 0.99998788
0.99999881 -0.00152611 0.00022191 0.00152558 0.99999607 0.00235260 -0.00022550 -0.00235226 0.99999721
0.99999940 0.00010905 0.00109410 -0.00010927 0.99999997 0.00019611 -0.00109408 -0.00019623 0.99999938
0.99999572 0.00215059 0.00198160 -0.00214849 0.99999712 -0.00106570 -0.00198389 0.00106144 0.99999747
0.99999669 0.00118637 0.00228486 -0.00118454 0.99999897 -0.00080498 -0.00228581 0.00080227 0.99999707
0.99999659 -0.00148870 0.00214417 0.00148893 0.99999889 -0.00010422 -0.00214401 0.00010741 0.99999770
0.99999760 0.00011007 0.00218821 -0.00010948 0.99999996 -0.00026933 -0.00218824 0.00026909 0.99999757
0.99999630 0.00125946 0.00241128 -0.00125973 0.99999920 0.00010924 -0.00241114 -0.00011227 0.99999709
0.99999381 0.00291766 0.00196752 -0.00291603 0.99999540 -0.00083302 -0.00196994 0.00082728 0.99999772
0.99999922 0.00029533 0.00121765 -0.00029348 0.99999880 -0.00151940 -0.00121810 0.00151904 0.99999810
0.99999812 0.00170130 0.00093040 -0.00170088 0.99999845 -0.00045179 -0.00093117 0.00045020 0.99999947
0.99999890 0.00061223 0.00135349 -0.00061195 0.99999979 -0.00020639 -0.00135362 0.00020556 0.99999906
0.99999945 0.00018367 0.00102887 -0.00018583 0.99999777 0.00210431 -0.00102848 -0.00210450 0.99999726
0.99999540 0.00283294 0.00108064 -0.00283507 0.99999404 0.00196868 -0.00107506 -0.00197174 0.99999748
0.99999057 0.00384416 0.00201926 -0.00384815 0.99999065 0.00197408 -0.00201165 -0.00198183 0.99999601
0.99999706 -0.00070025 0.00232298 0.00069781 0.99999920 0.00105127 -0.00232372 -0.00104964 0.99999675
0.99999830 -0.00051810 0.00177034 0.00051835 0.99999986 -0.00014568 -0.00177027 0.00014659 0.99999842
0.99999630 0.00138317 0.00234379 -0.00138073 0.99999850 -0.00104301 -0.00234523 0.00103977 0.99999671
0.99999848 -0.00098185 0.00144084 0.00098612 0.99999511 -0.00296792 -0.00143792 0.00296933 0.99999456
0.99999899 -0.00139248 0.00030062 0.00139333 0.99999503 -0.00282734 -0.00029668 0.00282775 0.99999596
0.99999888 -0.00102028 0.00109940 0.00102429 0.99999283 -0.00364651 -0.00109567 0.00364763 0.99999275
0.99999881 -0.00154312 -0.00005579 0.00154308 0.99999858 -0.00067943 0.00005684 0.00067934 0.99999977
0.99999570 -0.00293260 -0.00008626 0.00293266 0.99999549 0.00065492 0.00008434 -0.00065517 0.99999978
0.99999997 -0.00021256 0.00007002 0.00021243 0.99999814 0.00191704 -0.00007043 -0.00191702 0.99999816
0.99999966 0.00076790 -0.00029344 -0.00076742 0.99999839 0.00162512 0.00029469 -0.00162490 0.99999864
0.99999865 0.00090167 -0.00137322 -0.00089848 0.99999690 0.00232294 0.00137531 -0.00232170 0.99999636
0.99999861 -0.00014660 -0.00166374 0.00015217 0.99999438 0.00334957 0.00166324 -0.00334982 0.99999301
0.99999882 -0.00030234 -0.00150561 0.00030820 0.99999238 0.00389229 0.00150442 -0.00389275 0.99999129
0.99999682 0.00217123 -0.00128428 -0.00217116 0.99999764 0.00005574 0.00128439 -0.00005295 0.99999917
0.99999946 -0.00065597 -0.00080872 0.00065284 0.99999232 -0.00386497 0.00081125 0.00386444 0.99999220
0.99999805 0.00019647 -0.00196684 -0.00020787 0.99998318 -0.00579699 0.00196567 0.00579739 0.99998126
0.99999745 0.00181871 -0.00133952 -0.00182415 0.99999005 -0.00407169 0.00133210 0.00407413 0.99999081
0.99999797 0.00127853 -0.00155959 -0.00127488 0.99999645 0.00233884 0.00156257 -0.00233684 0.99999605
0.99999925 0.00000777 -0.00122256 -0.00000512 0.99999766 0.00216311 0.00122257 -0.00216310 0.99999691
0.99999924 -0.00100879 -0.00071159 0.00100982 0.99999845 0.00144476 0.00071013 -0.00144548 0.99999870
0.99999851 0.00154904 -0.00076475 -0.00154888 0.99999878 0.00021616 0.00076509 -0.00021497 0.99999968
0.99999947 0.00095367 -0.00038024 -0.00095369 0.99999954 -0.00006574 0.00038018 0.00006610 0.99999993
0.99999722 -0.00228208 -0.00059030 0.00228329 0.99999527 0.00206111 0.00058560 -0.00206245 0.99999770
0.99999563 -0.00277565 -0.00101994 0.00277661 0.99999571 0.00093551 0.00101734 -0.00093833 0.99999904
0.99999762 -0.00199041 -0.00089376 0.00198934 0.99999730 -0.00120338 0.00089615 0.00120160 0.99999888
0.99999945 -0.00078244 -0.00070260 0.00078088 0.99999724 -0.00221538 0.00070433 0.00221483 0.99999730
0.99999373 0.00336122 -0.00111792 -0.00336341 0.99999242 -0.00196037 0.00111132 0.00196412 0.99999745
0.99998477 0.00549852 -0.00048321 -0.00549674 0.99997837 0.00361196 0.00050306 -0.00360925 0.99999336
0.99998544 0.00537977 0.00042318 -0.00538044 0.99998427 0.00158183 -0.00041466 -0.00158408 0.99999866
0.99999466 0.00319419 0.00069671 -0.00319378 0.99999473 -0.00059004 -0.00069859 0.00058781 0.99999958
0.99999124 0.00391277 0.00148495 -0.00390522 0.99997961 -0.00505280 -0.00150469 0.00504695 0.99998613
0.99999912 0.00081658 0.00104151 -0.00081396 0.99999652 -0.00251049 -0.00104356 0.00250964 0.99999631
0.99999992 0.00001930 0.00039097 -0.00001909 0.99999985 -0.00054006 -0.00039098 0.00054006 0.99999978
0.99999963 -0.00066713 0.00054182 0.00066692 0.99999970 0.00038537 -0.00054208 -0.00038500 0.99999978
0.99999923 -0.00108002 0.00060571 0.00108013 0.99999940 -0.00016814 -0.00060553 0.00016879 0.99999980
0.99999913 -0.00121498 0.00050914 0.00121643 0.99999516 -0.00286303 -0.00050566 0.00286365 0.99999577
0.99999890 0.00098145 0.00110874 -0.00098014 0.99999882 -0.00118103 -0.00110990 0.00117994 0.99999869
0.99999641 0.00235206 0.00128728 -0.00235111 0.99999696 -0.00074336 -0.00128902 0.00074033 0.99999890
0.99999679 0.00155293 0.00200421 -0.00155528 0.99999810 0.00117310 -0.00200239 -0.00117621 0.99999730
0.99999473 0.00032583 0.00322990 -0.00032263 0.99999946 -0.00099184 -0.00323022 0.00099079 0.99999429
0.99999604 0.00049335 0.00277170 -0.00048662 0.99999693 -0.00242823 -0.00277289 0.00242687 0.99999321
0.99998991 0.00269723 0.00359159 -0.00269069 0.99999471 -0.00182568 -0.00359650 0.00181599 0.99999188
0.99999535 -0.00131711 0.00275081 0.00131527 0.99999891 0.00067246 -0.00275169 -0.00066884 0.99999599
0.99999507 -0.00022016 0.00313354 0.00021487 0.99999855 0.00168838 -0.00313391 -0.00168770 0.99999367
0.99999516 -0.00073738 0.00302121 0.00073965 0.99999944 -0.00075167 -0.00302065 0.00075390 0.99999515
0.99998757 0.00473403 0.00156385 -0.00472700 0.99997884 -0.00446968 -0.00158497 0.00446223 0.99998879
0.99999281 0.00330187 0.00186420 -0.00328838 0.99996872 -0.00719289 -0.00188789 0.00718671 0.99997239
0.99998970 -0.00335935 0.00305037 0.00336641 0.99999166 -0.00231425 -0.00304257 0.00232449 0.99999267
0.99999512 -0.00095497 0.00297299 0.00094966 0.99999796 0.00178531 -0.00297469 -0.00178247 0.99999399
0.99999102 0.00164987 0.00390238 -0.00167761 0.99997329 0.00711425 -0.00389054 -0.00712074 0.99996708
0.99999326 0.00214681 0.00297927 -0.00215221 0.99999604 0.00181137 -0.00297537 -0.00181777 0.99999392
0.99999729 0.00122417 0.00198105 -0.00121834 0.99999494 -0.00293848 -0.00198464 0.00293606 0.99999372
0.99999186 0.00294561 0.00275779 -0.00293577 0.99998933 -0.00356667 -0.00276827 0.00355855 0.99998984
0.99999512 0.00157577 0.00269905 -0.00156722 0.99999376 -0.00316678 -0.00270402 0.00316254 0.99999134
0.99999224 -0.00338887 0.00201000 0.00339630 0.99998737 -0.00370547 -0.00199741 0.00371227 0.99999111
0.99999758 0.00086203 0.00202600 -0.00085375 0.99999128 -0.00408749 -0.00202950 0.00408575 0.99998959
0.99999453 0.00144951 0.00297236 -0.00144145 0.99999528 -0.00271302 -0.00297627 0.00270872 0.99999190
0.99999665 0.00031920 0.00256924 -0.00032625 0.99999619 0.00274283 -0.00256835 -0.00274366 0.99999294
0.99998509 -0.00337566 0.00429150 0.00335617 0.99998406 0.00454039 -0.00430676 -0.00452592 0.99998048
0.99998075 -0.00163073 0.00598723 0.00161760 0.99999628 0.00219689 -0.00599079 -0.00218717 0.99997966
0.99998427 0.00136073 0.00544188 -0.00136142 0.99999907 0.00012309 -0.00544170 -0.00013049 0.99998519
0.99996374 0.00133146 0.00841147 -0.00132544 0.99999886 -0.00072045 -0.00841242 0.00070927 0.99996436
0.99993012 0.00199083 0.01165318 -0.00198851 0.99999800 -0.00021045 -0.01165357 0.00018726 0.99993208
0.99991778 0.00072558 0.01280248 -0.00071355 0.99999930 -0.00094406 -0.01280316 0.00093485 0.99991760
0.99991489 -0.00023509 0.01304427 0.00024108 0.99999987 -0.00045733 -0.01304416 0.00046044 0.99991482
0.99992041 -0.00280817 0.01229975 0.00280159 0.99999592 0.00055253 -0.01230125 -0.00051803 0.99992420
0.99992229 -0.00188791 0.01232287 0.00188266 0.99999813 0.00043795 -0.01232367 -0.00041472 0.99992397
0.99993640 -0.00358850 0.01069198 0.00357268 0.99999249 0.00149874 -0.01069728 -0.00146045 0.99994172
0.99993890 -0.00548237 0.00959934 0.00547201 0.99998442 0.00110526 -0.00960525 -0.00105267 0.99995331
0.99995666 -0.00474540 0.00800936 0.00473679 0.99998818 0.00109462 -0.00801446 -0.00105663 0.99996733
0.99997898 0.00003260 0.00648314 -0.00003230 1.00000000 -0.00004580 -0.00648314 0.00004559 0.99997898
0.99998009 -0.00369058 0.00511857 0.00367469 0.99998841 0.00311184 -0.00513000 -0.00309297 0.99998206
0.99997655 -0.00655305 0.00198974 0.00654326 0.99996664 0.00488981 -0.00202172 -0.00487667 0.99998607
0.99998150 -0.00589624 0.00149281 0.00589208 0.99997878 0.00277902 -0.00150917 -0.00277017 0.99999502
0.99999477 -0.00317389 0.00061896 0.00317199 0.99999029 0.00305752 -0.00062866 -0.00305554 0.99999513
0.99999695 -0.00231379 -0.00086246 0.00230977 0.99998657 -0.00463858 0.00087318 0.00463657 0.99998887
0.99999875 0.00039487 -0.00152922 -0.00039929 0.99999574 -0.00289024 0.00152807 0.00289085 0.99999465
0.99999798 -0.00154299 -0.00128808 0.00154413 0.99999842 0.00088107 0.00128672 -0.00088306 0.99999878
0.99999885 -0.00014931 -0.00150681 0.00015219 0.99999815 0.00191746 0.00150652 -0.00191768 0.99999703
0.99999720 -0.00169556 -0.00165311 0.00170143 0.99999224 0.00355198 0.00164707 -0.00355478 0.99999233
0.99999889 -0.00087878 -0.00120399 0.00087848 0.99999958 -0.00024428 0.00120421 0.00024322 0.99999925
0.99998923 -0.00271218 -0.00376510 0.00270794 0.99999569 -0.00113049 0.00376815 0.00112028 0.99999227
0.99999451 -0.00089227 -0.00319132 0.00088743 0.99999845 -0.00151751 0.00319267 0.00151467 0.99999376
0.99998807 -0.00159195 -0.00461784 0.00159890 0.99999759 0.00150208 0.00461544 -0.00150945 0.99998821
0.99998727 -0.00223011 -0.00452625 0.00223978 0.99999522 0.00213079 0.00452148 -0.00214090 0.99998749
0.99998934 -0.00041437 -0.00459861 0.00042727 0.99999597 0.00280600 0.00459743 -0.00280794 0.99998549
0.99999256 0.00130239 -0.00363089 -0.00129852 0.99999859 0.00106950 0.00363227 -0.00106478 0.99999284
0.99999592 -0.00060594 -0.00279220 0.00060968 0.99999892 0.00133701 0.00279138 -0.00133870 0.99999521
0.99999076 -0.00247763 -0.00351177 0.00248586 0.99999417 0.00233953 0.00350595 -0.00234823 0.99999110
0.99998997 -0.00236884 -0.00380074 0.00237502 0.99999587 0.00162013 0.00379689 -0.00162914 0.99999146
0.99999282 0.00166062 -0.00340600 -0.00165648 0.99999789 0.00121603 0.00340801 -0.00121038 0.99999346
0.99998888 0.00344425 -0.00322193 -0.00344922 0.99999287 -0.00154005 0.00321660 0.00155115 0.99999362
0.99999134 -0.00035497 -0.00414568 0.00033930 0.99999279 -0.00378126 0.00414699 0.00377982 0.99998426
0.99998425 -0.00147252 -0.00541581 0.00145593 0.99999424 -0.00306595 0.00542030 0.00305802 0.99998063
0.99997454 0.00067878 -0.00710398 -0.00068986 0.99999855 -0.00155789 0.00710292 0.00156275 0.99997355
0.99995504 0.00354347 -0.00879553 -0.00353456 0.99999322 0.00102868 0.00879912 -0.00099755 0.99996079
0.99994505 0.00095744 -0.01043955 -0.00093952 0.99999808 0.00172204 0.01044118 -0.00171214 0.99994402
0.99992844 -0.00045668 -0.01195420 0.00047354 0.99999890 0.00140763 0.01195354 -0.00141319 0.99992756
0.99992176 0.00103709 -0.01246572 -0.00101412 0.99999778 0.00184940 0.01246761 -0.00183662 0.99992059
0.99988680 0.00090917 -0.01501885 -0.00090103 0.99999944 0.00054901 0.01501934 -0.00053541 0.99988706
0.99984372 0.00101737 -0.01764931 -0.00100669 0.99999931 0.00061359 0.01764992 -0.00059573 0.99984405
0.99980392 0.00153607 -0.01974259 -0.00151754 0.99999839 0.00095365 0.01974403 -0.00092350 0.99980464
0.99975923 0.00369146 -0.02162987 -0.00369204 0.99999318 0.00001287 0.02162977 0.00006699 0.99976605
0.99975379 0.00624760 -0.02129131 -0.00626545 0.99998007 -0.00077208 0.02128606 0.00090529 0.99977302
0.99974933 0.00639085 -0.02145787 -0.00642104 0.99997849 -0.00133857 0.02144885 0.00147601 0.99976886
0.99981454 0.00675565 -0.01803443 -0.00677312 0.99997665 -0.00090801 0.01802788 0.00102999 0.99983695
0.99987287 0.00651485 -0.01455323 -0.00651197 0.99997877 0.00024557 0.01455453 -0.00015077 0.99989407
0.99992204 0.00871834 -0.00893935 -0.00870682 0.99996121 0.00132695 0.00895058 -0.00124901 0.99995916
0.99997463 0.00687254 -0.00187085 -0.00687059 0.99997585 0.00104757 0.00187800 -0.00103469 0.99999770
0.99995208 0.00708862 0.00675201 -0.00710589 0.99997153 0.00253731 -0.00673383 -0.00258517 0.99997399
0.99991294 0.00352762 0.01271517 -0.00356776 0.99998872 0.00313577 -0.01270397 -0.00318086 0.99991424
0.99990379 0.00043483 0.01386431 -0.00044694 0.99999952 0.00087037 -0.01386393 -0.00087649 0.99990351
0.99992463 -0.00202297 0.01210945 0.00200860 0.99999726 0.00119861 -0.01211184 -0.00117419 0.99992596
0.99991679 -0.00100305 0.01286141 0.00099293 0.99999919 0.00079335 -0.01286220 -0.00078052 0.99991697
0.99990201 0.00288482 0.01369854 -0.00287923 0.99999576 -0.00042762 -0.01369971 0.00038814 0.99990608
0.99985126 0.00458138 0.01662734 -0.00459869 0.99998892 0.00100263 -0.01662256 -0.00107894 0.99986125
0.99985586 -0.00080369 0.01695906 0.00080735 0.99999965 -0.00020887 -0.01695889 0.00022254 0.99985616
0.99986223 -0.00115091 0.01655860 0.00112841 0.99999843 0.00136781 -0.01656015 -0.00134894 0.99986196
0.99990689 -0.00260265 0.01339522 0.00256785 0.99999329 0.00261452 -0.01340193 -0.00257988 0.99990686
0.99988294 -0.00081587 0.01527865 0.00079320 0.99999858 0.00148994 -0.01527984 -0.00147765 0.99988216
0.99990030 0.00183252 0.01400113 -0.00184302 0.99999803 0.00073684 -0.01399975 -0.00076258 0.99990171
0.99991651 -0.00010622 0.01292105 0.00009961 0.99999986 0.00051269 -0.01292110 -0.00051136 0.99991639
0.99995584 -0.00185539 0.00921238 0.00186088 0.99999810 -0.00058676 -0.00921127 0.00060388 0.99995739
0.99993603 -0.00347929 0.01076228 0.00350619 0.99999078 -0.00248087 -0.01075355 0.00251844 0.99993901
0.99996388 -0.00067072 0.00847270 0.00067661 0.99999953 -0.00069195 -0.00847223 0.00069766 0.99996387
0.99999041 -0.00160830 0.00407295 0.00160441 0.99999825 0.00095884 -0.00407449 -0.00095230 0.99999125
0.99997787 -0.00524398 0.00409303 0.00524151 0.99998608 0.00061328 -0.00409619 -0.00059182 0.99999144
0.99999626 -0.00154337 0.00225744 0.00154101 0.99999827 0.00104450 -0.00225905 -0.00104102 0.99999691
0.99999931 -0.00112712 0.00031799 0.00112675 0.99999869 0.00116142 -0.00031930 -0.00116106 0.99999927
0.99999731 -0.00145384 0.00180845 0.00145410 0.99999893 -0.00014084 -0.00180824 0.00014347 0.99999835
0.99999236 0.00152482 0.00360036 -0.00152241 0.99999862 -0.00067122 -0.00360137 0.00066574 0.99999329
0.99999579 0.00035874 0.00288057 -0.00034940 0.99999468 -0.00324181 -0.00288171 0.00324079 0.99999060
0.99999572 -0.00015588 0.00292010 0.00016084 0.99999854 -0.00170048 -0.00291983 0.00170094 0.99999429
0.99998276 0.00105794 0.00577573 -0.00106132 0.99999927 0.00058299 -0.00577511 -0.00058911 0.99998315
0.99997493 -0.00460938 0.00537515 0.00460163 0.99998836 0.00145259 -0.00538179 -0.00142782 0.99998450
0.99997365 -0.00464405 0.00557952 0.00464348 0.99998921 0.00011604 -0.00558000 -0.00009013 0.99998443
0.99998220 -0.00283292 0.00525183 0.00283559 0.99999585 -0.00049962 -0.00525040 0.00051450 0.99998608
0.99998195 -0.00020144 0.00600546 0.00020890 0.99999921 -0.00124262 -0.00600521 0.00124385 0.99998119
0.99998637 -0.00042617 0.00520437 0.00043685 0.99999780 -0.00205275 -0.00520348 0.00205499 0.99998435
0.99998148 -0.00192833 0.00577204 0.00193324 0.99999778 -0.00084398 -0.00577040 0.00085512 0.99998299
0.99996918 -0.00580675 0.00528369 0.00580495 0.99998309 0.00035582 -0.00528566 -0.00032514 0.99998598
0.99998201 -0.00358020 0.00481223 0.00357860 0.99999354 0.00034091 -0.00481342 -0.00032368 0.99998836
0.99999273 0.00127053 0.00359502 -0.00127463 0.99999854 0.00113884 -0.00359357 -0.00114342 0.99999289
0.99999048 -0.00133099 0.00415584 0.00132211 0.99999684 0.00213899 -0.00415867 -0.00213347 0.99998908
0.99999514 -0.00104891 0.00293691 0.00103665 0.99999077 0.00417048 -0.00294126 -0.00416741 0.99998699
0.99998723 -0.00444465 0.00240387 0.00443611 0.99998387 0.00354595 -0.00241959 -0.00353524 0.99999082
