0.99999655 0.00074011 0.00251892 -0.00073750 0.99999919 -0.00103550 -0.00251968 0.00103364 0.99999629
0.99999926 0.00061686 0.00104720 -0.00061756 0.99999958 0.00067338 -0.00104679 -0.00067403 0.99999922
0.99999936 -0.00088473 0.00070432 0.00088456 0.99999958 0.00023955 -0.00070453 -0.00023893 0.99999972
0.99999931 -0.00058174 0.00102219 0.00058236 0.99999964 -0.00060903 -0.00102184 0.00060962 0.99999929
0.99999979 -0.00038623 0.00052555 0.00038618 0.99999992 0.00010990 -0.00052559 -0.00010970 0.99999986
0.99999950 0.00084950 0.00052931 -0.00084921 0.99999949 -0.00054451 -0.00052978 0.00054406 0.99999971
0.99999829 -0.00183119 0.00024570 0.00183116 0.99999831 0.00013697 -0.00024595 -0.00013652 0.99999996
0.99999641 0.00251184 0.00093144 -0.00251281 0.99999630 0.00103788 -0.00092883 -0.00104022 0.99999903
0.99999989 0.00008766 -0.00046582 -0.00008758 0.99999998 0.00016546 0.00046584 -0.00016542 0.99999988
0.99999466 -0.00176473 -0.00274960 0.00176502 0.99999844 0.00010504 0.00274941 -0.00010989 0.99999621
0.99999654 -0.00147208 -0.00217859 0.00147193 0.99999891 -0.00007015 0.00217869 0.00006694 0.99999762
0.99999725 -0.00018196 -0.00233799 0.00018070 0.99999984 -0.00054078 0.00233809 0.00054036 0.99999712
0.99999895 0.00139179 -0.00041457 -0.00139195 0.99999895 -0.00040265 0.00041401 0.00040323 0.99999983
0.99999828 -0.00102395 -0.00154947 0.00102443 0.99999943 0.00030982 0.00154915 -0.00031141 0.99999875
0.99999970 -0.00041768 -0.00065276 0.00041678 0.99999897 -0.00137529 0.00065333 0.00137502 0.99999884
0.99999965 -0.00039684 -0.00074296 0.00039702 0.99999989 0.00023727 0.00074287 -0.00023756 0.99999970
0.99999949 0.00052033 -0.00086688 -0.00052109 0.99999948 -0.00087998 0.00086642 0.00088043 0.99999924
0.99999992 0.00025663 -0.00029149 -0.00025683 0.99999972 -0.00070648 0.00029131 0.00070656 0.99999971
0.99999893 0.00080670 -0.00122100 -0.00080600 0.99999951 0.00057632 0.00122146 -0.00057534 0.99999909
0.99999816 0.00148951 -0.00121231 -0.00148969 0.99999888 -0.00015366 0.00121208 0.00015546 0.99999925
0.99999949 -0.00004170 -0.00101322 0.00004156 0.99999999 -0.00013725 0.00101323 0.00013721 0.99999948
0.99999900 0.00125013 -0.00066084 -0.00124981 0.99999911 0.00047509 0.00066144 -0.00047426 0.99999967
0.99999835 -0.00149689 -0.00102538 0.00149877 0.99999718 0.00183956 0.00102263 -0.00184109 0.99999778
0.99999676 0.00077993 0.00242284 -0.00077920 0.99999965 -0.00030230 -0.00242307 0.00030041 0.99999702
0.99999473 -0.00016549 0.00324344 0.00016903 0.99999939 -0.00108930 -0.00324326 0.00108984 0.99999415
0.99999975 -0.00021151 -0.00067041 0.00021088 0.99999954 -0.00093510 0.00067061 0.00093496 0.99999934
0.99999893 0.00114246 -0.00091741 -0.00114209 0.99999926 0.00040895 0.00091788 -0.00040790 0.99999950
0.99999982 -0.00060200 -0.00008015 0.00060212 0.99999857 0.00157893 0.00007920 -0.00157898 0.99999875
0.99999949 -0.00066384 -0.00076334 0.00066448 0.99999942 0.00084787 0.00076278 -0.00084838 0.99999935
0.99999958 -0.00069860 0.00059549 0.00069900 0.99999954 -0.00066405 -0.00059502 0.00066446 0.99999960
0.99999271 -0.00381905 -0.00005431 0.00381900 0.99999242 -0.00075578 0.00005719 0.00075556 0.99999971
0.99999731 0.00119546 0.00198722 -0.00119224 0.99999798 -0.00161809 -0.00198915 0.00161572 0.99999672
0.99999956 0.00070189 0.00061533 -0.00070267 0.99999893 0.00128172 -0.00061443 -0.00128215 0.99999899
0.99999945 -0.00050160 -0.00092248 0.00050217 0.99999968 0.00061776 0.00092217 -0.00061823 0.99999938
0.99999754 -0.00081549 0.00206190 0.00081340 0.99999916 0.00101107 -0.00206272 -0.00100939 0.99999736
0.99999961 0.00082610 -0.00032512 -0.00082609 0.99999966 0.00003383 0.00032515 -0.00003356 0.99999995
0.99999227 0.00353272 0.00172474 -0.00353469 0.99999311 0.00113612 -0.00172072 -0.00114221 0.99999787
0.99999968 -0.00055758 0.00056779 0.00055577 0.99999482 0.00316881 -0.00056955 -0.00316849 0.99999482
0.99999987 0.00049656 -0.00013825 -0.00049619 0.99999635 0.00265741 0.00013957 -0.00265734 0.99999646
0.99999960 0.00084269 0.00028637 -0.00084374 0.99999291 0.00367082 -0.00028328 -0.00367106 0.99999322
0.99999898 -0.00042088 0.00136488 0.00041868 0.99999862 0.00161017 -0.00136556 -0.00160959 0.99999777
0.99998265 -0.00069999 0.00584934 0.00071142 0.99999784 -0.00195070 -0.00584796 0.00195483 0.99998099
0.99999848 0.00120863 0.00125459 -0.00120626 0.99999749 -0.00188891 -0.00125687 0.00188739 0.99999743
0.99999933 0.00083602 0.00080216 -0.00083564 0.99999954 -0.00046876 -0.00080255 0.00046809 0.99999957
0.99999565 -0.00284504 -0.00078443 0.00284511 0.99999595 0.00008782 0.00078418 -0.00009005 0.99999969
0.99999847 -0.00075115 -0.00157998 0.00074962 0.99999925 -0.00096790 0.00158071 0.00096671 0.99999828
0.99999652 -0.00060091 -0.00256958 0.00060475 0.99999870 0.00149157 0.00256868 -0.00149312 0.99999559
0.99999978 -0.00022215 -0.00062764 0.00022298 0.99999911 0.00131645 0.00062735 -0.00131659 0.99999894
0.99999825 -0.00066997 -0.00174799 0.00066994 0.99999978 -0.00001706 0.00174800 0.00001589 0.99999847
0.99999951 0.00063554 -0.00075685 -0.00063573 0.99999977 -0.00025603 0.00075668 0.00025651 0.99999968
0.99999876 -0.00004968 -0.00157393 0.00004959 1.00000000 -0.00006116 0.00157393 0.00006108 0.99999876
0.99999810 -0.00194484 0.00013919 0.00194498 0.99999763 -0.00097491 -0.00013730 0.00097518 0.99999952
0.99999608 -0.00168494 -0.00223443 0.00168279 0.99999812 -0.00096374 0.00223605 0.00095998 0.99999704
0.99999305 -0.00273447 -0.00253233 0.00273873 0.99999484 0.00167839 0.00252773 -0.00168532 0.99999539
0.99999911 -0.00088689 -0.00099865 0.00088890 0.99999757 0.00201732 0.00099686 -0.00201820 0.99999747
0.99999869 -0.00117808 -0.00111238 0.00117633 0.99999808 -0.00156887 0.00111422 0.00156756 0.99999815
0.99999846 0.00174668 -0.00015804 -0.00174689 0.99999758 -0.00134079 0.00015570 0.00134106 0.99999909
0.99999636 0.00269651 0.00012301 -0.00269653 0.99999635 0.00016651 -0.00012256 -0.00016685 0.99999998
0.99999216 0.00023514 -0.00395376 -0.00023202 0.99999966 0.00078949 0.00395394 -0.00078857 0.99999187
0.99999909 0.00133250 0.00021633 -0.00133249 0.99999911 -0.00006445 -0.00021641 0.00006416 0.99999997
0.99999931 0.00066416 -0.00097211 -0.00066361 0.99999962 0.00056529 0.00097248 -0.00056465 0.99999937
0.99998899 0.00071854 0.00463721 -0.00071824 0.99999974 -0.00006674 -0.00463725 0.00006341 0.99998925
0.99999566 -0.00161255 0.00246520 0.00161762 0.99999658 -0.00205666 -0.00246187 0.00206064 0.99999485
0.99999139 -0.00265026 0.00319280 0.00266720 0.99998233 -0.00531265 -0.00317866 0.00532112 0.99998079
0.99999623 0.00140467 0.00236111 -0.00140328 0.99999884 -0.00059079 -0.00236194 0.00058748 0.99999704
0.99999577 -0.00027794 0.00289667 0.00026873 0.99999491 0.00317853 -0.00289754 -0.00317774 0.99999075
0.99999483 0.00062472 0.00315585 -0.00062887 0.99999894 0.00131469 -0.00315503 -0.00131667 0.99999416
0.99997390 0.00191263 0.00696718 -0.00189472 0.99999489 -0.00257606 -0.00697207 0.00256280 0.99997241
0.99999260 -0.00117142 0.00366435 0.00118174 0.99999534 -0.00281494 -0.00366104 0.00281925 0.99998932
0.99999411 -0.00125835 0.00319330 0.00126894 0.99999370 -0.00331616 -0.00318911 0.00332020 0.99998940
0.99999160 -0.00073748 0.00403271 0.00074366 0.99999855 -0.00153109 -0.00403157 0.00153408 0.99999070
0.99999374 -0.00016323 0.00353585 0.00015821 0.99999898 0.00142062 -0.00353608 -0.00142005 0.99999274
0.99999767 -0.00053352 0.00209281 0.00053260 0.99999976 0.00043777 -0.00209305 -0.00043666 0.99999771
0.99998955 -0.00000529 0.00457093 0.00001815 0.99999604 -0.00281307 -0.00457090 0.00281313 0.99998560
0.99999583 -0.00028514 0.00287508 0.00029250 0.99999668 -0.00256011 -0.00287434 0.00256094 0.99999259
0.99999488 -0.00028843 0.00318570 0.00028989 0.99999985 -0.00045500 -0.00318557 0.00045592 0.99999482
0.99999917 -0.00081394 0.00100092 0.00081327 0.99999944 0.00067068 -0.00100146 -0.00066987 0.99999927
0.99999799 0.00010407 0.00200152 -0.00010410 0.99999999 0.00001745 -0.00200152 -0.00001765 0.99999800
0.99999904 -0.00108287 0.00086350 0.00108104 0.99999718 0.00211554 -0.00086579 -0.00211461 0.99999739
0.99999363 -0.00272191 0.00230818 0.00271901 0.99999551 0.00125745 -0.00231159 -0.00125117 0.99999655
0.99999597 -0.00113764 0.00260147 0.00114352 0.99999679 -0.00226071 -0.00259889 0.00226368 0.99999406
0.99999682 -0.00130164 0.00215971 0.00130927 0.99999289 -0.00353573 -0.00215509 0.00353855 0.99999142
0.99999755 0.00045469 0.00216845 -0.00044806 0.99999523 -0.00305508 -0.00216983 0.00305410 0.99999298
0.99999185 0.00091972 0.00393020 -0.00091525 0.99999893 -0.00114128 -0.00393125 0.00113767 0.99999163
0.99999997 0.00017192 -0.00015828 -0.00017185 0.99999990 0.00041310 0.00015835 -0.00041308 0.99999990
0.99999815 -0.00057087 -0.00183446 0.00057293 0.99999920 0.00112445 0.00183382 -0.00112550 0.99999769
0.99999568 -0.00091802 -0.00279267 0.00092254 0.99999827 0.00161824 0.00279118 -0.00162080 0.99999479
0.99999571 -0.00065692 -0.00285493 0.00066057 0.99999896 0.00128004 0.00285408 -0.00128192 0.99999511
0.99999696 -0.00003300 -0.00246590 0.00003341 0.99999999 0.00016698 0.00246589 -0.00016706 0.99999695
0.99999591 0.00139566 -0.00249584 -0.00139613 0.99999901 -0.00018742 0.00249558 0.00019090 0.99999687
0.99999697 0.00143847 -0.00199865 -0.00143912 0.99999891 -0.00032235 0.00199818 0.00032522 0.99999795
0.99999165 0.00133311 -0.00386327 -0.00133121 0.99999899 0.00049529 0.00386392 -0.00049014 0.99999241
0.99999338 0.00039042 -0.00361711 -0.00038656 0.99999936 0.00106608 0.00361753 -0.00106467 0.99999289
0.99999235 -0.00017071 -0.00390806 0.00017381 0.99999967 0.00079123 0.00390792 -0.00079191 0.99999205
0.99999295 0.00139272 -0.00348590 -0.00139410 0.99999895 -0.00039410 0.00348535 0.00039896 0.99999385
0.99998388 0.00009859 -0.00567786 -0.00009776 0.99999998 0.00014654 0.00567787 -0.00014598 0.99998387
0.99998768 0.00069673 -0.00491429 -0.00069679 0.99999976 -0.00001126 0.00491428 0.00001468 0.99998792
0.99998918 0.00096650 -0.00454962 -0.00096848 0.99999944 -0.00043349 0.00454920 0.00043789 0.99998956
0.99998831 0.00084328 -0.00476116 -0.00084718 0.99999931 -0.00081588 0.00476047 0.00081990 0.99998833
0.99999539 0.00195715 -0.00232044 -0.00195712 0.99999808 0.00001415 0.00232046 -0.00000961 0.99999731
0.99999527 0.00203681 -0.00230543 -0.00203685 0.99999793 -0.00001549 0.00230539 0.00002018 0.99999734
0.99999857 0.00165173 -0.00035297 -0.00165204 0.99999825 -0.00088209 0.00035152 0.00088267 0.99999955
0.99999701 0.00185859 -0.00159156 -0.00185850 0.99999827 0.00006214 0.00159167 -0.00005918 0.99999873
0.99999818 0.00175116 -0.00075617 -0.00175052 0.99999811 0.00084181 0.00075764 -0.00084049 0.99999936
0.99999895 -0.00053332 -0.00134535 0.00053451 0.99999947 0.00088346 0.00134487 -0.00088418 0.99999870
0.99999256 0.00385768 -0.00008822 -0.00385756 0.99999175 0.00127119 0.00009312 -0.00127084 0.99999919
0.99999951 0.00099254 0.00003157 -0.00099264 0.99999352 0.00345940 -0.00002813 -0.00345943 0.99999402
0.99999900 -0.00107541 -0.00091742 0.00107534 0.99999942 -0.00006754 0.00091749 0.00006656 0.99999958
0.99999886 0.00149328 0.00023288 -0.00149293 0.99999779 -0.00148161 -0.00023509 0.00148126 0.99999888
0.99999616 -0.00264886 -0.00081700 0.00264952 0.99999617 0.00079838 0.00081488 -0.00080055 0.99999935
0.99999440 -0.00286694 -0.00172481 0.00286920 0.99999503 0.00131018 0.00172104 -0.00131512 0.99999765
0.99999401 -0.00345881 0.00011245 0.00345860 0.99999234 0.00183137 -0.00011878 -0.00183097 0.99999832
0.99999838 -0.00150766 -0.00098115 0.00150821 0.99999871 0.00055975 0.00098031 -0.00056123 0.99999936
0.99999081 -0.00428274 -0.00018132 0.00428243 0.99998941 -0.00168360 0.00018852 0.00168281 0.99999857
0.99999736 -0.00207150 -0.00099224 0.00207004 0.99999677 -0.00147486 0.00099530 0.00147280 0.99999842
0.99999925 -0.00118700 0.00030193 0.00118694 0.99999928 0.00018076 -0.00030214 -0.00018040 0.99999994
0.99999957 -0.00052123 0.00076509 0.00052079 0.99999970 0.00058187 -0.00076539 -0.00058147 0.99999954
0.99999956 -0.00075871 -0.00054775 0.00076004 0.99999677 0.00242499 0.00054591 -0.00242541 0.99999691
0.99999642 0.00263580 0.00046855 -0.00263667 0.99999481 0.00184924 -0.00046368 -0.00185047 0.99999818
0.99999595 -0.00023769 0.00283534 0.00024106 0.99999926 -0.00118962 -0.00283506 0.00119030 0.99999527
0.99999682 0.00224580 0.00114477 -0.00224373 0.99999585 -0.00180692 -0.00114882 0.00180435 0.99999771
0.99999982 -0.00048233 0.00037013 0.00048323 0.99999694 -0.00242497 -0.00036896 0.00242515 0.99999699
0.99999899 -0.00113764 0.00084670 0.00114077 0.99999250 -0.00370098 -0.00084248 0.00370194 0.99999279
0.99999931 0.00102177 0.00057328 -0.00101985 0.99999390 -0.00334113 -0.00057669 0.00334054 0.99999425
0.99999850 -0.00078547 -0.00154096 0.00078475 0.99999958 -0.00046909 0.00154133 0.00046788 0.99999870
0.99999988 0.00014691 -0.00046372 -0.00014690 0.99999999 0.00002112 0.00046372 -0.00002105 0.99999989
0.99999456 0.00240570 0.00225770 -0.00240520 0.99999708 -0.00022267 -0.00225823 0.00021724 0.99999743
0.99999936 0.00093372 0.00063194 -0.00093432 0.99999911 0.00094933 -0.00063105 -0.00094992 0.99999935
0.99999997 0.00022640 -0.00000190 -0.00022640 0.99999988 0.00044574 0.00000200 -0.00044574 0.99999990
0.99999869 -0.00010649 0.00161628 0.00010604 0.99999996 0.00027541 -0.00161631 -0.00027524 0.99999866
0.99999966 0.00056431 -0.00059994 -0.00056411 0.99999979 0.00033320 0.00060013 -0.00033286 0.99999976
0.99999964 -0.00076359 -0.00036811 0.00076392 0.99999932 0.00088381 0.00036744 -0.00088410 0.99999954
0.99999814 0.00158983 -0.00109342 -0.00158938 0.99999865 0.00041594 0.00109408 -0.00041420 0.99999932
0.99999851 -0.00014190 -0.00172084 0.00014111 0.99999988 -0.00046177 0.00172091 0.00046152 0.99999841
0.99999811 0.00084762 -0.00174876 -0.00084956 0.99999903 -0.00110332 0.00174782 0.00110480 0.99999786
0.99999946 0.00103978 -0.00006508 -0.00103977 0.99999942 0.00026710 0.00006536 -0.00026703 0.99999996
0.99999598 0.00001449 -0.00283624 -0.00001633 0.99999979 -0.00064752 0.00283623 0.00064756 0.99999577
0.99999650 -0.00000524 -0.00264415 0.00000445 0.99999996 -0.00029996 0.00264415 0.00029994 0.99999646
0.99999970 0.00063702 -0.00044144 -0.00063690 0.99999976 0.00026525 0.00044161 -0.00026497 0.99999987
0.99999955 0.00052953 -0.00078336 -0.00052901 0.99999965 0.00065553 0.00078371 -0.00065511 0.99999948
0.99999559 -0.00106048 -0.00277448 0.00105799 0.99999904 -0.00089759 0.00277543 0.00089466 0.99999575
0.99999922 0.00113020 -0.00053744 -0.00113010 0.99999934 0.00018788 0.00053765 -0.00018727 0.99999984
0.99999873 0.00108881 0.00116320 -0.00108911 0.99999937 0.00026253 -0.00116291 -0.00026379 0.99999929
0.99999951 -0.00066409 -0.00073750 0.00066377 0.99999968 -0.00043685 0.00073779 0.00043636 0.99999963
0.99999899 0.00114971 0.00083293 -0.00114949 0.99999930 -0.00026630 -0.00083324 0.00026534 0.99999962
0.99999856 -0.00127804 -0.00111841 0.00127963 0.99999816 0.00142629 0.00111658 -0.00142772 0.99999836
0.99999985 -0.00048846 -0.00024438 0.00048814 0.99999903 -0.00130468 0.00024501 0.00130456 0.99999912
0.99999908 -0.00100995 -0.00090906 0.00100840 0.99999805 -0.00169856 0.00091077 0.00169765 0.99999814
0.99999465 -0.00256268 0.00203101 0.00256443 0.99999634 -0.00085821 -0.00202880 0.00086342 0.99999757
0.99999843 -0.00001184 -0.00177330 0.00001897 0.99999190 0.00402574 0.00177324 -0.00402577 0.99999032
0.99999972 -0.00070460 -0.00024214 0.00070561 0.99999102 0.00417811 0.00023920 -0.00417828 0.99999124
0.99999933 0.00114812 0.00011216 -0.00114803 0.99999902 -0.00079995 -0.00011308 0.00079982 0.99999967
0.99999693 0.00209603 0.00132451 -0.00209126 0.99999134 -0.00359896 -0.00133204 0.00359618 0.99999265
0.99999948 0.00101453 0.00014200 -0.00101427 0.99999793 -0.00176259 -0.00014379 0.00176244 0.99999844
0.99999746 0.00006633 -0.00225463 -0.00006651 0.99999999 -0.00007905 0.00225462 0.00007920 0.99999746
0.99999852 0.00005388 0.00171852 -0.00005666 0.99999869 0.00161680 -0.00171843 -0.00161689 0.99999722
0.99999849 -0.00155839 -0.00076749 0.00155965 0.99999743 0.00164557 0.00076492 -0.00164676 0.99999835
0.99999953 0.00021747 -0.00094381 -0.00021721 0.99999994 0.00026879 0.00094387 -0.00026858 0.99999952
0.99999966 -0.00073412 0.00038420 0.00073431 0.99999961 -0.00049309 -0.00038384 0.00049337 0.99999980
0.99999873 -0.00116706 0.00108931 0.00116912 0.99999753 -0.00188866 -0.00108710 0.00188993 0.99999762
0.99999563 0.00030699 0.00294011 -0.00030277 0.99999892 -0.00143738 -0.00294054 0.00143648 0.99999464
0.99999854 -0.00071269 0.00155498 0.00071374 0.99999952 -0.00067779 -0.00155450 0.00067890 0.99999856
0.99999837 -0.00124436 0.00131035 0.00124423 0.99999922 0.00009947 -0.00131047 -0.00009784 0.99999914
0.99999586 -0.00112644 0.00264815 0.00112001 0.99999643 0.00242629 -0.00265087 -0.00242331 0.99999355
0.99999861 0.00121079 0.00114748 -0.00121127 0.99999918 0.00042123 -0.00114697 -0.00042262 0.99999925
0.99999885 -0.00032039 0.00148238 0.00032056 0.99999994 -0.00011281 -0.00148234 0.00011329 0.99999889
0.99999967 0.00002534 0.00080992 -0.00002555 0.99999997 0.00025158 -0.00080992 -0.00025160 0.99999964
0.99999690 0.00105741 0.00225523 -0.00105829 0.99999936 0.00038775 -0.00225482 -0.00039013 0.99999738
0.99999987 -0.00047818 0.00016761 0.00047819 0.99999988 -0.00004494 -0.00016759 0.00004502 0.99999998
0.99999933 0.00076167 0.00087396 -0.00076127 0.99999961 -0.00045140 -0.00087430 0.00045074 0.99999952
0.99999914 -0.00130826 -0.00000810 0.00130827 0.99999907 0.00038052 0.00000760 -0.00038053 0.99999993
0.99999674 -0.00006949 0.00255328 0.00006449 0.99999809 0.00195474 -0.00255341 -0.00195457 0.99999483
0.99999880 -0.00112022 -0.00106709 0.00112142 0.99999874 0.00112440 0.00106582 -0.00112560 0.99999880
0.99999984 -0.00018874 -0.00053489 0.00018905 0.99999982 0.00056635 0.00053479 -0.00056645 0.99999970
0.99999915 0.00017518 -0.00129023 -0.00017625 0.99999964 -0.00082827 0.00129008 0.00082849 0.99999882
0.99999970 0.00063304 0.00045237 -0.00063310 0.99999979 0.00012511 -0.00045229 -0.00012539 0.99999989
0.99999974 0.00024849 -0.00067327 -0.00024931 0.99999923 -0.00121525 0.00067297 0.00121542 0.99999903
0.99999990 0.00044878 0.00005629 -0.00044879 0.99999990 0.00007727 -0.00005626 -0.00007729 1.00000000
0.99999861 -0.00080184 -0.00146379 0.00080235 0.99999962 0.00034574 0.00146351 -0.00034691 0.99999887
0.99999583 -0.00152026 -0.00245402 0.00152500 0.99999697 0.00193310 0.00245107 -0.00193684 0.99999512
0.99999833 0.00081125 -0.00164063 -0.00080889 0.99999863 0.00144288 0.00164180 -0.00144155 0.99999761
0.99999300 0.00037669 -0.00372177 -0.00037583 0.99999990 0.00023206 0.00372186 -0.00023066 0.99999305
0.99999384 0.00009632 -0.00350887 -0.00010049 0.99999929 -0.00118798 0.00350876 0.00118832 0.99999314
0.99999609 0.00065069 -0.00271920 -0.00065059 0.99999979 0.00003784 0.00271923 -0.00003607 0.99999630
0.99999056 0.00051101 -0.00431560 -0.00050671 0.99999937 0.00099795 0.00431611 -0.00099576 0.99999019
0.99998555 0.00065574 -0.00533608 -0.00065329 0.99999968 0.00046222 0.00533638 -0.00045873 0.99998566
0.99998559 0.00300961 0.00444528 -0.00301099 0.99999542 0.00030264 -0.00444435 -0.00031602 0.99999007
0.99997918 -0.00084158 -0.00639794 0.00083762 0.99999946 -0.00062208 0.00639846 0.00061671 0.99997934
0.99999124 0.00111994 -0.00403207 -0.00112085 0.99999935 -0.00022126 0.00403182 0.00022578 0.99999185
0.99999993 0.00035378 -0.00012293 -0.00035380 0.99999993 -0.00012856 0.00012289 0.00012860 0.99999998
0.99999380 0.00148065 -0.00319451 -0.00148136 0.99999888 -0.00021946 0.00319418 0.00022419 0.99999487
0.99999972 0.00035936 -0.00065229 -0.00035891 0.99999970 0.00068305 0.00065253 -0.00068282 0.99999955
0.99999994 -0.00013541 0.00033128 0.00013513 0.99999964 0.00084345 -0.00033140 -0.00084341 0.99999959
0.99999993 0.00021446 -0.00029410 -0.00021414 0.99999937 0.00110377 0.00029433 -0.00110370 0.99999935
0.99999668 -0.00091850 0.00240658 0.00091786 0.99999954 0.00026616 -0.00240682 -0.00026395 0.99999707
0.99999862 0.00066808 0.00152087 -0.00066669 0.99999936 -0.00091603 -0.00152148 0.00091502 0.99999842
0.99999960 0.00021166 0.00086458 -0.00020990 0.99999791 -0.00203501 -0.00086500 0.00203483 0.99999756
0.99999960 0.00053892 0.00071585 -0.00053795 0.99999894 -0.00135558 -0.00071658 0.00135519 0.99999882
0.99999743 -0.00013861 0.00226463 0.00013954 0.99999991 -0.00041031 -0.00226458 0.00041062 0.99999735
0.99999262 -0.00235976 0.00303043 0.00235823 0.99999709 0.00050651 -0.00303161 -0.00049936 0.99999528
0.99999995 -0.00008455 -0.00029057 0.00008431 0.99999967 -0.00081340 0.00029064 0.00081338 0.99999963
0.99999858 -0.00036470 0.00164728 0.00036585 0.99999969 -0.00069436 -0.00164703 0.00069496 0.99999840
0.99999709 -0.00049306 0.00236183 0.00049325 0.99999988 -0.00007970 -0.00236179 0.00008087 0.99999721
0.99999395 0.00047884 0.00344660 -0.00048029 0.99999980 0.00042022 -0.00344640 -0.00042188 0.99999397
0.99999830 -0.00089900 0.00160817 0.00089854 0.99999955 0.00029142 -0.00160843 -0.00028998 0.99999866
0.99999326 -0.00207018 0.00303290 0.00206881 0.99999776 0.00045449 -0.00303383 -0.00044822 0.99999530
0.99999557 -0.00026968 0.00296585 0.00026915 0.99999995 0.00018029 -0.00296590 -0.00017949 0.99999559
0.99999478 -0.00012236 0.00322812 0.00012354 0.99999993 -0.00036464 -0.00322807 0.00036503 0.99999472
0.99999468 -0.00037099 0.00324047 0.00037245 0.99999983 -0.00044937 -0.00324030 0.00045058 0.99999465
0.99999114 0.00126986 0.00401221 -0.00126556 0.99999862 -0.00107224 -0.00401357 0.00106716 0.99999138
0.99999558 -0.00022819 0.00296401 0.00023078 0.99999959 -0.00087304 -0.00296381 0.00087372 0.99999523
0.99999518 -0.00009273 0.00310213 0.00009014 0.99999965 0.00083380 -0.00310220 -0.00083351 0.99999484
0.99999735 0.00117037 0.00198331 -0.00117144 0.99999917 0.00053661 -0.00198268 -0.00053893 0.99999789
0.99999731 0.00059376 0.00224023 -0.00059432 0.99999979 0.00024819 -0.00224009 -0.00024952 0.99999746
0.99999415 -0.00125869 0.00318198 0.00127053 0.99999227 -0.00372111 -0.00317728 0.00372513 0.99998801
0.99999207 0.00004775 0.00398140 -0.00004073 0.99999845 -0.00176255 -0.00398148 0.00176238 0.99999052
0.99999924 -0.00054350 0.00110565 0.00054434 0.99999956 -0.00076762 -0.00110524 0.00076822 0.99999909
0.99999961 0.00084966 0.00024765 -0.00084963 0.99999963 -0.00010276 -0.00024774 0.00010255 0.99999996
0.99999804 -0.00197710 -0.00011120 0.00197702 0.99999779 -0.00071157 0.00011261 0.00071134 0.99999974
0.99999937 0.00095708 0.00058609 -0.00095692 0.99999950 -0.00027585 -0.00058636 0.00027528 0.99999979
0.99996459 0.00802539 0.00253256 -0.00802429 0.99996771 -0.00044487 -0.00253605 0.00042453 0.99999669
0.99999894 0.00067803 0.00128775 -0.00067638 0.99999894 -0.00128730 -0.00128863 0.00128643 0.99999834
0.99998757 -0.00498469 0.00007097 0.00498484 0.99998488 -0.00232303 -0.00005939 0.00232336 0.99999730
0.99999452 -0.00330790 0.00014450 0.00330807 0.99999385 -0.00116357 -0.00014065 0.00116404 0.99999931
0.99999624 0.00270798 0.00043353 -0.00270965 0.99998876 0.00389127 -0.00042299 -0.00389243 0.99999234
0.99998251 0.00579098 0.00120586 -0.00579899 0.99996042 0.00674819 -0.00116674 -0.00675506 0.99997650
0.99999919 0.00013927 0.00126458 -0.00014371 0.99999383 0.00350954 -0.00126409 -0.00350972 0.99999304
0.99999837 -0.00131654 0.00123186 0.00131876 0.99999750 -0.00180570 -0.00122948 0.00180732 0.99999761
0.99998702 0.00257941 0.00439366 -0.00255520 0.99998158 -0.00550589 -0.00440778 0.00549459 0.99997519
0.99999028 0.00062980 0.00436349 -0.00061258 0.99999203 -0.00394553 -0.00436594 0.00394282 0.99998270
0.99999455 0.00192492 0.00268228 -0.00192432 0.99999812 -0.00022835 -0.00268272 0.00022319 0.99999638
0.99999113 -0.00057724 0.00417263 0.00056811 0.99999744 0.00218836 -0.00417388 -0.00218597 0.99998890
0.99999373 -0.00309991 0.00171426 0.00309466 0.99999054 0.00305686 -0.00172372 -0.00305153 0.99999386
0.99999053 0.00143432 0.00410765 -0.00144108 0.99999761 0.00164391 -0.00410529 -0.00164981 0.99999021
0.99999645 -0.00007647 0.00266438 0.00007530 0.99999990 0.00043970 -0.00266441 -0.00043950 0.99999635
0.99998141 0.00528290 0.00304574 -0.00527804 0.99998479 -0.00160257 -0.00305416 0.00158646 0.99999408
0.99999920 0.00068914 0.00105824 -0.00068630 0.99999616 -0.00268491 -0.00106009 0.00268418 0.99999584
0.99999822 -0.00025392 0.00187059 0.00025460 0.99999990 -0.00036072 -0.00187049 0.00036119 0.99999819
0.99999260 0.00169577 0.00345199 -0.00170256 0.99999662 0.00196668 -0.00344865 -0.00197255 0.99999211
0.99997994 0.00342978 0.00532434 -0.00343702 0.99999318 0.00134996 -0.00531968 -0.00136823 0.99998491
0.99998935 0.00221399 0.00405009 -0.00221256 0.99999749 -0.00035777 -0.00405087 0.00034880 0.99999173
0.99999510 0.00034653 0.00311059 -0.00034330 0.99999940 -0.00104148 -0.00311095 0.00104040 0.99999462
0.99999336 -0.00146271 0.00333655 0.00146247 0.99999893 0.00007367 -0.00333666 -0.00006879 0.99999443
0.99999522 -0.00304718 0.00051447 0.00304704 0.99999532 0.00028172 -0.00051532 -0.00028015 0.99999983
0.99999517 -0.00310644 -0.00007643 0.00310645 0.99999515 0.00023261 0.00007570 -0.00023285 0.99999997
0.99999994 -0.00030185 -0.00014611 0.00030186 0.99999995 0.00006715 0.00014609 -0.00006720 0.99999999
0.99999961 0.00078285 0.00039917 -0.00078276 0.99999967 -0.00021580 -0.00039934 0.00021548 0.99999990
0.99999900 -0.00126337 -0.00063140 0.00126416 0.99999841 0.00125505 0.00062981 -0.00125585 0.99999901
0.99999639 0.00241775 0.00117082 -0.00241847 0.99999689 0.00060836 -0.00116935 -0.00061119 0.99999913
0.99998159 -0.00092211 -0.00599756 0.00091824 0.99999937 -0.00064805 0.00599815 0.00064253 0.99998180
0.99999994 0.00011573 -0.00033218 -0.00011615 0.99999922 -0.00124575 0.00033204 0.00124578 0.99999917
0.99999887 0.00128810 -0.00077590 -0.00128880 0.99999877 -0.00089678 0.00077475 0.00089778 0.99999930
0.99999942 0.00076484 -0.00075543 -0.00076508 0.99999966 -0.00031455 0.00075518 0.00031513 0.99999967
0.99999854 0.00140971 -0.00096928 -0.00140993 0.99999898 -0.00022310 0.00096896 0.00022446 0.99999951
0.99999628 -0.00006598 -0.00272745 0.00006830 0.99999963 0.00085301 0.00272740 -0.00085319 0.99999592
0.99999119 -0.00179381 -0.00379546 0.00180127 0.99999645 0.00196429 0.00379192 -0.00197111 0.99999087
0.99999585 -0.00207228 -0.00200199 0.00207504 0.99999690 0.00137457 0.00199913 -0.00137872 0.99999705
0.99999224 -0.00142615 -0.00367158 0.00143441 0.99999644 0.00224800 0.00366836 -0.00225325 0.99999073
0.99999034 -0.00021188 -0.00439066 0.00021557 0.99999963 0.00083795 0.00439048 -0.00083889 0.99999001
0.99998354 -0.00061827 -0.00570342 0.00062397 0.99999931 0.00099800 0.00570280 -0.00100154 0.99998324
0.99999534 -0.00044557 -0.00302119 0.00044824 0.99999951 0.00088387 0.00302079 -0.00088522 0.99999505
0.99996747 -0.00405944 -0.00696990 0.00405948 0.99999176 -0.00000913 0.00696988 -0.00001916 0.99997571
0.99998935 -0.00048212 -0.00458901 0.00047966 0.99999974 -0.00053507 0.00458926 0.00053286 0.99998933
0.99999118 0.00013159 -0.00419741 -0.00013221 0.99999998 -0.00014959 0.00419739 0.00015014 0.99999118
0.99999729 0.00059653 -0.00224828 -0.00059499 0.99999959 0.00068629 0.00224869 -0.00068495 0.99999724
0.99999411 -0.00007616 -0.00343263 0.00007709 0.99999996 0.00027072 0.00343261 -0.00027098 0.99999407
0.99999332 -0.00099804 -0.00351527 0.00099655 0.99999941 -0.00042397 0.00351569 0.00042046 0.99999373
0.99998626 0.00187571 -0.00489494 -0.00188299 0.99999712 -0.00148470 0.00489214 0.00149390 0.99998692
0.99997640 0.00136743 -0.00673250 -0.00138133 0.99999692 -0.00206004 0.00672966 0.00206929 0.99997521
0.99996600 -0.00013600 -0.00824458 0.00012386 0.99999891 -0.00147377 0.00824477 0.00147270 0.99996493
0.99992865 -0.00034378 -0.01194089 0.00032994 0.99999927 -0.00116089 0.01194128 0.00115687 0.99992803
0.99992301 0.00034503 -0.01240376 -0.00035462 0.99999964 -0.00077109 0.01240348 0.00077543 0.99992277
0.99983471 0.00143380 -0.01812428 -0.00141936 0.99999867 0.00080951 0.01812541 -0.00078365 0.99983541
0.99973656 0.00121429 -0.02292006 -0.00117823 0.99999805 0.00158682 0.02292194 -0.00155940 0.99973604
0.99977937 0.00222327 -0.02088721 -0.00221399 0.99999744 0.00046735 0.02088819 -0.00042101 0.99978173
0.99962111 0.00217305 -0.02743944 -0.00216634 0.99999762 0.00027408 0.02743997 -0.00021454 0.99962343
0.99959897 0.00058413 -0.02831194 -0.00058959 0.99999981 -0.00018423 0.02831182 0.00020085 0.99959912
0.99965275 0.00108546 -0.02632870 -0.00107455 0.99999933 0.00042864 0.02632915 -0.00040020 0.99965325
0.99947809 0.00017783 -0.03230341 -0.00015232 0.99999967 0.00079204 0.03230354 -0.00078671 0.99947779
0.99937672 0.00035569 -0.03529941 -0.00030197 0.99999879 0.00152719 0.03529991 -0.00151558 0.99937561
0.99925901 0.00122730 -0.03846980 -0.00114154 0.99999681 0.00225107 0.03847244 -0.00220549 0.99925723
0.99911428 0.00104552 -0.04206617 -0.00096521 0.99999767 0.00192944 0.04206809 -0.00188713 0.99911296
0.99908796 -0.00037367 -0.04269791 0.00043321 0.99999895 0.00138523 0.04269734 -0.00140246 0.99908707
0.99899210 -0.00072757 -0.04488045 0.00079155 0.99999870 0.00140779 0.04487937 -0.00144190 0.99899137
0.99894784 -0.00106500 -0.04584845 0.00112912 0.99999842 0.00137252 0.04584692 -0.00142284 0.99894746
0.99893621 -0.00086139 -0.04610529 0.00090557 0.99999915 0.00093744 0.04610445 -0.00097819 0.99893615
0.99882996 -0.00049859 -0.04835773 0.00060736 0.99999732 0.00223457 0.04835649 -0.00226132 0.99882758
0.99869203 -0.00119290 -0.05111561 0.00135485 0.99999417 0.00313378 0.05111157 -0.00319894 0.99868783
0.99864843 0.00255179 -0.05191149 -0.00256618 0.99999669 -0.00021070 0.05191078 0.00034363 0.99865167
0.99850975 -0.00197311 -0.05453800 0.00206629 0.99999650 0.00165209 0.05453455 -0.00176232 0.99851033
0.99838110 -0.00389019 -0.05674536 0.00399120 0.99999065 0.00166684 0.05673834 -0.00189063 0.99838729
0.99819476 -0.00635423 -0.05972314 0.00660039 0.99997051 0.00392538 0.05969643 -0.00431249 0.99820726
0.99813590 -0.00383078 -0.06091025 0.00401915 0.99998751 0.00297040 0.06089811 -0.00320967 0.99813883
0.99789791 0.00105980 -0.06479688 -0.00087528 0.99999548 0.00287600 0.06479964 -0.00281324 0.99789433
0.99778476 0.00629593 -0.06622637 -0.00611489 0.99997699 0.00293599 0.06624333 -0.00252452 0.99780030
0.99805065 0.00500306 -0.06220821 -0.00486432 0.99998533 0.00238161 0.06221921 -0.00207437 0.99806035
0.99797661 0.00206156 -0.06354868 -0.00200831 0.99999758 0.00090175 0.06355038 -0.00077230 0.99797833
0.99806645 -0.00003501 -0.06215587 0.00012384 0.99999898 0.00142518 0.06215576 -0.00143012 0.99806544
0.99835068 -0.00057157 -0.05740725 0.00065097 0.99999886 0.00136450 0.05740640 -0.00139962 0.99834991
0.99814210 -0.00026426 -0.06092843 0.00046702 0.99999440 0.00331349 0.06092721 -0.00333579 0.99813664
0.99790382 0.00027732 -0.06471394 -0.00005346 0.99999401 0.00346080 0.06471451 -0.00345009 0.99789785
0.99807368 0.00237432 -0.06199431 -0.00219813 0.99999335 0.00291003 0.06200081 -0.00276815 0.99807226
0.99777900 -0.00020030 -0.06661104 0.00050435 0.99998953 0.00454773 0.06660943 -0.00457122 0.99776865
0.99765670 0.00193475 -0.06839134 -0.00140288 0.99996841 0.00782404 0.06840431 -0.00770976 0.99762789
0.99772278 0.00101484 -0.06744060 -0.00060843 0.99998154 0.00604639 0.06744549 -0.00599159 0.99770497
0.99769129 0.00191759 -0.06788530 -0.00149720 0.99997939 0.00624296 0.06789587 -0.00612691 0.99767360
0.99782328 0.00172672 -0.06592207 -0.00138734 0.99998555 0.00519360 0.06593009 -0.00509084 0.99781126
0.99764177 -0.00115706 -0.06862620 0.00161032 0.99997725 0.00654982 0.06861706 -0.00664488 0.99762094
0.99781291 0.00052252 -0.06609941 -0.00025085 0.99999149 0.00411818 0.06610100 -0.00409260 0.99780454
0.99788859 0.00058835 -0.06494631 -0.00048456 0.99999858 0.00161389 0.06494717 -0.00157901 0.99788745
0.99811235 0.00046117 -0.06141268 -0.00037707 0.99999898 0.00138097 0.06141325 -0.00135520 0.99811150
0.99820729 0.00073947 -0.05984696 -0.00061985 0.99999777 0.00201732 0.05984832 -0.00197661 0.99820553
0.99850958 0.00276423 -0.05450671 -0.00270037 0.99999558 0.00124519 0.05450991 -0.00109615 0.99851263
0.99864228 0.00040201 -0.05209059 -0.00021898 0.99999378 0.00351937 0.05209168 -0.00350318 0.99863616
0.99893267 -0.00108345 -0.04617724 0.00120608 0.99999582 0.00262784 0.04617420 -0.00268073 0.99892981
0.99879925 -0.00459672 -0.04877425 0.00479177 0.99998098 0.00388283 0.04875548 -0.00411188 0.99880228
0.99871795 -0.00188845 -0.05058543 0.00209263 0.99998988 0.00398369 0.05057739 -0.00408444 0.99871179
0.99890430 0.00162582 -0.04677134 -0.00153198 0.99999674 0.00204208 0.04677451 -0.00196819 0.99890353
0.99877876 0.00429754 -0.04921905 -0.00441645 0.99998759 -0.00230739 0.04920852 0.00252195 0.99878534
0.99905328 0.00202686 -0.04345617 -0.00215186 0.99999368 -0.00282992 0.04345016 0.00292076 0.99905133
0.99904026 0.00267264 -0.04371983 -0.00279134 0.99999258 -0.00265415 0.04371241 0.00277364 0.99904031
0.99923522 0.00117073 -0.03908451 -0.00122938 0.99999815 -0.00147657 0.03908271 0.00152349 0.99923482
0.99920957 0.00233809 -0.03968327 -0.00229715 0.99999678 0.00107726 0.03968566 -0.00098525 0.99921173
0.99922622 0.00441069 -0.03908340 -0.00436716 0.99998975 0.00119895 0.03908829 -0.00102734 0.99923523
0.99922813 0.00082312 -0.03927428 -0.00079692 0.99999945 0.00068292 0.03927482 -0.00065110 0.99922823
0.99917161 -0.00084699 -0.04068631 0.00091044 0.99999840 0.00154092 0.04068494 -0.00157668 0.99917078
0.99907637 -0.00244067 -0.04290042 0.00253658 0.99999440 0.00218141 0.04289485 -0.00228821 0.99907697
0.99918527 -0.00050681 -0.04035526 0.00068003 0.99999062 0.00427867 0.04035272 -0.00430263 0.99917623
0.99924140 -0.00198215 -0.03889342 0.00210004 0.99999332 0.00299044 0.03888724 -0.00306985 0.99923889
0.99928944 0.00078764 -0.03768283 -0.00074790 0.99999915 0.00106877 0.03768364 -0.00103982 0.99928918
0.99940616 -0.00004784 -0.03445767 0.00001110 0.99999943 -0.00106642 0.03445770 0.00106541 0.99940559
0.99941848 0.00062357 -0.03409259 -0.00066641 0.99999900 -0.00124523 0.03409177 0.00126722 0.99941790
0.99946373 0.00097976 -0.03273053 -0.00094474 0.99999896 0.00108548 0.03273156 -0.00105397 0.99946362
0.99953824 0.00351464 -0.03018211 -0.00348650 0.99999344 0.00098512 0.03018537 -0.00087944 0.99954393
0.99958138 0.00124748 -0.02890516 -0.00125162 0.99999921 -0.00012490 0.02890498 0.00016103 0.99958215
0.99963819 -0.00020357 -0.02689696 0.00022783 0.99999957 0.00089865 0.02689677 -0.00090445 0.99963781
0.99970433 0.00328463 -0.02409270 -0.00323436 0.99999251 0.00212533 0.02409950 -0.00204678 0.99970747
0.99973642 0.00140896 -0.02291526 -0.00136064 0.99999682 0.00212413 0.02291818 -0.00209239 0.99973515
0.99979328 0.00298385 -0.02011200 -0.00298408 0.99999555 0.00001886 0.02011197 0.00004116 0.99979773
0.99985112 0.00550478 -0.01635328 -0.00552982 0.99998361 -0.00148613 0.01634483 0.00157634 0.99986517
0.99990956 0.00534654 -0.01234060 -0.00535163 0.99998561 -0.00037977 0.01233839 0.00044578 0.99992378
0.99997144 0.00430730 -0.00621060 -0.00428719 0.99998553 0.00324825 0.00622450 -0.00322153 0.99997544
0.99999050 0.00336539 -0.00277183 -0.00336151 0.99999337 0.00140206 0.00277653 -0.00139273 0.99999518
0.99999922 0.00083638 -0.00092839 -0.00083824 0.99999764 -0.00200218 0.00092672 0.00200296 0.99999756
0.99999837 0.00159946 0.00083633 -0.00159883 0.99999843 -0.00075890 -0.00083755 0.00075756 0.99999936
0.99999638 0.00121319 0.00240007 -0.00121405 0.99999920 0.00035858 -0.00239963 -0.00036150 0.99999706
0.99999592 0.00107382 0.00264606 -0.00107537 0.99999925 0.00058303 -0.00264543 -0.00058587 0.99999633
0.99999439 0.00007137 0.00335017 -0.00007152 1.00000000 0.00004374 -0.00335017 -0.00004398 0.99999439
0.99998606 0.00144530 0.00507821 -0.00145385 0.99999753 0.00168148 -0.00507577 -0.00168883 0.99998569
0.99997987 -0.00023132 0.00634060 0.00022219 0.99999894 0.00144129 -0.00634093 -0.00143986 0.99997886
0.99997648 0.00039434 0.00684763 -0.00040375 0.99999897 0.00137392 -0.00684708 -0.00137665 0.99997561
0.99999233 0.00035242 0.00390139 -0.00035240 0.99999994 -0.00000632 -0.00390139 0.00000494 0.99999239
0.99997932 0.00088846 0.00636880 -0.00088552 0.99999950 -0.00046371 -0.00636921 0.00045806 0.99997961
0.99998324 0.00148221 0.00559601 -0.00147722 0.99999851 -0.00089540 -0.00559733 0.00088712 0.99998394
0.99998074 0.00105927 0.00611476 -0.00105790 0.99999941 -0.00022589 -0.00611499 0.00021942 0.99998128
0.99999270 0.00155081 0.00349104 -0.00156299 0.99999269 0.00348828 -0.00348560 -0.00349372 0.99998782
0.99998770 -0.00078780 0.00489772 0.00077375 0.99999558 0.00286924 -0.00489996 -0.00286542 0.99998389
0.99999234 -0.00166169 0.00354447 0.00166288 0.99999856 -0.00033363 -0.00354391 0.00033952 0.99999366
0.99998918 -0.00152740 0.00439388 0.00153072 0.99999855 -0.00075205 -0.00439272 0.00075876 0.99999006
0.99999795 0.00063362 0.00192158 -0.00063343 0.99999979 -0.00009731 -0.00192164 0.00009609 0.99999815
0.99999034 0.00065863 0.00434539 -0.00064297 0.99999330 -0.00360318 -0.00434774 0.00360036 0.99998407
0.99998800 0.00160470 0.00462843 -0.00159376 0.99999593 -0.00236592 -0.00463221 0.00235852 0.99998649
0.99999684 0.00133625 0.00213061 -0.00134043 0.99999718 0.00196170 -0.00212798 -0.00196455 0.99999581
0.99999830 0.00040701 0.00179839 -0.00041100 0.99999745 0.00221867 -0.00179748 -0.00221941 0.99999592
0.99999875 -0.00150366 0.00049472 0.00150339 0.99999871 0.00056235 -0.00049556 -0.00056160 0.99999972
0.99999687 -0.00232446 0.00092616 0.00232383 0.99999707 0.00068374 -0.00092775 -0.00068158 0.99999934
0.99999813 -0.00120785 -0.00151180 0.00120783 0.99999927 -0.00001681 0.00151182 0.00001498 0.99999886
0.99999565 -0.00295095 -0.00002040 0.00295094 0.99999533 -0.00079452 0.00002275 0.00079446 0.99999968
0.99999936 -0.00082820 0.00076580 0.00082898 0.99999913 -0.00102494 -0.00076495 0.00102557 0.99999918
0.99999799 -0.00157574 -0.00124349 0.00157759 0.99999764 0.00149044 0.00124114 -0.00149240 0.99999812
0.99999850 -0.00105903 -0.00137129 0.00106301 0.99999521 0.00290559 0.00136820 -0.00290704 0.99999484
0.99999862 0.00135358 -0.00096757 -0.00135215 0.99999799 0.00147934 0.00096957 -0.00147802 0.99999844
0.99999724 0.00063288 -0.00226402 -0.00063673 0.99999835 -0.00169919 0.00226294 0.00170063 0.99999599
0.99999783 0.00181804 -0.00101382 -0.00181858 0.99999821 -0.00053017 0.00101285 0.00053201 0.99999935
0.99999784 0.00189212 -0.00085693 -0.00189235 0.99999817 -0.00027509 0.00085640 0.00027671 0.99999960
0.99999970 -0.00071255 -0.00029006 0.00071213 0.99999871 -0.00143719 0.00029108 0.00143698 0.99999893
0.99999688 -0.00110194 -0.00224293 0.00109613 0.99999605 -0.00258962 0.00224578 0.00258715 0.99999413
0.99999874 -0.00157551 0.00019653 0.00157526 0.99999796 0.00126179 -0.00019851 -0.00126148 0.99999918
0.99999888 0.00006749 -0.00149663 -0.00006578 0.99999935 0.00113796 0.00149671 -0.00113786 0.99999823
0.99999969 0.00073015 -0.00028882 -0.00072986 0.99999924 0.00099287 0.00028954 -0.00099265 0.99999947
0.99999947 0.00082951 0.00060863 -0.00083009 0.99999921 0.00094022 -0.00060785 -0.00094073 0.99999937
0.99999936 -0.00068817 -0.00089527 0.00068759 0.99999955 -0.00064647 0.00089571 0.00064585 0.99999939
0.99999985 0.00025741 -0.00047982 -0.00025771 0.99999977 -0.00062653 0.00047965 0.00062665 0.99999969
0.99999719 -0.00236859 -0.00009551 0.00236867 0.99999683 0.00085594 0.00009349 -0.00085616 0.99999963
0.99999982 -0.00060215 0.00006574 0.00060205 0.99999868 0.00151190 -0.00006665 -0.00151186 0.99999885
0.99999994 -0.00030628 0.00013334 0.00030642 0.99999940 -0.00105555 -0.00013302 0.00105559 0.99999943
0.99999893 -0.00144386 0.00023123 0.00144395 0.99999889 -0.00035837 -0.00023071 0.00035870 0.99999991
0.99999942 0.00099457 -0.00041153 -0.00099415 0.99999899 0.00101346 0.00041254 -0.00101305 0.99999940
0.99999999 0.00006836 -0.00013824 -0.00006838 0.99999999 -0.00013299 0.00013823 0.00013300 0.99999998
0.99999990 -0.00031078 0.00031805 0.00031113 0.99999933 -0.00111704 -0.00031770 0.00111714 0.99999933
0.99999068 0.00427873 0.00057259 -0.00427941 0.99999014 0.00118976 -0.00056749 -0.00119220 0.99999913
0.99999927 0.00120411 -0.00008165 -0.00120395 0.99999743 0.00192061 0.00008396 -0.00192051 0.99999815
