1.00000000 0.00000000 0.00000000 0.00000000 1.00000000 0.00000000 0.00000000 0.00000000 1.00000000
0.99999560 0.00043223 0.00293325 -0.00043342 0.99999982 0.00040771 -0.00293307 -0.00040898 0.99999561
0.99999970 -0.00061667 -0.00047823 0.00061638 0.99999963 -0.00060108 0.00047860 0.00060079 0.99999971
0.99999995 0.00008285 0.00029020 -0.00008274 0.99999992 -0.00038892 -0.00029023 0.00038889 0.99999988
0.99999984 -0.00024711 0.00051137 0.00024754 0.99999962 -0.00083317 -0.00051117 0.00083329 0.99999952
0.99999958 0.00090954 0.00009346 -0.00090942 0.99999871 -0.00132404 -0.00009467 0.00132396 0.99999912
0.99999952 0.00050966 0.00083691 -0.00050966 0.99999987 -0.00000481 -0.00083692 0.00000438 0.99999965
0.99999994 0.00024165 0.00024400 -0.00024194 0.99999927 0.00118066 -0.00024371 -0.00118072 0.99999927
0.99999847 0.00011652 -0.00174356 -0.00011553 0.99999983 0.00057249 0.00174363 -0.00057228 0.99999832
0.99999518 -0.00131301 -0.00281258 0.00131120 0.99999893 -0.00064772 0.00281343 0.00064403 0.99999583
0.99999762 -0.00023811 -0.00216715 0.00023683 0.99999980 -0.00059262 0.00216729 0.00059211 0.99999748
0.99999916 0.00021674 -0.00127424 -0.00021670 0.99999998 0.00003189 0.00127424 -0.00003162 0.99999919
0.99999868 0.00144849 -0.00073821 -0.00144861 0.99999894 -0.00015323 0.00073799 0.00015430 0.99999972
0.99999934 0.00029097 -0.00111349 -0.00029115 0.99999995 -0.00015772 0.00111345 0.00015805 0.99999937
0.99999984 -0.00029434 -0.00048881 0.00029449 0.99999991 0.00029748 0.00048872 -0.00029762 0.99999984
0.99999337 0.00107636 -0.00347965 -0.00107397 0.99999919 0.00069003 0.00348039 -0.00068629 0.99999371
0.99999921 0.00009511 -0.00125554 -0.00009722 0.99999857 -0.00168668 0.00125538 0.00168680 0.99999779
0.99999986 0.00028241 -0.00045208 -0.00028291 0.99999934 -0.00111117 0.00045177 0.00111129 0.99999928
0.99999934 0.00074724 -0.00087179 -0.00074725 0.99999972 -0.00000709 0.00087179 0.00000774 0.99999962
0.99999938 0.00055297 -0.00096459 -0.00055325 0.99999981 -0.00028821 0.00096443 0.00028874 0.99999949
0.99999940 0.00040629 -0.00101605 -0.00040705 0.99999964 -0.00074784 0.00101575 0.00074825 0.99999920
0.99999930 0.00058834 -0.00102472 -0.00058789 0.99999973 0.00044143 0.00102498 -0.00044082 0.99999938
0.99999934 -0.00069415 -0.00091015 0.00069576 0.99999820 0.00176748 0.00090892 -0.00176811 0.99999802
0.99999951 0.00034081 -0.00092689 -0.00034093 0.99999993 -0.00012081 0.00092685 0.00012113 0.99999956
0.99999976 -0.00027150 -0.00063579 0.00027076 0.99999929 -0.00116269 0.00063611 0.00116251 0.99999912
0.99999969 0.00036981 -0.00068889 -0.00037053 0.99999939 -0.00103997 0.00068851 0.00104022 0.99999922
0.99999945 0.00081837 -0.00064996 -0.00081858 0.99999962 -0.00031600 0.00064970 0.00031653 0.99999974
0.99999964 -0.00016365 -0.00083853 0.00016416 0.99999980 0.00061010 0.00083843 -0.00061023 0.99999946
0.99999987 0.00027293 -0.00042546 -0.00027297 0.99999996 -0.00008233 0.00042543 0.00008244 0.99999991
0.99999969 -0.00001218 -0.00079227 0.00001182 0.99999989 -0.00046086 0.00079228 0.00046086 0.99999958
0.99999937 0.00109658 -0.00023540 -0.00109663 0.99999937 -0.00022224 0.00023516 0.00022250 0.99999995
0.99999966 -0.00064982 -0.00049937 0.00065013 0.99999959 0.00063167 0.00049896 -0.00063199 0.99999968
0.99999985 0.00053001 -0.00012971 -0.00052985 0.99999908 0.00124903 0.00013037 -0.00124896 0.99999921
0.99999958 0.00085073 -0.00033067 -0.00085056 0.99999950 0.00052511 0.00033111 -0.00052483 0.99999981
0.99999936 0.00109945 0.00026844 -0.00109926 0.99999912 -0.00073732 -0.00026925 0.00073702 0.99999969
0.99999807 0.00193950 0.00029950 -0.00193951 0.99999812 0.00002309 -0.00029946 -0.00002367 0.99999995
0.99999393 0.00340962 0.00071999 -0.00341108 0.99999210 0.00203858 -0.00071304 -0.00204103 0.99999766
0.99999933 0.00045178 0.00107043 -0.00045502 0.99999532 0.00302452 -0.00106906 -0.00302500 0.99999485
0.99999739 0.00093529 0.00208361 -0.00094102 0.99999577 0.00275237 -0.00208103 -0.00275433 0.99999404
0.99999875 0.00124047 -0.00098039 -0.00123779 0.99999552 0.00272445 0.00098376 -0.00272323 0.99999581
0.99999846 0.00016766 0.00174669 -0.00016897 0.99999971 0.00074600 -0.00174656 -0.00074630 0.99999820
0.99999602 -0.00100209 0.00263762 0.00100805 0.99999694 -0.00225898 -0.00263535 0.00226163 0.99999397
0.99999901 0.00038903 0.00134914 -0.00038548 0.99999647 -0.00262723 -0.00135016 0.00262670 0.99999564
0.99999657 0.00076865 0.00250227 -0.00076762 0.99999962 -0.00041403 -0.00250259 0.00041211 0.99999678
0.99999578 0.00262954 -0.00123507 -0.00263099 0.99999585 -0.00117196 0.00123198 0.00117520 0.99999855
0.99998248 -0.00569169 -0.00162882 0.00568853 0.99998195 -0.00193494 0.00163980 0.00192564 0.99999680
0.99999947 -0.00042193 -0.00094069 0.00042081 0.99999921 -0.00118860 0.00094119 0.00118821 0.99999885
0.99999855 -0.00005537 -0.00170461 0.00005637 0.99999983 0.00058449 0.00170458 -0.00058458 0.99999838
0.99999925 -0.00038566 -0.00116244 0.00038500 0.99999977 -0.00056508 0.00116265 0.00056463 0.99999916
0.99999890 0.00127536 -0.00075571 -0.00127573 0.99999906 -0.00050164 0.00075507 0.00050260 0.99999959
0.99998303 -0.00544104 -0.00208175 0.00544198 0.99998509 0.00044327 0.00207930 -0.00045460 0.99999773
0.99999839 -0.00162970 0.00074636 0.00162971 0.99999867 -0.00001935 -0.00074633 0.00002057 0.99999972
0.99999646 0.00246786 0.00099596 -0.00246701 0.99999660 -0.00084683 -0.00099805 0.00084437 0.99999915
0.99999984 0.00026762 -0.00048953 -0.00026703 0.99999923 0.00120787 0.00048985 -0.00120773 0.99999915
0.99999794 -0.00184643 -0.00084614 0.00184693 0.99999812 0.00059316 0.00084504 -0.00059472 0.99999947
0.99999924 0.00118705 0.00033121 -0.00118632 0.99999687 -0.00220495 -0.00033382 0.00220455 0.99999751
0.99999942 0.00098878 -0.00043141 -0.00098985 0.99999640 -0.00249276 0.00042894 0.00249318 0.99999680
0.99999906 0.00107548 -0.00085134 -0.00107568 0.99999939 -0.00023030 0.00085109 0.00023121 0.99999961
0.99999056 0.00428656 -0.00070810 -0.00428616 0.99999066 0.00056184 0.00071051 -0.00055880 0.99999959
0.99999672 0.00171244 -0.00190650 -0.00171349 0.99999838 -0.00055374 0.00190555 0.00055701 0.99999803
0.99999997 0.00023062 -0.00002487 -0.00023062 0.99999997 -0.00002288 0.00002487 0.00002289 1.00000000
0.99999516 0.00221875 0.00218134 -0.00221998 0.99999738 0.00056299 -0.00218008 -0.00056783 0.99999746
0.99999573 -0.00075440 0.00282310 0.00076018 0.99999762 -0.00204689 -0.00282154 0.00204902 0.99999392
0.99999472 -0.00169480 0.00277164 0.00170890 0.99998557 -0.00509260 -0.00276297 0.00509731 0.99998319
0.99999490 0.00180772 0.00263340 -0.00180630 0.99999822 -0.00054118 -0.00263437 0.00053642 0.99999639
0.99999506 -0.00084864 0.00302668 0.00083754 0.99999292 0.00366792 -0.00302977 -0.00366537 0.99998869
0.99999417 0.00068119 0.00334702 -0.00068606 0.99999871 0.00145332 -0.00334602 -0.00145561 0.99999334
0.99999085 0.00078107 0.00420502 -0.00077269 0.99999772 -0.00199281 -0.00420657 0.00198954 0.99998917
0.99999305 0.00046900 0.00369902 -0.00045579 0.99999352 -0.00357204 -0.00370067 0.00357033 0.99998678
0.99999460 -0.00115515 0.00307559 0.00116618 0.99999288 -0.00358799 -0.00307143 0.00359156 0.99998883
0.99999917 0.00022357 -0.00126623 -0.00022496 0.99999937 -0.00109616 0.00126599 0.00109644 0.99999860
0.99999474 0.00040564 0.00321764 -0.00041103 0.99999851 0.00167544 -0.00321695 -0.00167675 0.99999342
0.99999259 0.00166877 0.00346780 -0.00167136 0.99999833 0.00074376 -0.00346655 -0.00074955 0.99999371
0.99999345 0.00002681 0.00361880 -0.00001853 0.99999738 -0.00228901 -0.00361885 0.00228893 0.99999083
0.99999426 0.00054710 0.00334309 -0.00053934 0.99999716 -0.00232177 -0.00334435 0.00231995 0.99999172
0.99999571 0.00000994 0.00292834 -0.00000802 0.99999979 -0.00065413 -0.00292834 0.00065410 0.99999550
0.99999560 -0.00124783 0.00269062 0.00124508 0.99999870 0.00102391 -0.00269190 -0.00102055 0.99999586
0.99999787 -0.00013819 0.00206065 0.00013613 0.99999949 0.00100139 -0.00206078 -0.00100110 0.99999738
0.99999668 -0.00036825 0.00255212 0.00036440 0.99999880 0.00150640 -0.00255267 -0.00150546 0.99999561
0.99999727 -0.00124223 0.00198053 0.00124069 0.99999893 0.00077701 -0.00198150 -0.00077455 0.99999774
0.99999784 -0.00034483 0.00204789 0.00035047 0.99999616 -0.00275015 -0.00204694 0.00275086 0.99999412
0.99999540 -0.00068457 0.00295587 0.00069628 0.99999191 -0.00396179 -0.00295314 0.00396383 0.99998778
0.99999796 0.00096620 0.00177256 -0.00096074 0.99999480 -0.00307937 -0.00177553 0.00307766 0.99999369
0.99999726 0.00080404 0.00219731 -0.00080146 0.99999899 -0.00117553 -0.00219826 0.00117376 0.99999689
0.99999936 0.00113235 -0.00008545 -0.00113233 0.99999932 0.00028827 0.00008577 -0.00028817 0.99999995
0.99999884 0.00107225 -0.00108281 -0.00107114 0.99999890 0.00102729 0.00108391 -0.00102612 0.99999889
0.99999847 0.00014985 -0.00174346 -0.00014810 0.99999949 0.00100024 0.00174361 -0.00099998 0.99999798
0.99999677 0.00088072 -0.00238574 -0.00087961 0.99999951 0.00046404 0.00238615 -0.00046194 0.99999705
0.99999533 0.00091090 -0.00291791 -0.00091128 0.99999958 -0.00013018 0.00291779 0.00013283 0.99999573
0.99999540 0.00041082 -0.00300550 -0.00041121 0.99999991 -0.00012775 0.00300545 0.00012899 0.99999548
0.99999200 0.00179615 -0.00357480 -0.00180118 0.99999739 -0.00140582 0.00357226 0.00141225 0.99999262
0.99998890 0.00113218 -0.00457409 -0.00113421 0.99999926 -0.00044085 0.00457359 0.00044603 0.99998944
0.99998768 0.00100199 -0.00486168 -0.00099891 0.99999930 0.00063562 0.00486231 -0.00063076 0.99998798
0.99999335 0.00079657 -0.00355998 -0.00079412 0.99999945 0.00068882 0.00356053 -0.00068598 0.99999343
0.99998750 0.00077002 -0.00494060 -0.00076993 0.99999970 0.00002103 0.00494062 -0.00001723 0.99998779
0.99998448 0.00138921 -0.00539519 -0.00139081 0.99999899 -0.00029339 0.00539478 0.00030089 0.99998540
0.99998737 0.00155834 -0.00477789 -0.00156157 0.99999855 -0.00067256 0.00477684 0.00068001 0.99998836
0.99998669 0.00138466 -0.00496949 -0.00138774 0.99999885 -0.00061780 0.00496863 0.00062469 0.99998746
0.99998690 0.00153473 -0.00488267 -0.00154127 0.99999792 -0.00133662 0.00488061 0.00134413 0.99998719
0.99999063 0.00243995 -0.00357578 -0.00244154 0.99999692 -0.00043821 0.00357470 0.00044693 0.99999351
0.99999427 0.00280110 -0.00189921 -0.00280195 0.99999598 -0.00044388 0.00189795 0.00044920 0.99999810
0.99999786 0.00189815 -0.00082653 -0.00189867 0.99999800 -0.00063092 0.00082533 0.00063249 0.99999946
0.99999491 0.00274271 -0.00163049 -0.00274313 0.99999620 -0.00025721 0.00162977 0.00026168 0.99999864
0.99999741 0.00203590 -0.00102153 -0.00203550 0.99999785 0.00039896 0.00102234 -0.00039688 0.99999940
0.99999967 0.00004205 -0.00081559 -0.00004199 1.00000000 0.00008052 0.00081559 -0.00008048 0.99999966
0.99998928 0.00448573 -0.00114859 -0.00448389 0.99998867 0.00159983 0.00115575 -0.00159466 0.99999806
0.99999909 0.00129431 -0.00036734 -0.00129315 0.99999426 0.00313317 0.00037140 -0.00313269 0.99999502
0.99999950 -0.00040953 -0.00091114 0.00040881 0.99999960 -0.00079490 0.00091146 0.00079453 0.99999927
0.99999974 0.00052270 -0.00049670 -0.00052345 0.99999874 -0.00149935 0.00049592 0.00149961 0.99999875
0.99999195 -0.00115037 -0.00384355 0.00117335 0.99998142 0.00598142 0.00383660 -0.00598589 0.99997472
0.99999802 -0.00172502 -0.00099015 0.00172695 0.99999661 0.00194709 0.00098679 -0.00194880 0.99999761
0.99999577 -0.00290525 -0.00012873 0.00290547 0.99999416 0.00179877 0.00012350 -0.00179914 0.99999837
0.99999923 -0.00123324 0.00015019 0.00123306 0.99999857 0.00115381 -0.00015161 -0.00115363 0.99999932
0.99999382 -0.00344195 0.00071074 0.00344347 0.99999176 -0.00214841 -0.00070334 0.00215085 0.99999744
0.99999751 -0.00216083 0.00056589 0.00216151 0.99999693 -0.00121565 -0.00056326 0.00121687 0.99999910
0.99999915 -0.00129982 0.00011528 0.00129984 0.99999914 -0.00018108 -0.00011504 0.00018123 0.99999998
0.99999983 0.00011760 0.00057192 -0.00011783 0.99999991 0.00040579 -0.00057188 -0.00040586 0.99999975
0.99999931 0.00104249 0.00054495 -0.00104355 0.99999757 0.00194278 -0.00054293 -0.00194335 0.99999796
0.99999572 0.00273132 0.00104461 -0.00273291 0.99999511 0.00152274 -0.00104045 -0.00152558 0.99999830
0.99999877 0.00130374 0.00087378 -0.00130201 0.99999720 -0.00197371 -0.00087635 0.00197257 0.99999767
0.99999901 0.00124811 0.00064884 -0.00124680 0.99999718 -0.00201956 -0.00065136 0.00201875 0.99999775
0.99999998 -0.00014537 0.00016739 0.00014567 0.99999835 -0.00181314 -0.00016712 0.00181316 0.99999834
0.99999969 -0.00072090 0.00030249 0.00072213 0.99999141 -0.00408195 -0.00029955 0.00408217 0.99999162
0.99999872 0.00121064 0.00104623 -0.00120670 0.99999220 -0.00376092 -0.00105077 0.00375965 0.99999238
0.99999956 0.00076876 0.00052930 -0.00076807 0.99999887 -0.00129223 -0.00053029 0.00129182 0.99999902
0.99999994 -0.00004691 0.00035426 0.00004680 0.99999995 0.00031262 -0.00035427 -0.00031260 0.99999989
0.99999928 0.00114215 0.00038062 -0.00114239 0.99999915 0.00063555 -0.00037989 -0.00063599 0.99999973
0.99999692 0.00189712 0.00159849 -0.00189821 0.99999797 0.00068117 -0.00159719 -0.00068420 0.99999849
0.99999882 0.00136218 -0.00071105 -0.00136062 0.99999669 0.00218550 0.00071403 -0.00218453 0.99999736
0.99999995 -0.00001579 -0.00030999 0.00001565 0.99999991 -0.00042283 0.00031000 0.00042282 0.99999986
0.99999898 0.00028213 -0.00139818 -0.00028249 0.99999993 -0.00025226 0.00139811 0.00025265 0.99999899
0.99999981 -0.00034577 -0.00051366 0.00034646 0.99999906 0.00132772 0.00051320 -0.00132790 0.99999899
0.99999966 0.00079109 -0.00024847 -0.00079126 0.99999946 -0.00067427 0.00024793 0.00067447 0.99999974
0.99999956 0.00057589 -0.00073651 -0.00057693 0.99999883 -0.00141589 0.00073569 0.00141632 0.99999873
0.99999931 0.00102072 -0.00057520 -0.00102154 0.99999846 -0.00143011 0.00057374 0.00143069 0.99999881
0.99999959 0.00089045 -0.00018426 -0.00089038 0.99999954 0.00034357 0.00018456 -0.00034340 0.99999992
0.99999949 0.00023366 -0.00098095 -0.00023480 0.99999929 -0.00116874 0.00098068 0.00116897 0.99999884
0.99999923 0.00117753 0.00037879 -0.00117709 0.99999863 -0.00116549 -0.00038016 0.00116504 0.99999925
0.99999974 0.00054225 -0.00047446 -0.00054209 0.99999980 0.00033633 0.00047465 -0.00033608 0.99999983
0.99999958 0.00079130 -0.00045311 -0.00079088 0.99999925 0.00093338 0.00045384 -0.00093302 0.99999946
0.99999984 -0.00015676 -0.00054346 0.00015697 0.99999991 0.00039381 0.00054339 -0.00039389 0.99999977
0.99999914 0.00078566 -0.00104653 -0.00078559 0.99999969 0.00007005 0.00104659 -0.00006922 0.99999945
0.99999892 0.00068648 -0.00130280 -0.00068628 0.99999975 0.00015315 0.00130291 -0.00015226 0.99999914
0.99999988 0.00044574 -0.00021929 -0.00044592 0.99999954 -0.00085006 0.00021891 0.00085015 0.99999961
0.99999842 0.00177789 -0.00006593 -0.00177794 0.99999805 -0.00086057 0.00006440 0.00086068 0.99999963
0.99999976 0.00069043 0.00006015 -0.00069037 0.99999933 -0.00093164 -0.00006080 0.00093160 0.99999956
0.99999996 0.00026580 -0.00011320 -0.00026602 0.99999803 -0.00196888 0.00011268 0.00196891 0.99999806
0.99999890 -0.00105712 0.00104278 0.00105999 0.99999564 -0.00275657 -0.00103986 0.00275767 0.99999566
0.99999538 -0.00303220 -0.00020944 0.00303222 0.99999540 0.00011712 0.00020908 -0.00011775 0.99999997
0.99999817 0.00131482 -0.00139067 -0.00130979 0.99999262 0.00361281 0.00139541 -0.00361098 0.99999251
0.99999903 -0.00119737 0.00071639 0.00119342 0.99998423 0.00548699 -0.00072295 -0.00548613 0.99998469
0.99992745 0.00102192 0.01200211 -0.00105954 0.99999454 0.00312900 -0.01199884 -0.00314149 0.99992308
0.99999810 0.00162442 0.00107343 -0.00162137 0.99999466 -0.00283858 -0.00107804 0.00283684 0.99999540
0.99999937 0.00108662 -0.00027980 -0.00108718 0.99999741 -0.00200105 0.00027763 0.00200135 0.99999796
0.99999957 0.00093159 0.00002954 -0.00093159 0.99999957 0.00004208 -0.00002950 -0.00004211 1.00000000
0.99999936 0.00094448 0.00062006 -0.00094505 0.99999914 0.00091022 -0.00061920 -0.00091080 0.99999939
0.99999998 -0.00012984 0.00013276 0.00012960 0.99999832 0.00182917 -0.00013300 -0.00182915 0.99999832
0.99999963 -0.00004837 0.00085808 0.00004781 0.99999978 0.00065910 -0.00085812 -0.00065906 0.99999941
0.99999968 -0.00021289 0.00076792 0.00021368 0.99999944 -0.00103392 -0.00076770 0.00103409 0.99999917
0.99999895 0.00001149 0.00144668 -0.00000899 0.99999851 -0.00172762 -0.00144669 0.00172761 0.99999746
0.99999971 -0.00021528 0.00073599 0.00021652 0.99999856 -0.00168245 -0.00073562 0.00168260 0.99999831
0.99999881 -0.00046492 0.00147193 0.00046588 0.99999968 -0.00065175 -0.00147163 0.00065244 0.99999870
0.99999775 0.00127334 0.00169750 -0.00127386 0.99999914 0.00030614 -0.00169711 -0.00030830 0.99999851
0.99999850 -0.00041268 0.00168275 0.00040943 0.99999804 0.00193637 -0.00168355 -0.00193568 0.99999671
0.99999871 0.00128461 0.00096883 -0.00128499 0.99999910 0.00038722 -0.00096834 -0.00038847 0.99999946
0.99999944 0.00001541 0.00105766 -0.00001539 1.00000000 -0.00001261 -0.00105767 0.00001259 0.99999944
0.99999907 0.00127915 0.00046674 -0.00127920 0.99999918 0.00011273 -0.00046659 -0.00011332 0.99999988
0.99999947 -0.00001940 0.00103242 0.00001939 1.00000000 0.00000437 -0.00103242 -0.00000435 0.99999947
0.99999935 0.00046265 0.00103806 -0.00046258 0.99999989 -0.00006089 -0.00103809 0.00006041 0.99999946
0.99999770 0.00205080 -0.00062732 -0.00205041 0.99999770 0.00063419 0.00062862 -0.00063290 0.99999960
0.99999984 -0.00055801 0.00012116 0.00055803 0.99999983 -0.00014560 -0.00012108 0.00014567 0.99999998
0.99999954 0.00093006 0.00022354 -0.00093035 0.99999873 0.00129047 -0.00022234 -0.00129068 0.99999914
0.99999999 0.00002446 -0.00011706 -0.00002435 0.99999953 0.00096820 0.00011709 -0.00096820 0.99999952
0.99999964 0.00081710 -0.00023711 -0.00081709 0.99999967 0.00003978 0.00023714 -0.00003959 0.99999997
0.99999989 0.00044772 -0.00016873 -0.00044789 0.99999938 -0.00102190 0.00016827 0.00102198 0.99999946
0.99999995 0.00028088 -0.00015040 -0.00028099 0.99999969 -0.00073858 0.00015019 0.00073862 0.99999972
0.99999984 0.00022155 -0.00051376 -0.00022160 0.99999997 -0.00010025 0.00051374 0.00010037 0.99999986
0.99999939 -0.00057504 -0.00094580 0.00057451 0.99999968 -0.00055556 0.00094612 0.00055501 0.99999940
0.99999885 -0.00094263 -0.00118549 0.00094268 0.99999955 0.00004060 0.00118545 -0.00004172 0.99999930
0.99999768 -0.00079757 -0.00199915 0.00080000 0.99999894 0.00121728 0.00199818 -0.00121887 0.99999726
0.99999895 0.00055724 -0.00133553 -0.00055556 0.99999906 0.00125084 0.00133622 -0.00125010 0.99999833
0.99999734 0.00042808 -0.00226861 -0.00042818 0.99999991 -0.00004207 0.00226860 0.00004304 0.99999743
0.99999679 0.00041550 -0.00249807 -0.00041682 0.99999977 -0.00052646 0.00249785 0.00052750 0.99999674
0.99999650 0.00047955 -0.00260117 -0.00047814 0.99999974 0.00054233 0.00260143 -0.00054108 0.99999647
0.99999555 0.00092817 -0.00283636 -0.00092718 0.99999951 0.00034957 0.00283669 -0.00034694 0.99999592
0.99999648 0.00050637 -0.00260418 -0.00050726 0.99999981 -0.00034218 0.00260401 0.00034350 0.99999655
0.99999538 -0.00020048 -0.00303426 0.00019870 0.99999981 -0.00058610 0.00303437 0.00058550 0.99999522
0.99999402 0.00033710 -0.00344098 -0.00034097 0.99999931 -0.00112299 0.00344059 0.00112415 0.99999345
0.99999300 0.00163845 -0.00336421 -0.00163957 0.99999860 -0.00032937 0.00336367 0.00033488 0.99999429
0.99999505 0.00076820 -0.00304961 -0.00077021 0.99999949 -0.00065705 0.00304910 0.00065940 0.99999513
0.99999553 0.00220182 -0.00202142 -0.00220190 0.99999758 -0.00003749 0.00202134 0.00004194 0.99999796
0.99999958 0.00062324 -0.00067798 -0.00062315 0.99999980 0.00014215 0.00067807 -0.00014173 0.99999976
0.99999995 -0.00016253 -0.00025776 0.00016259 0.99999996 0.00024866 0.00025772 -0.00024870 0.99999994
0.99999995 0.00025111 0.00019450 -0.00025124 0.99999974 0.00067496 -0.00019433 -0.00067500 0.99999975
0.99999988 0.00020792 0.00043414 -0.00020782 0.99999996 -0.00021563 -0.00043419 0.00021554 0.99999988
0.99999846 0.00160801 -0.00070300 -0.00160966 0.99999595 -0.00234731 0.00069922 0.00234844 0.99999700
0.99999992 0.00039397 -0.00011851 -0.00039434 0.99999506 -0.00311815 0.00011728 0.00311820 0.99999513
0.99999974 0.00055822 0.00044842 -0.00055748 0.99999852 -0.00163018 -0.00044933 0.00162993 0.99999857
0.99999949 0.00086113 0.00053092 -0.00086031 0.99999844 -0.00154187 -0.00053224 0.00154141 0.99999867
0.99999948 -0.00017436 0.00100335 0.00017345 0.99999957 0.00090912 -0.00100351 -0.00090894 0.99999908
0.99999841 -0.00007992 0.00177974 0.00008041 0.99999996 -0.00027570 -0.00177971 0.00027584 0.99999838
0.99999918 0.00021718 0.00126542 -0.00021648 0.99999983 -0.00054875 -0.00126553 0.00054848 0.99999905
0.99999627 0.00058521 0.00266802 -0.00058358 0.99999964 -0.00061459 -0.00266838 0.00061303 0.99999625
0.99999749 0.00072725 0.00211719 -0.00072583 0.99999951 -0.00066761 -0.00211768 0.00066607 0.99999754
0.99999555 -0.00060472 0.00292175 0.00060508 0.99999981 -0.00012387 -0.00292168 0.00012564 0.99999572
0.99999721 -0.00047002 0.00231440 0.00047029 0.99999988 -0.00011622 -0.00231434 0.00011731 0.99999732
0.99999742 0.00037434 0.00223963 -0.00037231 0.99999952 -0.00090830 -0.00223997 0.00090746 0.99999708
0.99999748 0.00033806 0.00221934 -0.00033462 0.99999875 -0.00154688 -0.00221986 0.00154614 0.99999634
0.99998976 0.00013330 0.00452388 -0.00012305 0.99999743 -0.00226488 -0.00452417 0.00226430 0.99998720
0.99999907 0.00131504 0.00035625 -0.00131493 0.99999908 -0.00032653 -0.00035667 0.00032606 0.99999988
0.99999661 0.00030596 0.00258645 -0.00030426 0.99999974 -0.00065572 -0.00258665 0.00065493 0.99999644
0.99998076 -0.00192373 0.00589667 0.00189549 0.99998672 0.00479165 -0.00590581 -0.00478038 0.99997113
0.99999993 0.00037359 0.00001825 -0.00037357 0.99999900 -0.00136093 -0.00001876 0.00136092 0.99999907
0.99999517 -0.00038448 0.00308475 0.00039356 0.99999559 -0.00294243 -0.00308361 0.00294363 0.99999091
0.99999658 -0.00122136 0.00231426 0.00121898 0.99999873 0.00102887 -0.00231551 -0.00102604 0.99999679
0.99999862 0.00077668 0.00146914 -0.00076955 0.99998794 -0.00485120 -0.00147289 0.00485006 0.99998715
0.99997290 0.00031678 0.00735573 -0.00028973 0.99999319 -0.00367820 -0.00735684 0.00367597 0.99996618
0.99998168 0.00061490 0.00602156 -0.00061122 0.99999963 -0.00061219 -0.00602194 0.00060849 0.99998168
0.99966022 -0.01794556 0.01890510 0.01794793 0.99983892 0.00004392 -0.01890285 0.00029540 0.99982128
0.99999837 0.00180663 -0.00006124 -0.00180668 0.99999814 -0.00068145 0.00006001 0.00068156 0.99999977
1.00000000 0.00000000 0.00000000 0.00000000 1.00000000 0.00000000 0.00000000 0.00000000 1.00000000
0.99999123 -0.00344012 -0.00238772 0.00343647 0.99999292 -0.00153389 0.00239298 0.00152567 0.99999597
0.99991492 -0.00124534 -0.01298492 0.00119691 0.99999230 -0.00373725 0.01298948 0.00372139 0.99990871
0.99998910 -0.00316082 -0.00343721 0.00314157 0.99997943 -0.00559252 0.00345482 0.00558166 0.99997845
0.99999504 0.00308693 0.00063188 -0.00308918 0.99998879 0.00358947 -0.00062079 -0.00359141 0.99999336
0.99999152 0.00402532 0.00087369 -0.00403070 0.99997240 0.00624115 -0.00084854 -0.00624462 0.99998014
0.99999933 0.00012511 0.00114916 -0.00012823 0.99999631 0.00271522 -0.00114882 -0.00271537 0.99999565
0.99999727 -0.00091284 0.00215094 0.00091877 0.99999578 -0.00275626 -0.00214841 0.00275823 0.99999389
0.99999120 0.00081665 0.00411417 -0.00078897 0.99997709 -0.00672326 -0.00411957 0.00671996 0.99996894
0.99999181 0.00215907 0.00342189 -0.00214530 0.99998960 -0.00402510 -0.00343055 0.00401772 0.99998604
0.99999463 0.00177584 0.00275554 -0.00176936 0.99999567 -0.00235048 -0.00275970 0.00234559 0.99999344
0.99998681 -0.00472434 0.00201690 0.00472440 0.99998884 -0.00002702 -0.00201675 0.00003655 0.99999797
0.99998752 -0.00320807 0.00383082 0.00319607 0.99998998 0.00313521 -0.00384084 -0.00312293 0.99998775
0.99999307 -0.00287223 0.00237046 0.00287100 0.99999574 0.00052090 -0.00237194 -0.00051409 0.99999705
0.99999470 0.00137686 0.00295043 -0.00137690 0.99999905 0.00001333 -0.00295041 -0.00001740 0.99999565
0.99998734 -0.00329386 0.00380424 0.00329510 0.99999452 -0.00031733 -0.00380317 0.00032986 0.99999271
0.99999819 -0.00185547 0.00041709 0.00185604 0.99999734 -0.00136657 -0.00041456 0.00136734 0.99999898
0.99999442 -0.00233948 0.00238352 0.00234054 0.99999716 -0.00044176 -0.00238248 0.00044733 0.99999706
0.99999845 -0.00001558 0.00176098 0.00001363 0.99999939 0.00110842 -0.00176099 -0.00110840 0.99999784
0.99997533 -0.00691494 -0.00123102 0.00691561 0.99997594 0.00054218 0.00122724 -0.00055068 0.99999910
0.99999752 -0.00096589 0.00200542 0.00096727 0.99999929 -0.00069023 -0.00200475 0.00069217 0.99999775
0.99999347 0.00207753 0.00295855 -0.00207346 0.99999690 -0.00137844 -0.00296141 0.00137229 0.99999467
0.99999454 -0.00019308 0.00329925 0.00018041 0.99999261 0.00383900 -0.00329996 -0.00383838 0.99998719
0.99997967 -0.00604518 0.00203031 0.00604322 0.99998127 0.00096854 -0.00203613 -0.00095625 0.99999747
0.99999918 -0.00107344 0.00070219 0.00107342 0.99999942 0.00003217 -0.00070222 -0.00003142 0.99999975
0.99999504 -0.00314980 0.00008097 0.00314979 0.99999503 0.00015137 -0.00008144 -0.00015111 0.99999999
0.99999709 0.00126615 -0.00205521 -0.00126822 0.99999869 -0.00100765 0.00205393 0.00101025 0.99999738
0.99999997 -0.00003774 0.00024556 0.00003763 0.99999991 0.00042953 -0.00024557 -0.00042952 0.99999988
0.99999882 -0.00056421 0.00142618 0.00056207 0.99999871 0.00150281 -0.00142703 -0.00150201 0.99999785
0.99999853 -0.00019666 -0.00170411 0.00019368 0.99999846 -0.00174398 0.00170445 0.00174365 0.99999703
0.99999983 0.00036771 -0.00045807 -0.00036775 0.99999993 -0.00010606 0.00045803 0.00010623 0.99999989
0.99999617 0.00257705 0.00101131 -0.00258285 0.99998002 0.00576917 -0.00099642 -0.00577176 0.99998285
0.99999750 0.00177299 -0.00135961 -0.00177509 0.99999723 -0.00154716 0.00135686 0.00154957 0.99999788
0.99995359 0.00954516 0.00130870 -0.00955060 0.99994552 0.00421291 -0.00126842 -0.00422521 0.99999027
0.99999559 0.00213847 -0.00205848 -0.00213716 0.99999751 0.00064035 0.00205985 -0.00063595 0.99999768
0.99999294 -0.00228704 -0.00297999 0.00228770 0.99999736 0.00022012 0.00297948 -0.00022693 0.99999554
0.99997882 -0.00414600 -0.00501769 0.00415292 0.99999044 0.00136954 0.00501196 -0.00139035 0.99998647
0.99998845 -0.00035085 -0.00479250 0.00035907 0.99999846 0.00171534 0.00479189 -0.00171705 0.99998704
0.99999644 0.00060253 -0.00259974 -0.00059844 0.99999858 0.00157439 0.00260068 -0.00157283 0.99999538
0.99998965 0.00252764 -0.00378181 -0.00253105 0.99999639 -0.00089684 0.00377953 0.00090640 0.99999245
0.99998938 0.00002563 -0.00460860 -0.00002546 1.00000000 0.00003752 0.00460860 -0.00003741 0.99998938
0.99999877 -0.00153562 0.00031634 0.00153469 0.99999463 0.00289679 -0.00032078 -0.00289630 0.99999575
0.99999472 -0.00041104 -0.00322444 0.00041030 0.99999989 -0.00022982 0.00322454 0.00022850 0.99999478
0.99999366 0.00159887 -0.00318139 -0.00160023 0.99999863 -0.00042503 0.00318070 0.00043011 0.99999485
0.99999090 0.00088141 -0.00417514 -0.00088254 0.99999957 -0.00026805 0.00417490 0.00027173 0.99999125
0.99999075 -0.00014305 -0.00429904 0.00014365 0.99999998 0.00013795 0.00429902 -0.00013857 0.99999075
0.99999269 -0.00051775 -0.00378873 0.00051538 0.99999967 -0.00062597 0.00378905 0.00062401 0.99999263
0.99998656 0.00189109 -0.00482820 -0.00189941 0.99999672 -0.00171943 0.00482493 0.00172858 0.99998687
0.99997765 0.00234673 -0.00625975 -0.00236184 0.99999431 -0.00240761 0.00625407 0.00242234 0.99997751
0.99996505 0.00055948 -0.00834142 -0.00053497 0.99999554 0.00293951 0.00834303 -0.00293494 0.99996089
0.99994430 0.00085361 -0.01052022 -0.00086457 0.99999909 -0.00103752 0.01051932 0.00104656 0.99994412
0.99992676 0.00095511 -0.01206522 -0.00096867 0.99999891 -0.00111750 0.01206414 0.00112910 0.99992659
0.99985588 0.00193322 -0.01686688 -0.00193776 0.99999809 -0.00025326 0.01686636 0.00028591 0.99985771
0.99978880 0.00378808 -0.02019892 -0.00376567 0.99999225 0.00114745 0.02020311 -0.00107115 0.99979532
0.99975425 0.00188834 -0.02208792 -0.00188498 0.99999821 0.00017285 0.02208820 -0.00013117 0.99975602
0.99967542 0.00156764 -0.02542838 -0.00158575 0.99999850 -0.00069220 0.02542726 0.00073230 0.99967641
0.99959416 0.00144665 -0.02845042 -0.00144936 0.99999895 -0.00007469 0.02845028 0.00011589 0.99959520
0.99951665 0.00179504 -0.03103630 -0.00176478 0.99999794 0.00100231 0.03103804 -0.00094706 0.99951776
0.99937927 0.00043799 -0.03522606 -0.00039156 0.99999905 0.00132472 0.03522661 -0.00131010 0.99937849
0.99929815 0.00051686 -0.03745591 -0.00047462 0.99999924 0.00113651 0.03745647 -0.00111793 0.99929763
0.99924693 0.00114479 -0.03878492 -0.00106247 0.99999714 0.00214300 0.03878726 -0.00210018 0.99924528
0.99915995 0.00164393 -0.04094732 -0.00156233 0.99999673 0.00202466 0.04095051 -0.00195899 0.99915926
0.99908766 0.00053162 -0.04270323 -0.00047221 0.99999891 0.00140125 0.04270393 -0.00137981 0.99908682
0.99901453 -0.00014942 -0.04438409 0.00020979 0.99999906 0.00135557 0.04438385 -0.00136354 0.99901362
0.99893207 -0.00028371 -0.04620216 0.00030969 0.99999980 0.00055502 0.04620199 -0.00056873 0.99893196
0.99883860 -0.00109252 -0.04816898 0.00110871 0.99999934 0.00030940 0.04816861 -0.00036245 0.99883915
0.99874672 -0.00075782 -0.05004404 0.00077854 0.99999962 0.00039462 0.05004373 -0.00043309 0.99874693
0.99860639 -0.00002817 -0.05277576 0.00009925 0.99999909 0.00134422 0.05277567 -0.00134759 0.99860548
0.99855719 0.00227710 -0.05365023 -0.00226657 0.99999740 0.00025707 0.05365067 -0.00013509 0.99855976
0.99812354 -0.01116938 -0.06020497 0.01253131 0.99967297 0.02229160 0.05993630 -0.02300421 0.99793710
0.99832626 -0.00164624 -0.05780983 0.00182957 0.99999346 0.00311850 0.05780431 -0.00321905 0.99832274
0.99805272 -0.00387428 -0.06225558 0.00404011 0.99998862 0.00253791 0.06224504 -0.00278449 0.99805701
0.99793357 -0.00240425 -0.06420904 0.00255448 0.99999419 0.00225777 0.06420324 -0.00241712 0.99793392
0.99793514 0.00302193 -0.06415859 -0.00274752 0.99998670 0.00436479 0.06417092 -0.00417950 0.99793017
0.99798640 0.00656985 -0.06308705 -0.00635516 0.99997331 0.00360311 0.06310904 -0.00319493 0.99800152
0.99811709 0.00473777 -0.06115406 -0.00460887 0.99998685 0.00224864 0.06116391 -0.00196256 0.99812581
0.99804453 0.00248817 -0.06245733 -0.00240009 0.99999602 0.00148512 0.06246078 -0.00133231 0.99804653
0.99806142 0.00025336 -0.06223618 -0.00009844 0.99999689 0.00249231 0.06223662 -0.00248135 0.99805834
0.99812040 0.00065034 -0.06128008 -0.00039882 0.99999145 0.00411673 0.06128223 -0.00408455 0.99811212
0.99809076 0.00077037 -0.06175959 -0.00046660 0.99998772 0.00493289 0.06176264 -0.00489466 0.99807886
0.99798702 0.00016717 -0.06341825 0.00009725 0.99999132 0.00416645 0.06341839 -0.00416423 0.99797834
0.99786698 0.00213171 -0.06524531 -0.00185199 0.99998884 0.00434725 0.06525385 -0.00421715 0.99785979
0.99792676 0.00190505 -0.06433156 -0.00151721 0.99998038 0.00607707 0.06434187 -0.00596687 0.99791008
0.99761026 0.00064372 -0.06908951 -0.00057547 0.99999933 0.00100763 0.06909011 -0.00096547 0.99760996
0.99782647 0.00172830 -0.06587366 -0.00125290 0.99997288 0.00725755 0.06588442 -0.00715924 0.99780158
0.99732755 0.00143088 -0.07304601 -0.00104147 0.99998505 0.00536888 0.07305260 -0.00527845 0.99731412
0.99746790 0.00042736 -0.07111691 -0.00004469 0.99998551 0.00538242 0.07111818 -0.00536561 0.99745346
0.99750477 0.00080058 -0.07059456 -0.00074158 0.99999935 0.00086201 0.07059520 -0.00080750 0.99750472
0.99774945 -0.00001729 -0.06705246 0.00029682 0.99999131 0.00415886 0.06705181 -0.00416941 0.99774078
0.99794471 0.00126158 -0.06406851 -0.00121007 0.99999891 0.00084279 0.06406950 -0.00076353 0.99794515
0.99803315 0.00144942 -0.06267155 -0.00141056 0.99999878 0.00066428 0.06267244 -0.00057457 0.99803398
0.99821627 0.00157066 -0.05968089 -0.00149903 0.99999810 0.00124499 0.05968274 -0.00115331 0.99821673
0.99851024 0.00117804 -0.05455184 -0.00106054 0.99999706 0.00218273 0.05455425 -0.00212163 0.99850855
0.99873753 0.00284021 -0.05015264 -0.00277288 0.99999516 0.00141197 0.05015641 -0.00127112 0.99874057
0.99890355 -0.00129487 -0.04679761 0.00147285 0.99999181 0.00376893 0.04679235 -0.00383373 0.99889728
0.99877623 -0.00528463 -0.04917427 0.00551657 0.99997428 0.00458229 0.04914879 -0.00484795 0.99877970
0.99876534 -0.00172379 -0.04964693 0.00194519 0.99998838 0.00441160 0.04963875 -0.00450272 0.99875709
0.99883589 -0.00003897 -0.04823757 0.00015663 0.99999702 0.00243533 0.04823733 -0.00244005 0.99883292
0.99886684 0.00340770 -0.04747030 -0.00345641 0.99999358 -0.00094398 0.04746678 0.00110699 0.99887220
0.99902534 0.00196275 -0.04409664 -0.00207570 0.99999468 -0.00251588 0.04409147 0.00260496 0.99902410
0.99902150 0.00219933 -0.04417240 -0.00231247 0.99999417 -0.00251048 0.04416662 0.00261017 0.99902077
0.99926191 0.00156887 -0.03838195 -0.00166560 0.99999552 -0.00248842 0.03837788 0.00255052 0.99926004
0.99910989 0.00275076 -0.04209346 -0.00271044 0.99999581 0.00101481 0.04209608 -0.00089982 0.99911316
0.99910260 0.00436250 -0.04213041 -0.00434517 0.99999043 0.00050275 0.04213220 -0.00031924 0.99911199
0.99911137 0.00103629 -0.04213544 -0.00103440 0.99999946 0.00006677 0.04213549 -0.00002313 0.99911191
0.99909720 0.00035349 -0.04248119 -0.00030750 0.99999936 0.00108916 0.04248155 -0.00107512 0.99909667
0.99913726 -0.00175488 -0.04149281 0.00182489 0.99999697 0.00164937 0.04148979 -0.00172367 0.99913744
0.99922611 0.00058335 -0.03932980 -0.00043990 0.99999322 0.00365603 0.03933166 -0.00363590 0.99921960
0.99924716 0.00032257 -0.03879454 -0.00023085 0.99999717 0.00236893 0.03879519 -0.00235819 0.99924440
0.99929520 0.00227314 -0.03746905 -0.00222950 0.99999679 0.00120658 0.03747167 -0.00112219 0.99929706
0.99937797 0.00195510 -0.03521141 -0.00202629 0.99999597 -0.00198621 0.03520738 0.00205633 0.99937791
0.99942810 0.00262334 -0.03371342 -0.00268523 0.99999479 -0.00179040 0.03370854 0.00187991 0.99942994
0.99949392 0.00174240 -0.03176277 -0.00170574 0.99999785 0.00118128 0.03176476 -0.00112651 0.99949474
0.99951993 0.00118488 -0.03095959 -0.00112577 0.99999751 0.00192654 0.03096179 -0.00189076 0.99951878
0.99958224 0.00193373 -0.02883776 -0.00193764 0.99999812 -0.00010756 0.02883749 0.00016340 0.99958410
0.99964835 0.00190069 -0.02644913 -0.00187267 0.99999766 0.00108433 0.02645113 -0.00103442 0.99964957
0.99969361 0.00267812 -0.02460703 -0.00262014 0.99999372 0.00238816 0.02461327 -0.00232295 0.99969435
0.99973921 0.00197352 -0.02275135 -0.00193348 0.99999654 0.00178138 0.02275478 -0.00173692 0.99973957
0.99979316 0.00361465 -0.02001413 -0.00362457 0.99999333 -0.00045948 0.02001234 0.00053193 0.99979959
0.99985443 0.00499709 -0.01631427 -0.00502679 0.99998578 -0.00178004 0.01630514 0.00186179 0.99986533
0.99991561 0.00536622 -0.01183104 -0.00537366 0.99998538 -0.00059709 0.01182766 0.00066061 0.99992983
0.99995563 0.00547618 -0.00766443 -0.00546182 0.99998329 0.00189337 0.00767467 -0.00185142 0.99996884
0.99998932 0.00317867 -0.00335398 -0.00317442 0.99999415 0.00127139 0.00335800 -0.00126073 0.99999357
0.99999744 0.00226124 0.00001557 -0.00226121 0.99999652 -0.00135778 -0.00001864 0.00135774 0.99999908
0.99999600 0.00208326 0.00191136 -0.00208115 0.99999722 -0.00110628 -0.00191366 0.00110230 0.99999756
0.99999615 0.00014838 0.00276986 -0.00015046 0.99999971 0.00075087 -0.00276975 -0.00075129 0.99999588
0.99999602 0.00130480 0.00250155 -0.00130664 0.99999888 0.00073321 -0.00250059 -0.00073648 0.99999660
0.99998983 0.00135723 0.00430202 -0.00135880 0.99999901 0.00036054 -0.00430152 -0.00036638 0.99999068
0.99998581 0.00078893 0.00526834 -0.00079800 0.99999820 0.00171911 -0.00526698 -0.00172329 0.99998464
0.99998528 -0.00064956 0.00538709 0.00063859 0.99999772 0.00203883 -0.00538840 -0.00203536 0.99998341
0.99998670 0.00008106 0.00515746 -0.00009094 0.99999816 0.00191518 -0.00515729 -0.00191562 0.99998487
0.99998477 0.00055798 0.00549152 -0.00055710 0.99999983 -0.00016114 -0.00549161 0.00015808 0.99998491
0.99998392 0.00156553 0.00544994 -0.00156140 0.99999849 -0.00076218 -0.00545112 0.00075366 0.99998486
0.99998415 0.00123422 0.00549324 -0.00122909 0.99999881 -0.00093664 -0.00549439 0.00092987 0.99998447
0.99998553 0.00128891 0.00522226 -0.00128516 0.99999891 -0.00072171 -0.00522318 0.00071499 0.99998610
0.99998673 0.00068461 0.00510583 -0.00069751 0.99999657 0.00252451 -0.00510409 -0.00252804 0.99998378
0.99998852 -0.00056084 0.00475843 0.00054750 0.99999591 0.00280573 -0.00475998 -0.00280309 0.99998474
0.99998967 -0.00082526 0.00447042 0.00082689 0.99999959 -0.00036255 -0.00447012 0.00036624 0.99998994
0.99999209 -0.00126101 0.00377241 0.00126339 0.99999900 -0.00062862 -0.00377161 0.00063338 0.99999269
0.99999627 0.00005052 0.00273000 -0.00004822 0.99999964 -0.00084400 -0.00273004 0.00084386 0.99999592
0.99999648 -0.00066026 0.00256896 0.00067026 0.99999220 -0.00389235 -0.00256637 0.00389406 0.99998912
0.99999687 0.00008802 0.00250140 -0.00008224 0.99999733 -0.00230891 -0.00250160 0.00230870 0.99999421
0.99999688 0.00131338 0.00212524 -0.00131762 0.99999714 0.00199474 -0.00212261 -0.00199753 0.99999575
0.99999784 0.00001003 0.00207702 -0.00001520 0.99999691 0.00248664 -0.00207699 -0.00248666 0.99999475
0.99999810 0.00194248 -0.00014132 -0.00194232 0.99999744 0.00115829 0.00014357 -0.00115801 0.99999932
0.99999961 -0.00083212 0.00028417 0.00083211 0.99999965 0.00004093 -0.00028420 -0.00004070 0.99999996
0.99999848 0.00120356 -0.00125841 -0.00120269 0.99999904 0.00069492 0.00125924 -0.00069341 0.99999897
0.99999650 -0.00260883 -0.00044560 0.00260802 0.99999496 -0.00181117 0.00045032 0.00181000 0.99999826
0.99999904 -0.00084451 -0.00109824 0.00084263 0.99999818 -0.00171407 0.00109969 0.00171314 0.99999793
0.99999850 -0.00128631 -0.00116262 0.00128752 0.99999863 0.00104142 0.00116128 -0.00104291 0.99999878
0.99999974 0.00042416 -0.00058273 -0.00042263 0.99999648 0.00261887 0.00058384 -0.00261862 0.99999640
0.99999829 0.00177731 -0.00051622 -0.00177680 0.99999794 0.00098048 0.00051796 -0.00097956 0.99999939
0.99999863 0.00138801 -0.00089908 -0.00138739 0.99999880 0.00068947 0.00090003 -0.00068822 0.99999936
0.99999676 0.00254415 0.00007822 -0.00254401 0.99999524 -0.00174652 -0.00008266 0.00174631 0.99999847
0.99999636 0.00265492 -0.00048732 -0.00265521 0.99999629 -0.00060647 0.00048571 0.00060776 0.99999970
0.99999995 0.00014577 0.00027224 -0.00014534 0.99999871 -0.00159733 -0.00027247 0.00159729 0.99999869
0.99999999 -0.00000219 -0.00016943 0.00000192 0.99999874 -0.00159042 0.00016944 0.00159042 0.99999872
0.99999919 -0.00114898 -0.00054027 0.00114940 0.99999903 0.00078044 0.00053938 -0.00078106 0.99999955
0.99999949 0.00095838 -0.00032975 -0.00095828 0.99999950 0.00028583 0.00033002 -0.00028552 0.99999990
0.99999999 -0.00016096 -0.00001265 0.00016097 0.99999978 0.00065034 0.00001254 -0.00065034 0.99999979
0.99999742 0.00224996 0.00031980 -0.00225028 0.99999694 0.00102893 -0.00031748 -0.00102964 0.99999942
0.99999973 -0.00054289 0.00050324 0.00054305 0.99999980 -0.00031474 -0.00050307 0.00031501 0.99999982
0.99999996 0.00020460 -0.00020745 -0.00020480 0.99999953 -0.00094989 0.00020725 0.00094993 0.99999953
0.99999956 -0.00090881 0.00024928 0.00090865 0.99999940 0.00061551 -0.00024984 -0.00061528 0.99999978
0.99999961 -0.00088094 0.00011083 0.00088076 0.99999827 0.00163613 -0.00011227 -0.00163603 0.99999866
0.99999996 0.00025112 0.00014432 -0.00025096 0.99999938 -0.00108822 -0.00014460 0.00108818 0.99999940
0.99999997 0.00014882 0.00017927 -0.00014841 0.99999730 -0.00232048 -0.00017961 0.00232046 0.99999729
0.99999977 0.00062415 0.00026309 -0.00062420 0.99999979 0.00018373 -0.00026298 -0.00018389 0.99999995
0.99999930 0.00114822 0.00027453 -0.00114820 0.99999934 -0.00008182 -0.00027463 0.00008150 0.99999996
0.99999998 0.00020674 0.00002219 -0.00020671 0.99999889 -0.00147218 -0.00002249 0.00147217 0.99999892
0.99999806 0.00195842 0.00019175 -0.00195864 0.99999738 0.00118223 -0.00018943 -0.00118260 0.99999928
0.99999764 0.00216787 -0.00010969 -0.00216765 0.99999575 0.00195168 0.00011392 -0.00195143 0.99999809
