0.99999973 0.00048051 0.00056070 -0.00048226 0.99999502 0.00311847 -0.00055920 -0.00311874 0.99999498
0.99997400 0.00050377 -0.00719398 -0.00050348 0.99999987 0.00004222 0.00719400 -0.00003860 0.99997412
0.99997240 0.00039707 -0.00741851 -0.00040276 0.99999963 -0.00076477 0.00741821 0.00076774 0.99997219
0.99995891 0.00180322 -0.00888358 -0.00181623 0.99999729 -0.00145555 0.00888093 0.00147163 0.99995948
0.99993168 -0.00065807 -0.01167027 0.00063235 0.99999736 -0.00220718 0.01167169 0.00219965 0.99992946
0.99991133 0.00065005 -0.01330084 -0.00066485 0.99999916 -0.00110881 0.01330011 0.00111756 0.99991093
0.99987344 0.00027299 -0.01590660 -0.00027573 0.99999995 -0.00017020 0.01590655 0.00017456 0.99987347
0.99983689 -0.00130693 -0.01801339 0.00130505 0.99999914 -0.00011587 0.01801353 0.00009234 0.99983774
0.99979988 -0.00104459 -0.01997752 0.00103952 0.99999942 -0.00026449 0.01997779 0.00024367 0.99980039
0.99976296 -0.00093541 -0.02175199 0.00091577 0.99999916 -0.00091287 0.02175282 0.00089274 0.99976298
0.99969958 0.00468127 -0.02405895 -0.00471953 0.99998769 -0.00153343 0.02405147 0.00164652 0.99970937
0.99966427 0.00466661 -0.02548656 -0.00470117 0.99998811 -0.00129633 0.02548021 0.00141571 0.99967432
0.99963432 0.00432070 -0.02669365 -0.00434895 0.99999004 -0.00100025 0.02668906 0.00111597 0.99964316
0.99956532 0.00177040 -0.02942851 -0.00178365 0.99999832 -0.00042422 0.02942771 0.00047653 0.99956680
0.99944119 0.00243842 -0.03333717 -0.00242181 0.99999692 0.00053875 0.03333838 -0.00045771 0.99944402
0.99940706 -0.00059532 -0.03442647 0.00062862 0.99999934 0.00095653 0.03442588 -0.00097761 0.99940678
0.99936286 0.00341956 -0.03552724 -0.00339589 0.99999397 0.00072666 0.03552951 -0.00060555 0.99936844
0.99935832 0.00434545 -0.03555378 -0.00433706 0.99999055 0.00031322 0.03555480 -0.00015882 0.99936772
0.99933390 0.00353987 -0.03632122 -0.00353421 0.99999373 0.00022006 0.03632177 -0.00009155 0.99934014
0.99925920 0.00047653 -0.03848146 -0.00046916 0.99999987 0.00020060 0.03848155 -0.00018240 0.99925929
0.99914177 -0.00354984 -0.04126898 0.00349045 0.99999277 -0.00151106 0.04127405 0.00136572 0.99914693
0.99902260 -0.00472048 -0.04394951 0.00466939 0.99998830 -0.00126497 0.04395497 0.00105851 0.99903295
0.99893936 0.00265433 -0.04596868 -0.00257898 0.99999523 0.00169826 0.04597297 -0.00157791 0.99894144
0.99870075 0.00415167 -0.05078944 -0.00403477 0.99998897 0.00240406 0.05079886 -0.00219601 0.99870649
0.99861554 0.00234807 -0.05254988 -0.00235272 0.99999723 -0.00002665 0.05254967 0.00015025 0.99861830
0.99870551 -0.00084026 -0.05085869 0.00079507 0.99999927 -0.00090861 0.05085941 0.00086700 0.99870545
0.99844433 -0.00457498 -0.05556964 0.00454814 0.99998947 -0.00060943 0.05557185 0.00035574 0.99845463
0.99837732 -0.00471833 -0.05674908 0.00475306 0.99998859 0.00047699 0.05674618 -0.00074595 0.99838836
0.99839531 -0.00340144 -0.05652647 0.00355127 0.99999044 0.00255030 0.05651726 -0.00274695 0.99839784
0.99827695 -0.00158456 -0.05865683 0.00171492 0.99999617 0.00217223 0.05865316 -0.00226908 0.99827584
0.99816204 -0.00415725 -0.06045880 0.00436307 0.99998513 0.00327262 0.06044430 -0.00353040 0.99816533
0.99831251 -0.00068340 -0.05806610 0.00083792 0.99999617 0.00263679 0.05806408 -0.00268099 0.99830926
0.99822302 0.00243812 -0.05953866 -0.00239696 0.99999684 0.00076264 0.05954033 -0.00061857 0.99822571
0.99823620 0.00181660 -0.05933966 -0.00175116 0.99999780 0.00115484 0.05934163 -0.00104889 0.99823718
0.99830912 -0.00056929 -0.05812554 0.00074035 0.99999546 0.00292151 0.05812362 -0.00295960 0.99830501
0.99843814 -0.00363828 -0.05574990 0.00381583 0.99998798 0.00307870 0.05573803 -0.00328662 0.99844002
0.99856714 -0.00269800 -0.05344519 0.00276388 0.99999551 0.00115889 0.05344183 -0.00130494 0.99857011
0.99880092 0.00327723 -0.04884648 -0.00327247 0.99999463 0.00017745 0.04884680 -0.00001739 0.99880628
0.99906677 0.00285355 -0.04309802 -0.00288206 0.99999567 -0.00059939 0.04309612 0.00072304 0.99907067
0.99928737 0.00416801 -0.03751493 -0.00424543 0.99998902 -0.00198424 0.03750625 0.00214209 0.99929410
0.99940555 0.00031592 -0.03447399 -0.00042234 0.99999517 -0.00307983 0.03447285 0.00309256 0.99940085
0.99955369 0.00038921 -0.02987089 -0.00046577 0.99999663 -0.00255587 0.02986979 0.00256864 0.99955050
0.99964971 0.00165913 -0.02641396 -0.00170013 0.99999738 -0.00152986 0.02641136 0.00157423 0.99964992
0.99978440 0.00097561 -0.02074131 -0.00102279 0.99999691 -0.00226429 0.02073903 0.00228501 0.99978231
0.99987222 -0.00055678 -0.01597632 0.00055017 0.99999976 -0.00041832 0.01597655 0.00040947 0.99987228
0.99990871 -0.00197170 -0.01336719 0.00197678 0.99999798 0.00036737 0.01336644 -0.00039376 0.99991059
0.99996242 0.00286520 -0.00818167 -0.00286072 0.99999575 0.00055910 0.00818324 -0.00053568 0.99996637
0.99997411 0.00208669 -0.00688730 -0.00207454 0.99999628 0.00177192 0.00689097 -0.00175759 0.99997471
0.99998482 -0.00027604 -0.00550312 0.00028157 0.99999946 0.00100512 0.00550284 -0.00100665 0.99998435
0.99999857 -0.00121007 -0.00117746 0.00121040 0.99999923 0.00028223 0.00117712 -0.00028365 0.99999927
0.99999624 -0.00234189 0.00142733 0.00233854 0.99999451 0.00234963 -0.00143282 -0.00234628 0.99999622
0.99999844 0.00101929 0.00144038 -0.00102291 0.99999632 0.00251275 -0.00143781 -0.00251422 0.99999581
0.99999496 0.00233502 0.00215052 -0.00233542 0.99999726 0.00018269 -0.00215009 -0.00018772 0.99999767
0.99999638 0.00198055 0.00182083 -0.00197676 0.99999588 -0.00208053 -0.00182494 0.00207693 0.99999618
0.99999890 0.00042903 0.00142208 -0.00042922 0.99999990 0.00013409 -0.00142202 -0.00013470 0.99999898
0.99999679 -0.00018027 0.00252769 0.00017229 0.99999501 0.00315402 -0.00252825 -0.00315358 0.99999183
0.99999755 0.00080009 0.00206563 -0.00080767 0.99999292 0.00367434 -0.00206267 -0.00367600 0.99999112
0.99999595 0.00231535 0.00165530 -0.00231870 0.99999526 0.00202626 -0.00165060 -0.00203009 0.99999658
0.99999758 0.00060392 0.00211724 -0.00060174 0.99999929 -0.00102828 -0.00211785 0.00102701 0.99999723
0.99999227 0.00321100 0.00227068 -0.00320440 0.99999065 -0.00290337 -0.00227998 0.00289607 0.99999321
0.99999520 0.00239967 0.00195745 -0.00239984 0.99999712 0.00008534 -0.00195724 -0.00009003 0.99999808
0.99998490 -0.00529337 0.00147817 0.00529066 0.99998432 0.00183690 -0.00148787 -0.00182906 0.99999722
0.99999563 -0.00280217 0.00094712 0.00280028 0.99999409 0.00199231 -0.00095270 -0.00198964 0.99999757
0.99999971 -0.00019913 0.00074010 0.00019809 0.99999899 0.00140914 -0.00074038 -0.00140900 0.99999873
0.99999899 -0.00119314 0.00077474 0.00119678 0.99998821 -0.00470629 -0.00076912 0.00470721 0.99998863
0.99999271 -0.00381915 0.00003802 0.00381932 0.99996820 -0.00700102 -0.00001128 0.00700111 0.99997549
0.99999575 -0.00289524 -0.00033480 0.00289358 0.99998405 -0.00485006 0.00034884 0.00484907 0.99998818
0.99999900 -0.00126567 0.00063161 0.00126492 0.99999849 0.00118789 -0.00063311 -0.00118709 0.99999909
0.99999913 -0.00009559 -0.00131383 0.00010584 0.99996955 0.00780364 0.00131305 -0.00780377 0.99996869
0.99999933 0.00115421 0.00010419 -0.00115495 0.99997223 0.00736306 -0.00009569 -0.00736318 0.99997289
0.99999486 0.00255153 0.00194023 -0.00256432 0.99997481 0.00661836 -0.00192330 -0.00662330 0.99997622
0.99999656 0.00261533 -0.00018285 -0.00261519 0.99999629 0.00076533 0.00018485 -0.00076485 0.99999969
0.99999991 0.00041731 0.00002005 -0.00041724 0.99999405 -0.00342332 -0.00002148 0.00342332 0.99999414
0.99999963 0.00068516 -0.00051822 -0.00068672 0.99999523 -0.00301250 0.00051615 0.00301285 0.99999533
0.99999916 0.00127380 -0.00022003 -0.00127359 0.99999874 0.00095116 0.00022124 -0.00095088 0.99999952
0.99999912 0.00127591 0.00036616 -0.00127674 0.99999659 0.00227658 -0.00036325 -0.00227704 0.99999734
0.99999856 0.00117202 0.00122643 -0.00117045 0.99999849 -0.00128241 -0.00122793 0.00128097 0.99999843
0.99999651 0.00086714 0.00249503 -0.00085421 0.99998624 -0.00517671 -0.00249949 0.00517456 0.99998349
0.99999949 0.00099563 -0.00019517 -0.00099642 0.99999105 -0.00411284 0.00019108 0.00411304 0.99999152
0.99999849 -0.00001686 0.00173926 0.00001481 0.99999931 0.00117668 -0.00173928 -0.00117665 0.99999780
0.99999996 -0.00008552 0.00028162 0.00008497 0.99999806 0.00196862 -0.00028179 -0.00196860 0.99999802
0.99999964 0.00035149 -0.00077167 -0.00034783 0.99998870 0.00474087 0.00077333 -0.00474060 0.99998846
0.99999939 -0.00107329 0.00027911 0.00107177 0.99998491 0.00538726 -0.00028489 -0.00538696 0.99998545
0.99999958 0.00087652 -0.00027652 -0.00087560 0.99999412 0.00331574 0.00027942 -0.00331550 0.99999446
0.99999975 0.00018861 0.00068714 -0.00018846 0.99999996 -0.00021912 -0.00068718 0.00021899 0.99999974
0.99999786 -0.00202012 0.00044154 0.00202246 0.99998350 -0.00537727 -0.00043067 0.00537815 0.99998544
0.99999904 0.00117596 0.00072666 -0.00117300 0.99999106 -0.00406238 -0.00073143 0.00406152 0.99999148
0.99999130 0.00389814 0.00148463 -0.00389558 0.99999093 -0.00172347 -0.00149133 0.00171768 0.99999741
0.99999464 0.00322575 -0.00056087 -0.00322669 0.99999336 -0.00169465 0.00055540 0.00169645 0.99999841
0.99999383 -0.00310245 -0.00164717 0.00309794 0.99999147 -0.00273235 0.00165563 0.00272723 0.99999491
0.99999264 -0.00373201 -0.00089299 0.00372707 0.99997809 -0.00547124 0.00091339 0.00546787 0.99998463
0.99998908 -0.00466795 -0.00021355 0.00466766 0.99998822 -0.00132837 0.00021974 0.00132736 0.99999909
0.99999977 -0.00058392 -0.00033689 0.00058500 0.99999464 0.00322136 0.00033501 -0.00322155 0.99999475
0.99999649 -0.00184052 -0.00190458 0.00185290 0.99997703 0.00651976 0.00189254 -0.00652327 0.99997693
0.99999371 -0.00333863 -0.00119730 0.00334318 0.99998712 0.00381811 0.00118454 -0.00382209 0.99999199
0.99999964 -0.00035484 -0.00077679 0.00035378 0.99999901 -0.00135857 0.00077727 0.00135829 0.99999878
0.99999433 0.00321969 -0.00098872 -0.00322302 0.99998908 -0.00338528 0.00097781 0.00338845 0.99999378
0.99998381 0.00565257 -0.00066020 -0.00565464 0.99997894 -0.00318660 0.00064217 0.00319028 0.99999470
0.99999324 0.00353511 -0.00101589 -0.00353630 0.99999305 -0.00118086 0.00101171 0.00118444 0.99999879
0.99999701 0.00241511 0.00038503 -0.00241569 0.99999592 0.00152418 -0.00038134 -0.00152511 0.99999876
0.99999960 -0.00057994 -0.00067991 0.00058095 0.99999874 0.00147849 0.00067905 -0.00147888 0.99999868
0.99999830 0.00182040 -0.00028888 -0.00182050 0.99999828 -0.00034598 0.00028825 0.00034650 0.99999990
0.99999911 -0.00115412 -0.00067442 0.00115406 0.99999933 -0.00009584 0.00067453 0.00009506 0.99999977
0.99999782 -0.00062906 -0.00198974 0.00063209 0.99999864 0.00152216 0.00198878 -0.00152341 0.99999686
0.99999982 0.00046500 0.00037850 -0.00046615 0.99999530 0.00302891 -0.00037709 -0.00302908 0.99999534
0.99999993 0.00036795 0.00011368 -0.00036843 0.99999106 0.00421153 -0.00011212 -0.00421157 0.99999113
0.99999978 -0.00016380 -0.00064056 0.00016527 0.99999735 0.00229748 0.00064018 -0.00229759 0.99999716
0.99999989 -0.00035392 -0.00029874 0.00035398 0.99999992 0.00020381 0.00029867 -0.00020392 0.99999993
0.99999994 -0.00022085 -0.00026359 0.00022013 0.99999619 -0.00275064 0.00026419 0.00275059 0.99999618
0.99999889 -0.00146987 -0.00023418 0.00146888 0.99999021 -0.00417458 0.00024031 0.00417423 0.99999126
0.99999978 0.00013225 -0.00064427 -0.00013422 0.99999534 -0.00305100 0.00064386 0.00305109 0.99999514
0.99999818 0.00061591 0.00180573 -0.00061159 0.99999695 -0.00239153 -0.00180720 0.00239042 0.99999551
0.99999468 0.00238634 0.00222484 -0.00238462 0.99999686 -0.00077452 -0.00222668 0.00076921 0.99999723
0.99999272 0.00037308 0.00379828 -0.00037593 0.99999965 0.00075081 -0.00379800 -0.00075223 0.99999250
0.99998449 -0.00072803 0.00552210 0.00072115 0.99999896 0.00124787 -0.00552301 -0.00124386 0.99998397
0.99997950 -0.00161754 0.00619590 0.00160943 0.99999784 0.00131327 -0.00619801 -0.00130327 0.99997994
0.99994317 0.00441282 0.00970488 -0.00444040 0.99998616 0.00282144 -0.00969229 -0.00286437 0.99994893
0.99992118 0.00220804 0.01235914 -0.00223054 0.99999588 0.00180692 -0.01235510 -0.00183435 0.99992199
0.99987719 0.00228313 0.01550473 -0.00230733 0.99999615 0.00154324 -0.01550115 -0.00157883 0.99987860
0.99978505 0.00127662 0.02069348 -0.00129906 0.99999858 0.00107104 -0.02069208 -0.00109769 0.99978529
0.99975241 0.00032771 0.02224869 -0.00033628 0.99999987 0.00038168 -0.02224856 -0.00038906 0.99975239
0.99961701 -0.00087783 0.02765971 0.00086683 0.99999954 0.00040982 -0.02766005 -0.00038569 0.99961731
0.99953005 -0.00221982 0.03057383 0.00221904 0.99999754 0.00005946 -0.03057389 0.00000841 0.99953251
0.99942663 -0.00282548 0.03374071 0.00280942 0.99999592 0.00052341 -0.03374205 -0.00042832 0.99943048
0.99927522 -0.00199315 0.03801390 0.00197655 0.99999793 0.00047420 -0.03801477 -0.00039872 0.99927710
0.99912307 -0.00232463 0.04180535 0.00231731 0.99999729 0.00022351 -0.04180576 -0.00012644 0.99912575
0.99892719 -0.00245138 0.04624338 0.00239228 0.99999625 0.00133322 -0.04624647 -0.00122116 0.99892931
0.99884553 -0.00462832 0.04781401 0.00464911 0.99998914 -0.00032346 -0.04781200 0.00054537 0.99885620
0.99855143 -0.00979206 0.05290697 0.00989880 0.99994946 -0.00175598 -0.05288710 0.00227715 0.99859790
0.99860904 -0.00675973 0.05229046 0.00694218 0.99997043 -0.00330833 -0.05226655 0.00366674 0.99862644
0.99827803 -0.00548006 0.05840324 0.00567180 0.99997905 -0.00311785 -0.05838493 0.00344373 0.99828821
0.99845687 -0.00077870 0.05552724 0.00071411 0.99999905 0.00118302 -0.05552811 -0.00114154 0.99845647
0.99863166 -0.00236817 0.05224174 0.00230929 0.99999663 0.00118738 -0.05224438 -0.00106512 0.99863376
0.99862446 -0.01073667 0.05132172 0.01072208 0.99994236 0.00055958 -0.05132477 -0.00000854 0.99868202
0.99851931 -0.01214283 0.05302575 0.01215120 0.99992616 0.00016458 -0.05302383 0.00047999 0.99859313
0.99846271 -0.00171711 0.05540106 0.00188384 0.99999385 -0.00295747 -0.05539564 0.00305729 0.99845980
0.99837853 0.00258449 0.05686508 -0.00214832 0.99996781 -0.00773010 -0.05688323 0.00759540 0.99835195
0.99837355 0.00373021 0.05688882 -0.00305776 0.99992448 -0.01190288 -0.05692892 0.01170957 0.99830956
0.99829065 0.00506802 0.05822450 -0.00453314 0.99994634 -0.00931483 -0.05826858 0.00903496 0.99826006
0.99813306 0.00450603 0.06091051 -0.00437058 0.99998767 -0.00235693 -0.06092038 0.00208632 0.99814045
0.99822162 0.00182335 0.05958418 -0.00172365 0.99999703 -0.00172457 -0.05958714 0.00161880 0.99822179
0.99831629 0.00339617 0.05790545 -0.00322754 0.99999027 -0.00300550 -0.05791509 0.00281355 0.99831755
0.99854778 0.00040026 0.05387178 -0.00047529 0.99999893 0.00137998 -0.05387117 -0.00140358 0.99854691
0.99877458 0.00737261 0.04893856 -0.00742303 0.99997209 0.00084870 -0.04893094 -0.00121093 0.99880143
0.99893653 0.00636658 0.04566491 -0.00627882 0.99997816 -0.00206516 -0.04567706 0.00177624 0.99895468
0.99928868 0.00276204 0.03760982 -0.00281243 0.99999522 0.00128703 -0.03760609 -0.00139189 0.99929167
0.99952071 -0.00118837 0.03093438 0.00111391 0.99999644 0.00242393 -0.03093715 -0.00238831 0.99951848
0.99971880 -0.00178309 0.02364600 0.00172934 0.99999588 0.00229322 -0.02364999 -0.00225168 0.99971776
0.99974328 -0.00018780 0.02265713 0.00014468 0.99999818 0.00190455 -0.02265745 -0.00190079 0.99974148
0.99982805 0.00058727 0.01853444 -0.00063527 0.99999646 0.00258355 -0.01853286 -0.00259488 0.99982488
0.99987565 0.00535134 0.01483412 -0.00536567 0.99998518 0.00092656 -0.01482894 -0.00100604 0.99988954
0.99991311 0.00322949 0.01278092 -0.00325137 0.99999328 0.00169148 -0.01277538 -0.00173288 0.99991689
0.99992402 -0.00278909 0.01200765 0.00279209 0.99999607 -0.00023350 -0.01200695 0.00026700 0.99992788
0.99991458 -0.00128395 0.01300724 0.00128810 0.99999912 -0.00031068 -0.01300683 0.00032741 0.99991535
0.99989331 0.00017108 0.01460610 -0.00018110 0.99999975 0.00068439 -0.01460598 -0.00068696 0.99989309
0.99986954 0.00429401 0.01557153 -0.00428892 0.99999074 -0.00036038 -0.01557293 0.00029355 0.99987869
0.99992074 0.00025040 0.01258759 -0.00020071 0.99999218 -0.00394915 -0.01258848 0.00394631 0.99991297
0.99993077 0.00002485 0.01176695 0.00003036 0.99998900 -0.00469132 -0.01176693 0.00469136 0.99991976
0.99995573 -0.00153853 0.00928315 0.00159628 0.99997940 -0.00621778 -0.00927339 0.00623233 0.99993758
0.99997138 0.00018079 0.00756386 -0.00018300 0.99999994 0.00029189 -0.00756380 -0.00029327 0.99997135
0.99997549 0.00166089 0.00680103 -0.00170262 0.99997973 0.00613475 -0.00679070 -0.00614618 0.99995805
0.99998801 0.00202768 0.00445660 -0.00206495 0.99996280 0.00837427 -0.00443945 -0.00838337 0.99995500
0.99998377 0.00108948 0.00559282 -0.00111071 0.99999218 0.00379488 -0.00558864 -0.00380103 0.99997716
0.99998450 0.00052540 0.00554233 -0.00052061 0.99999949 -0.00086463 -0.00554278 0.00086173 0.99998427
0.99999617 -0.00060962 0.00270050 0.00061148 0.99999958 -0.00068863 -0.00270008 0.00069027 0.99999612
0.99999083 0.00011413 0.00428034 -0.00012356 0.99999757 0.00220282 -0.00428008 -0.00220332 0.99998841
0.99999340 -0.00255374 0.00258237 0.00254697 0.99999332 0.00262350 -0.00258905 -0.00261690 0.99999322
0.99999132 -0.00355948 0.00216705 0.00355648 0.99999271 0.00138918 -0.00217197 -0.00138146 0.99999669
0.99999568 -0.00161424 0.00245601 0.00162277 0.99999265 -0.00347239 -0.00245039 0.00347636 0.99999096
0.99999143 0.00389323 0.00141131 -0.00388199 0.99996142 -0.00787916 -0.00144193 0.00787362 0.99996796
0.99998886 0.00396339 0.00256379 -0.00394363 0.99996282 -0.00766796 -0.00259408 0.00765776 0.99996731
0.99999916 0.00030815 0.00126262 -0.00030292 0.99999139 -0.00413900 -0.00126388 0.00413861 0.99999064
0.99999781 0.00082282 0.00192297 -0.00082653 0.99999780 0.00192913 -0.00192138 -0.00193072 0.99999629
0.99999407 0.00295123 0.00177653 -0.00295674 0.99999080 0.00310681 -0.00176734 -0.00311205 0.99999360
0.99999205 0.00347235 0.00195837 -0.00348274 0.99997976 0.00532416 -0.00193984 -0.00533093 0.99998391
0.99999396 -0.00237404 0.00253994 0.00236959 0.99999566 0.00175356 -0.00254409 -0.00174753 0.99999524
0.99999278 -0.00355426 0.00134525 0.00355407 0.99999367 0.00014632 -0.00134577 -0.00014153 0.99999908
0.99999541 -0.00302983 -0.00007018 0.00302984 0.99999540 0.00014864 0.00006973 -0.00014885 0.99999999
0.99999917 -0.00027236 0.00126206 0.00027462 0.99999835 -0.00179352 -0.00126157 0.00179387 0.99999760
0.99999849 -0.00170142 0.00034511 0.00170199 0.99999717 -0.00166067 -0.00034228 0.00166126 0.99999856
0.99999846 -0.00167346 0.00053335 0.00167347 0.99999860 -0.00001656 -0.00053332 0.00001745 0.99999986
0.99998947 0.00430082 0.00160354 -0.00430285 0.99998994 0.00126881 -0.00159807 -0.00127569 0.99999791
0.99999998 -0.00013510 0.00015674 0.00013527 0.99999941 -0.00107531 -0.00015660 0.00107533 0.99999941
0.99999635 -0.00172559 -0.00207872 0.00172550 0.99999851 -0.00004561 0.00207880 0.00004203 0.99999784
0.99999529 -0.00227649 -0.00205990 0.00227736 0.99999732 0.00042052 0.00205894 -0.00042521 0.99999779
0.99999226 0.00150680 -0.00363336 -0.00150651 0.99999886 0.00008228 0.00363348 -0.00007680 0.99999340
0.99998578 0.00447150 -0.00290640 -0.00447253 0.99998994 -0.00034962 0.00290480 0.00036262 0.99999572
0.99999713 0.00041270 -0.00236003 -0.00042374 0.99998898 -0.00467583 0.00235808 0.00467681 0.99998628
0.99999823 0.00087100 -0.00166836 -0.00087748 0.99999207 -0.00388394 0.00166496 0.00388540 0.99999107
0.99999431 -0.00291617 -0.00169689 0.00291038 0.99998998 -0.00340245 0.00170680 0.00339749 0.99999277
0.99998561 -0.00408772 -0.00347480 0.00409139 0.99999108 0.00104817 0.00347049 -0.00106237 0.99999341
0.99999858 0.00021518 -0.00167264 -0.00021401 0.99999973 0.00069742 0.00167279 -0.00069706 0.99999836
0.99999870 0.00038467 -0.00156868 -0.00038121 0.99999750 0.00220446 0.00156953 -0.00220386 0.99999634
0.99999991 -0.00028480 -0.00030196 0.00028605 0.99999135 0.00415033 0.00030078 -0.00415042 0.99999134
0.99999906 -0.00134397 0.00025724 0.00134279 0.99998890 0.00451687 -0.00026330 -0.00451652 0.99998977
0.99999855 -0.00162301 0.00050812 0.00162180 0.99999588 0.00236763 -0.00051196 -0.00236680 0.99999707
0.99999322 0.00300122 0.00213369 -0.00300171 0.99999547 0.00022520 -0.00213300 -0.00023161 0.99999770
0.99999889 -0.00023237 0.00147432 0.00023488 0.99999852 -0.00170353 -0.00147392 0.00170387 0.99999746
0.99999369 -0.00317942 0.00158759 0.00318263 0.99999288 -0.00202516 -0.00158114 0.00203020 0.99999669
0.99998629 -0.00502172 0.00148579 0.00502354 0.99998663 -0.00122679 -0.00147961 0.00123423 0.99999814
0.99999570 -0.00277843 0.00093331 0.00277816 0.99999610 0.00029227 -0.00093412 -0.00028968 0.99999952
0.99999535 -0.00286287 0.00105434 0.00286029 0.99999293 0.00243992 -0.00106132 -0.00243690 0.99999647
0.99999500 -0.00296233 0.00110767 0.00295970 0.99999281 0.00236870 -0.00111468 -0.00236541 0.99999658
0.99999995 0.00009384 -0.00031302 -0.00009397 0.99999991 -0.00041003 0.00031299 0.00041006 0.99999987
0.99999832 0.00171802 -0.00063804 -0.00172121 0.99998587 -0.00503031 0.00062939 0.00503140 0.99998714
0.99999159 0.00403013 0.00076634 -0.00402523 0.99997209 -0.00629361 -0.00079168 0.00629047 0.99997990
0.99999486 0.00313061 0.00069425 -0.00312765 0.99998618 -0.00422508 -0.00070747 0.00422289 0.99999083
0.99997997 0.00606849 0.00179596 -0.00605979 0.99997006 -0.00481169 -0.00182511 0.00480071 0.99998681
0.99999965 0.00032285 0.00076950 -0.00032198 0.99999931 -0.00113340 -0.00076987 0.00113315 0.99999906
0.99999901 -0.00120449 -0.00073180 0.00120897 0.99998035 0.00615067 0.00072438 -0.00615155 0.99998082
0.99999981 0.00038726 0.00048125 -0.00039153 0.99996034 0.00889778 -0.00047778 -0.00889797 0.99996030
0.99999785 -0.00158443 -0.00133727 0.00159400 0.99997290 0.00718697 0.00132584 -0.00718909 0.99997328
0.99999253 -0.00249517 -0.00295316 0.00248631 0.99999241 -0.00300050 0.00296062 0.00299313 0.99999114
0.99997575 -0.00653408 -0.00240933 0.00652424 0.99997043 -0.00407047 0.00243586 0.00405465 0.99998881
0.99997750 -0.00482992 -0.00465548 0.00481790 0.99998504 -0.00259038 0.00466792 0.00256790 0.99998581
0.99999401 0.00251516 -0.00237744 -0.00252233 0.99999227 -0.00301608 0.00236984 0.00302206 0.99999263
0.99999142 0.00072792 -0.00407709 -0.00073857 0.99999632 -0.00261164 0.00407517 0.00261463 0.99998828
0.99999166 0.00287957 -0.00289632 -0.00289123 0.99998770 -0.00402903 0.00288469 0.00403737 0.99998769
0.99998259 -0.00114071 -0.00578996 0.00111715 0.99999109 -0.00407007 0.00579455 0.00406353 0.99997496
0.99998836 0.00374922 -0.00303541 -0.00374949 0.99999297 -0.00008337 0.00303508 0.00009475 0.99999539
0.99998447 0.00503072 -0.00239900 -0.00502854 0.99998694 0.00091227 0.00240356 -0.00090020 0.99999671
0.99998244 0.00541964 -0.00239849 -0.00540594 0.99996925 0.00568094 0.00242921 -0.00566788 0.99998099
0.99998662 -0.00062946 -0.00513398 0.00065775 0.99998460 0.00551104 0.00513043 -0.00551434 0.99997163
0.99998676 0.00123146 -0.00499558 -0.00122103 0.99999707 0.00209180 0.00499814 -0.00208567 0.99998533
0.99998235 0.00035383 -0.00593129 -0.00034915 0.99999963 0.00079050 0.00593157 -0.00078842 0.99998210
0.99997199 -0.00198947 -0.00721545 0.00201050 0.99999375 0.00290840 0.00720962 -0.00292282 0.99996974
0.99997916 0.00099291 -0.00637936 -0.00099600 0.99999939 -0.00048058 0.00637888 0.00048692 0.99997954
0.99997560 0.00408518 -0.00566736 -0.00408917 0.99999140 -0.00069203 0.00566448 0.00071519 0.99998370
0.99998882 0.00365022 -0.00300539 -0.00365973 0.99998829 -0.00316522 0.00299381 0.00317618 0.99999047
0.99998288 -0.00086319 -0.00578759 0.00084596 0.99999521 -0.00297762 0.00579013 0.00297268 0.99997882
0.99998437 0.00088411 -0.00552016 -0.00089278 0.99999837 -0.00156831 0.00551877 0.00157322 0.99998353
0.99998820 0.00001944 -0.00485795 0.00000745 0.99998468 0.00553503 0.00485799 -0.00553500 0.99997288
0.99998265 0.00086837 -0.00582681 -0.00083747 0.99998558 0.00530394 0.00583133 -0.00529897 0.99996896
0.99997521 -0.00138780 -0.00690311 0.00139890 0.99999774 0.00160388 0.00690087 -0.00161350 0.99997489
0.99997807 -0.00141595 -0.00646987 0.00139029 0.99999116 -0.00396756 0.00647543 0.00395848 0.99997120
0.99995710 -0.00132638 -0.00916759 0.00126117 0.99997389 -0.00711578 0.00917679 0.00710391 0.99993266
0.99994489 -0.00386176 -0.00976265 0.00384278 0.99999069 -0.00196190 0.00977013 0.00192427 0.99995042
0.99994140 -0.00072392 -0.01080190 0.00074551 0.99999773 0.00199471 0.01080043 -0.00200265 0.99993967
0.99993413 -0.00180170 -0.01133492 0.00186702 0.99998170 0.00575449 0.01132435 -0.00577528 0.99991920
0.99991911 0.00003718 -0.01271876 0.00002588 0.99998771 0.00495784 0.01271879 -0.00495777 0.99990682
0.99993540 -0.00021107 -0.01136418 0.00025134 0.99999369 0.00354229 0.01136336 -0.00354492 0.99992915
0.99992133 0.00425561 -0.01179925 -0.00431196 0.99997940 -0.00475368 0.01177878 0.00480419 0.99991909
0.99990852 0.00236035 -0.01331826 -0.00248350 0.99995425 -0.00923763 0.01329585 0.00926986 0.99986864
0.99992535 -0.00227338 -0.01200523 0.00220215 0.99997991 -0.00594337 0.01201850 0.00591649 0.99991027
0.99991896 -0.00209807 -0.01255664 0.00214813 0.99998980 0.00397432 0.01254818 -0.00400097 0.99991326
0.99993713 -0.00045345 -0.01120360 0.00053468 0.99997359 0.00724838 0.01120002 -0.00725391 0.99991097
0.99992119 -0.00159260 -0.01245338 0.00165673 0.99998541 0.00514097 0.01244501 -0.00516120 0.99990924
0.99993883 -0.00191146 -0.01089403 0.00187369 0.99999221 -0.00347547 0.01090059 0.00345484 0.99993462
0.99992389 -0.00100891 -0.01229653 0.00094914 0.99998771 -0.00486549 0.01230128 0.00485345 0.99991256
0.99996031 -0.00004213 -0.00890987 -0.00002456 0.99997198 -0.00748561 0.00890994 0.00748553 0.99993229
0.99997008 0.00032352 -0.00772927 -0.00037444 0.99997823 -0.00658735 0.00772697 0.00659005 0.99994843
0.99997367 0.00247149 -0.00682282 -0.00248802 0.99999399 -0.00241453 0.00681681 0.00243144 0.99997381
0.99994457 0.00596483 -0.00867654 -0.00597189 0.99998186 -0.00078774 0.00867168 0.00083951 0.99996205
0.99995613 -0.00154556 -0.00923854 0.00157100 0.99999499 0.00274690 0.00923425 -0.00276129 0.99995355
0.99996159 -0.00197186 -0.00853938 0.00202683 0.99997725 0.00643339 0.00852650 -0.00645045 0.99994284
0.99997316 -0.00204866 -0.00703497 0.00210413 0.99996669 0.00788609 0.00701858 -0.00790068 0.99994416
0.99993598 0.00935876 -0.00635975 -0.00932262 0.99994036 0.00568846 0.00641261 -0.00562880 0.99996360
0.99996532 0.00018377 -0.00832631 -0.00020541 0.99999660 -0.00259773 0.00832580 0.00259935 0.99996196
0.99997687 -0.00128998 -0.00667823 0.00122989 0.99995880 -0.00899351 0.00668956 0.00898508 0.99993726
0.99996814 -0.00544695 -0.00583463 0.00539694 0.99994887 -0.00855221 0.00588091 0.00852045 0.99994641
0.99999073 0.00185658 -0.00388589 -0.00185893 0.99999809 -0.00060234 0.00388476 0.00060956 0.99999227
0.99998058 0.00405718 -0.00473126 -0.00403301 0.99997883 0.00510593 0.00475188 -0.00508675 0.99997577
0.99998095 -0.00162238 -0.00595531 0.00165182 0.99998643 0.00494167 0.00594722 -0.00495141 0.99997006
0.99997942 -0.00323938 -0.00553778 0.00322915 0.99999306 -0.00185573 0.00554375 0.00183781 0.99998294
0.99996757 -0.00084376 -0.00800952 0.00079034 0.99997744 -0.00667022 0.00801497 0.00666367 0.99994568
0.99998608 -0.00030885 -0.00526658 0.00027245 0.99997608 -0.00691143 0.00526859 0.00690990 0.99996225
0.99998639 0.00154288 -0.00498412 -0.00154905 0.99999804 -0.00123319 0.00498221 0.00124089 0.99998682
0.99999473 -0.00134970 -0.00295222 0.00136276 0.99998928 0.00442617 0.00294621 -0.00443017 0.99998585
0.99998643 0.00308851 -0.00419565 -0.00307961 0.99999300 0.00212556 0.00420218 -0.00211261 0.99998894
0.99999271 0.00252477 -0.00286489 -0.00252613 0.99999670 -0.00047094 0.00286369 0.00047817 0.99999579
0.99998601 0.00037744 -0.00527572 -0.00038530 0.99999882 -0.00148952 0.00527516 0.00149153 0.99998497
0.99999063 -0.00059352 -0.00428825 0.00059003 0.99999949 -0.00081625 0.00428874 0.00081372 0.99999047
0.99999129 -0.00005926 -0.00417448 0.00006184 0.99999981 0.00062010 0.00417444 -0.00062035 0.99999109
0.99998684 -0.00040993 -0.00511330 0.00041416 0.99999957 0.00082598 0.00511296 -0.00082808 0.99998659
0.99998682 0.00060223 -0.00509860 -0.00060041 0.99999976 0.00035727 0.00509881 -0.00035420 0.99998694
0.99998856 -0.00085708 -0.00470487 0.00083873 0.99999204 -0.00390025 0.00470818 0.00389626 0.99998133
0.99998522 -0.00153087 -0.00521612 0.00150649 0.99998794 -0.00467540 0.00522321 0.00466748 0.99997547
0.99999559 0.00074443 -0.00287341 -0.00075292 0.99999535 -0.00295360 0.00287119 0.00295575 0.99999151
0.99999437 -0.00020501 -0.00334919 0.00021743 0.99999311 0.00370695 0.00334840 -0.00370766 0.99998752
0.99999947 -0.00022036 -0.00100355 0.00022876 0.99996486 0.00837985 0.00100167 -0.00838008 0.99996438
0.99998193 -0.00275882 -0.00534062 0.00280509 0.99995843 0.00867589 0.00531646 -0.00869072 0.99994810
0.99997514 -0.00338864 -0.00618343 0.00342466 0.99997718 0.00582353 0.00616356 -0.00584457 0.99996393
0.99998833 -0.00252327 -0.00411956 0.00251686 0.99999562 -0.00155842 0.00412347 0.00154804 0.99999030
0.99999300 -0.00095601 -0.00361611 0.00094163 0.99999165 -0.00397655 0.00361988 0.00397312 0.99998556
0.99999708 0.00095732 -0.00221924 -0.00096397 0.99999505 -0.00299624 0.00221636 0.00299837 0.99999305
0.99999859 -0.00145520 -0.00084325 0.00145314 0.99999597 -0.00243927 0.00084680 0.00243805 0.99999667
0.99999436 -0.00158557 -0.00295928 0.00158401 0.99999861 -0.00052855 0.00296011 0.00052386 0.99999548
0.99999886 0.00106075 -0.00107276 -0.00106055 0.99999942 0.00018134 0.00107295 -0.00018021 0.99999941
0.99999799 -0.00082075 -0.00183070 0.00082466 0.99999738 0.00213515 0.00182895 -0.00213665 0.99999604
0.99999944 -0.00089930 -0.00055758 0.00089933 0.99999959 0.00005103 0.00055753 -0.00005153 0.99999984
0.99999032 -0.00255027 -0.00358433 0.00255001 0.99999675 -0.00007626 0.00358451 0.00006712 0.99999357
0.99999697 -0.00061169 -0.00238553 0.00060862 0.99999899 -0.00128681 0.00238632 0.00128536 0.99999633
0.99999732 0.00151673 -0.00174803 -0.00152497 0.99998768 -0.00472451 0.00174084 0.00472716 0.99998731
0.99999975 -0.00022883 0.00066850 0.00023246 0.99998518 -0.00543878 -0.00066725 0.00543893 0.99998499
0.99997807 -0.00329461 -0.00574556 0.00327784 0.99999035 -0.00292597 0.00575514 0.00290707 0.99997921
0.99996794 -0.00482531 -0.00639093 0.00482879 0.99998820 0.00052882 0.00638830 -0.00055967 0.99997944
0.99997683 0.00076782 -0.00676325 -0.00076363 0.99999951 0.00062243 0.00676372 -0.00061725 0.99997694
0.99994596 0.00340778 -0.00982164 -0.00337846 0.99998979 0.00300047 0.00983176 -0.00296713 0.99994726
0.99996527 0.00465545 -0.00691308 -0.00461647 0.99997342 0.00564414 0.00693917 -0.00561203 0.99996018
0.99998034 0.00198519 -0.00594789 -0.00194371 0.99997381 0.00697113 0.00596157 -0.00695943 0.99995801
0.99992971 -0.00038240 -0.01185007 0.00042844 0.99999237 0.00388239 0.01184849 -0.00388719 0.99992225
0.99994344 -0.00432318 -0.00971742 0.00434122 0.99998889 0.00183553 0.00970938 -0.00187761 0.99995110
0.99992535 -0.00311340 -0.01181490 0.00312544 0.99999462 0.00100066 0.01181172 -0.00103751 0.99992970
0.99988571 -0.00225959 -0.01494848 0.00229267 0.99999496 0.00219634 0.01494344 -0.00223036 0.99988585
0.99985828 -0.00003528 -0.01683529 0.00004755 0.99999973 0.00072805 0.01683526 -0.00072875 0.99985801
0.99982532 0.00353852 -0.01835208 -0.00355558 0.99999328 -0.00089723 0.01834878 0.00096233 0.99983118
0.99976311 0.00062930 -0.02175615 -0.00071110 0.99999271 -0.00375252 0.02175363 0.00376710 0.99975626
0.99974789 0.00128843 -0.02241642 -0.00140511 0.99998554 -0.00519058 0.02240941 0.00522076 0.99973525
0.99969627 -0.00048194 -0.02464012 0.00036602 0.99998885 -0.00470899 0.02464211 0.00469854 0.99968530
0.99973327 0.00347127 -0.02283290 -0.00356197 0.99998592 -0.00393279 0.02281892 0.00401307 0.99973156
0.99973216 0.00769098 -0.02182810 -0.00773826 0.99996789 -0.00208239 0.02181138 0.00225075 0.99975957
0.99976524 0.00392627 -0.02130855 -0.00395961 0.99999100 -0.00152227 0.02130238 0.00160629 0.99977179
0.99964953 -0.00300101 -0.02630224 0.00302189 0.99999515 0.00075432 0.02629985 -0.00083354 0.99965375
0.99954140 -0.00293539 -0.03013911 0.00298079 0.99999449 0.00146153 0.03013465 -0.00155070 0.99954465
0.99956244 0.00027478 -0.02957801 -0.00023136 0.99999889 0.00147130 0.02957838 -0.00146381 0.99956139
0.99951702 0.00411562 -0.03080245 -0.00404076 0.99998873 0.00249228 0.03081236 -0.00236661 0.99952238
0.99956987 0.00260646 -0.02921112 -0.00250097 0.99999022 0.00364738 0.02922035 -0.00357276 0.99956661
0.99953158 0.00239574 -0.03051022 -0.00232960 0.99999486 0.00220299 0.03051534 -0.00213088 0.99953203
0.99954519 0.00335253 -0.02996949 -0.00334070 0.99999432 0.00044509 0.02997081 -0.00034476 0.99955071
0.99949660 0.00440706 -0.03141842 -0.00429117 0.99998374 0.00375514 0.03143445 -0.00361843 0.99949927
0.99945419 0.00260409 -0.03293238 -0.00253761 0.99999466 0.00206016 0.03293756 -0.00197547 0.99945546
0.99947314 -0.00127423 -0.03243182 0.00132705 0.99999783 0.00160715 0.03242970 -0.00164934 0.99947266
0.99935668 0.00029589 -0.03586290 -0.00041169 0.99999473 -0.00322153 0.03586175 0.00323422 0.99935153
0.99928895 0.00003048 -0.03770399 -0.00021426 0.99998812 -0.00487023 0.03770339 0.00487484 0.99927708
0.99917642 0.00062925 -0.04057204 -0.00068537 0.99999883 -0.00136940 0.04057113 0.00139608 0.99917568
0.99905969 0.00017978 -0.04335556 -0.00022996 0.99999931 -0.00115239 0.04335533 0.00116128 0.99905904
0.99899606 0.00133054 -0.04477832 -0.00143295 0.99999643 -0.00225505 0.04477516 0.00231696 0.99899440
0.99892140 -0.00168723 -0.04640250 0.00167205 0.99999854 -0.00036598 0.04640305 0.00028799 0.99892276
0.99874249 -0.00068295 -0.05012956 0.00058292 0.99999781 -0.00201012 0.05013082 0.00197837 0.99874070
0.99878161 -0.00107091 -0.04933714 0.00114313 0.99999832 0.00143554 0.04933552 -0.00149019 0.99878115
0.99857367 0.00320487 -0.05329488 -0.00334043 0.99999141 -0.00245468 0.05328656 0.00262921 0.99857580
0.99850817 -0.00208221 -0.05456275 0.00222213 0.99999440 0.00250380 0.05455723 -0.00262131 0.99850720
0.99858154 -0.00259444 -0.05318068 0.00270844 0.99999419 0.00207159 0.05317499 -0.00221269 0.99858276
0.99852957 -0.00142706 -0.05419091 0.00143946 0.99999895 0.00018977 0.05419058 -0.00026750 0.99853058
0.99860613 -0.00162965 -0.05275544 0.00170284 0.99999765 0.00134233 0.05275313 -0.00143029 0.99860656
0.99857428 -0.00171914 -0.05335218 0.00182223 0.99999657 0.00188361 0.05334876 -0.00197815 0.99857398
0.99864675 -0.00565275 -0.05169835 0.00578924 0.99998014 0.00249070 0.05168324 -0.00278662 0.99865964
0.99877153 -0.00444070 -0.04935297 0.00449038 0.99998952 0.00089586 0.04934848 -0.00111637 0.99878100
0.99870314 -0.00412125 -0.05074498 0.00412063 0.99999150 -0.00011697 0.05074503 -0.00009228 0.99871164
0.99887376 -0.00294365 -0.04735563 0.00297509 0.99999540 0.00059348 0.04735366 -0.00073370 0.99887792
0.99896876 -0.00261353 -0.04532751 0.00269855 0.99999471 0.00181456 0.04532253 -0.00193501 0.99897053
0.99905139 -0.00042750 -0.04354466 0.00042271 0.99999990 -0.00011940 0.04354471 0.00010088 0.99905147
0.99926071 0.00072279 -0.03843845 -0.00070670 0.99999966 0.00043205 0.03843875 -0.00040457 0.99926088
0.99946110 0.00112176 -0.03280621 -0.00111505 0.99999935 0.00022301 0.03280644 -0.00018631 0.99946171
0.99961792 0.00306688 -0.02747009 -0.00308174 0.99999513 -0.00049867 0.02746842 0.00058313 0.99962250
0.99976837 0.00190079 -0.02143815 -0.00191726 0.99999788 -0.00074747 0.02143668 0.00078840 0.99976990
0.99986782 0.00237974 -0.01608378 -0.00237326 0.99999709 0.00042224 0.01608474 -0.00038402 0.99987056
0.99988028 -0.00371708 -0.01502006 0.00373545 0.99999231 0.00119543 0.01501550 -0.00125140 0.99988648
0.99990616 -0.00297273 -0.01337252 0.00298272 0.99999529 0.00072762 0.01337029 -0.00076744 0.99991032
0.99996257 -0.00038736 -0.00864350 0.00040114 0.99999865 0.00159272 0.00864288 -0.00159613 0.99996138
0.99997399 0.00336932 -0.00637707 -0.00336426 0.99999402 0.00080358 0.00637974 -0.00078210 0.99997934
0.99997263 0.00233501 -0.00702008 -0.00233200 0.99999719 0.00043676 0.00702108 -0.00042037 0.99997526
0.99998406 -0.00089959 -0.00557382 0.00090367 0.99999933 0.00072950 0.00557316 -0.00073452 0.99998420
0.99999362 0.00030634 -0.00355818 -0.00030339 0.99999961 0.00082839 0.00355843 -0.00082730 0.99999333
0.99999618 0.00031212 -0.00274508 -0.00031135 0.99999991 0.00028172 0.00274516 -0.00028087 0.99999619
0.99999266 -0.00268161 -0.00273693 0.00268354 0.99999616 0.00069857 0.00273504 -0.00070591 0.99999601
0.99999969 -0.00026216 -0.00074798 0.00026160 0.99999969 -0.00074601 0.00074818 0.00074582 0.99999944
0.99999966 -0.00080396 -0.00020274 0.00080394 0.99999967 -0.00011191 0.00020283 0.00011174 0.99999997
0.99999843 -0.00092871 -0.00151196 0.00092667 0.99999866 -0.00134764 0.00151321 0.00134623 0.99999795
0.99999985 -0.00023353 -0.00050298 0.00023414 0.99999924 0.00120966 0.00050270 -0.00120977 0.99999914
0.99999354 0.00336020 -0.00127791 -0.00335720 0.99999162 0.00234177 0.00128576 -0.00233746 0.99999644
0.99999895 -0.00014535 -0.00144137 0.00014878 0.99999717 0.00237600 0.00144102 -0.00237621 0.99999614
0.99999922 0.00095049 -0.00080644 -0.00095115 0.99999921 -0.00081797 0.00080566 0.00081873 0.99999934
0.99999469 -0.00292024 -0.00144903 0.00291739 0.99999382 -0.00196120 0.00145475 0.00195696 0.99999703
0.99999993 0.00018208 -0.00032594 -0.00018260 0.99999871 -0.00159880 0.00032565 0.00159886 0.99999867
0.99999590 -0.00237117 -0.00160277 0.00237074 0.99999715 -0.00026774 0.00160340 0.00026394 0.99999868
0.99998551 -0.00431080 -0.00322426 0.00430604 0.99998963 -0.00148236 0.00323062 0.00146845 0.99999370
0.99999966 0.00040159 -0.00071532 -0.00040309 0.99999773 -0.00209372 0.00071447 0.00209401 0.99999755
0.99999930 0.00098234 -0.00066638 -0.00098565 0.99998711 -0.00498084 0.00066147 0.00498149 0.99998737
0.99999721 0.00227661 -0.00063716 -0.00227893 0.99999069 -0.00366386 0.00062881 0.00366530 0.99999309
0.99999809 0.00192013 0.00037259 -0.00192014 0.99999816 0.00004273 -0.00037251 -0.00004345 0.99999993
0.99999951 0.00072719 0.00067785 -0.00072869 0.99999727 0.00221949 -0.00067623 -0.00221998 0.99999731
0.99999977 0.00067087 -0.00001646 -0.00067082 0.99999586 0.00279893 0.00001834 -0.00279892 0.99999608
0.99999985 -0.00052797 -0.00016378 0.00052829 0.99999788 0.00198771 0.00016273 -0.00198780 0.99999801
0.99999471 -0.00324900 -0.00013923 0.00324935 0.99999122 0.00264653 0.00013063 -0.00264697 0.99999649
0.99999945 -0.00078953 -0.00069170 0.00078985 0.99999958 0.00045568 0.00069134 -0.00045623 0.99999966
0.99999983 0.00037211 -0.00045561 -0.00037172 0.99999957 0.00084964 0.00045593 -0.00084947 0.99999954
0.99999792 0.00192808 -0.00066057 -0.00192789 0.99999810 0.00027695 0.00066111 -0.00027567 0.99999974
0.99999806 0.00183390 0.00072574 -0.00183472 0.99999768 0.00112784 -0.00072367 -0.00112917 0.99999910
0.99999914 0.00120394 -0.00052791 -0.00120298 0.99999763 0.00181533 0.00053010 -0.00181469 0.99999821
0.99999959 -0.00076785 -0.00048069 0.00076834 0.99999919 0.00101841 0.00047991 -0.00101878 0.99999937
0.99999885 -0.00089589 -0.00122069 0.00089491 0.99999927 -0.00080585 0.00122141 0.00080475 0.99999893
0.99999776 -0.00066539 -0.00200992 0.00066646 0.99999964 0.00053296 0.00200957 -0.00053430 0.99999784
0.99999490 -0.00181441 -0.00262752 0.00181250 0.99999809 -0.00072874 0.00262884 0.00072397 0.99999628
0.99999897 0.00097195 -0.00105914 -0.00097136 0.99999937 0.00055393 0.00105968 -0.00055290 0.99999929
0.99999974 0.00002845 -0.00072358 -0.00002834 0.99999999 0.00015426 0.00072358 -0.00015424 0.99999973
0.99999955 0.00069007 -0.00065405 -0.00069021 0.99999974 -0.00022312 0.00065390 0.00022357 0.99999976
0.99999834 0.00170543 -0.00064754 -0.00170588 0.99999830 -0.00069554 0.00064635 0.00069664 0.99999955
0.99999948 0.00101144 -0.00008837 -0.00101146 0.99999947 -0.00020036 0.00008817 0.00020044 0.99999998
0.99999646 0.00260120 -0.00056068 -0.00260108 0.99999659 0.00021506 0.00056124 -0.00021360 0.99999982
0.99999496 0.00276485 0.00155802 -0.00276417 0.99999608 -0.00044386 -0.00155924 0.00043955 0.99999869
0.99999817 0.00041865 0.00186926 -0.00041581 0.99999876 -0.00151962 -0.00186990 0.00151884 0.99999710
