1.00000000 0.00000000 0.00000000 0.00000000 1.00000000 0.00000000 0.00000000 0.00000000 1.00000000
0.99997483 0.00114972 -0.00700121 -0.00114921 0.99999934 0.00007611 0.00700129 -0.00006806 0.99997549
0.99997069 0.00061457 -0.00763157 -0.00061988 0.99999957 -0.00069378 0.00763114 0.00069849 0.99997064
0.99995620 0.00066926 -0.00933507 -0.00067851 0.99999928 -0.00098783 0.00933440 0.00099412 0.99995594
0.99993386 0.00060022 -0.01148521 -0.00062004 0.99999832 -0.00172235 0.01148415 0.00172935 0.99993256
0.99990570 -0.00011323 -0.01373255 0.00010258 0.99999969 -0.00077690 0.01373264 0.00077542 0.99990540
0.99986635 0.00026166 -0.01634666 -0.00026097 0.99999996 0.00004472 0.01634667 -0.00004045 0.99986638
0.99982294 -0.00099466 -0.01879115 0.00099317 0.99999950 -0.00008870 0.01879122 0.00007002 0.99982343
0.99979857 -0.00058695 -0.02006192 0.00059071 0.99999981 0.00018179 0.02006181 -0.00019360 0.99979872
0.99974285 0.00007565 -0.02267639 -0.00007551 1.00000000 0.00000689 0.02267639 -0.00000518 0.99974286
0.99968940 0.00402346 -0.02459486 -0.00405817 0.99999084 -0.00136174 0.02458915 0.00146112 0.99969657
0.99966197 0.00505879 -0.02550207 -0.00510150 0.99998569 -0.00161014 0.02549356 0.00173969 0.99967347
0.99963009 0.00419439 -0.02687157 -0.00421927 0.99999072 -0.00086916 0.02686767 0.00098222 0.99963852
0.99954981 0.00148518 -0.02996633 -0.00149938 0.99999877 -0.00045159 0.02996563 0.00049632 0.99955081
0.99949460 0.00295796 -0.03165130 -0.00295325 0.99999562 0.00019551 0.03165174 -0.00010194 0.99949895
0.99945723 0.00211566 -0.03287520 -0.00210248 0.99999769 0.00043544 0.03287604 -0.00036609 0.99945937
0.99937198 0.00208949 -0.03537349 -0.00208061 0.99999779 0.00028773 0.03537401 -0.00021395 0.99937412
0.99937298 0.00331382 -0.03525156 -0.00333954 0.99999420 -0.00067097 0.03524913 0.00078827 0.99937825
0.99935683 0.00330433 -0.03570739 -0.00331397 0.99999449 -0.00021103 0.03570649 0.00032922 0.99936227
0.99927017 0.00112564 -0.03818184 -0.00114977 0.99999915 -0.00061017 0.03818112 0.00065363 0.99927062
0.99916127 -0.00369668 -0.04078094 0.00363471 0.99999212 -0.00159347 0.04078651 0.00144390 0.99916684
0.99904642 -0.00467364 -0.04340969 0.00460035 0.99998782 -0.00178813 0.04341752 0.00158672 0.99905575
0.99888533 0.00040872 -0.04720095 -0.00030647 0.99999759 0.00217357 0.04720173 -0.00215668 0.99888305
0.99871986 0.00531660 -0.05030280 -0.00518037 0.99998255 0.00283821 0.05031701 -0.00257399 0.99872998
0.99857331 0.00341189 -0.05328884 -0.00341472 0.99999417 0.00003794 0.05328866 0.00014408 0.99857914
0.99845924 -0.00015630 -0.05548979 0.00009991 0.99999948 -0.00101899 0.05548992 0.00101188 0.99845873
0.99829941 -0.00516157 -0.05806585 0.00514271 0.99998666 -0.00047430 0.05806752 0.00017487 0.99831264
0.99826444 -0.00480312 -0.05869440 0.00477844 0.99998843 -0.00056087 0.05869641 0.00027943 0.99827584
0.99828266 -0.00168744 -0.05855668 0.00172674 0.99999832 0.00062048 0.05855553 -0.00072052 0.99828389
0.99818425 -0.00141528 -0.06021788 0.00150379 0.99999785 0.00142455 0.06021573 -0.00151252 0.99818424
0.99814503 -0.00127845 -0.06086766 0.00139447 0.99999729 0.00186361 0.06086511 -0.00194503 0.99814411
0.99817038 -0.00015445 -0.06046384 0.00024939 0.99999875 0.00156267 0.06046352 -0.00157489 0.99816917
0.99818113 0.00006698 -0.06028615 0.00007629 0.99999718 0.00237423 0.06028614 -0.00237451 0.99817831
0.99826954 0.00056597 -0.05880135 -0.00046199 0.99999831 0.00178199 0.05880226 -0.00175174 0.99826811
0.99833034 -0.00033617 -0.05776171 0.00052875 0.99999435 0.00331892 0.05776026 -0.00334392 0.99832488
0.99844979 -0.00291744 -0.05558333 0.00304741 0.99999282 0.00225371 0.05557635 -0.00241960 0.99845151
0.99860663 -0.00127634 -0.05275580 0.00132182 0.99999878 0.00082721 0.05275468 -0.00089579 0.99860710
0.99882042 0.00374521 -0.04841225 -0.00371988 0.99999289 0.00061326 0.04841420 -0.00043245 0.99882725
0.99908324 0.00370382 -0.04264936 -0.00371420 0.99999309 -0.00016409 0.04264846 0.00032234 0.99909009
0.99926291 0.00258531 -0.03830081 -0.00264948 0.99999517 -0.00162481 0.03829643 0.00172509 0.99926493
0.99940360 0.00025800 -0.03453068 -0.00035998 0.99999559 -0.00294721 0.03452977 0.00295789 0.99939929
0.99951943 0.00085730 -0.03098663 -0.00094403 0.99999568 -0.00278430 0.03098411 0.00281221 0.99951592
0.99964646 0.00174560 -0.02653128 -0.00180165 0.99999620 -0.00208883 0.02652753 0.00213589 0.99964580
0.99978372 0.00127518 -0.02075784 -0.00132575 0.99999619 -0.00242254 0.02075467 0.00244953 0.99978160
0.99986512 0.00036962 -0.01641938 -0.00039057 0.99999911 -0.00127253 0.01641889 0.00127877 0.99986438
0.99991488 0.00013018 -0.01304639 -0.00012718 0.99999997 0.00023024 0.01304642 -0.00022856 0.99991487
0.99995304 0.00212961 -0.00945424 -0.00212015 0.99999724 0.00101038 0.00945636 -0.00099029 0.99995480
0.99997640 0.00257780 -0.00636848 -0.00257044 0.99999602 0.00116428 0.00637145 -0.00114788 0.99997904
0.99999042 0.00087077 -0.00428913 -0.00086770 0.99999937 0.00071638 0.00428975 -0.00071265 0.99999055
0.99999819 -0.00151122 -0.00115725 0.00151140 0.99999885 0.00015480 0.00115702 -0.00015655 0.99999932
0.99999778 -0.00181694 0.00106248 0.00181494 0.99999660 0.00187429 -0.00106589 -0.00187236 0.99999768
0.99999883 0.00062862 0.00139318 -0.00063205 0.99999676 0.00246672 -0.00139162 -0.00246760 0.99999599
0.99999473 0.00271836 0.00177407 -0.00271866 0.99999629 0.00016791 -0.00177360 -0.00017273 0.99999841
0.99999700 0.00159438 0.00185936 -0.00158983 0.99999574 -0.00244775 -0.00186326 0.00244478 0.99999528
0.99999914 0.00041782 0.00124323 -0.00041781 0.99999991 -0.00000894 -0.00124323 0.00000842 0.99999923
0.99999815 -0.00044643 0.00187137 0.00044134 0.99999619 0.00272357 -0.00187258 -0.00272274 0.99999454
0.99999714 0.00134841 0.00197750 -0.00135544 0.99999275 0.00355903 -0.00197269 -0.00356170 0.99999171
0.99999827 -0.00001471 0.00185941 0.00001101 0.99999802 0.00198912 -0.00185944 -0.00198910 0.99999629
0.99999615 0.00197455 0.00195045 -0.00197356 0.99999792 -0.00051007 -0.00195145 0.00050622 0.99999797
0.99999477 0.00267851 0.00181187 -0.00267338 0.99999243 -0.00282682 -0.00181943 0.00282196 0.99999436
0.99999843 0.00117986 0.00132010 -0.00117878 0.99999897 -0.00081964 -0.00132107 0.00081808 0.99999879
0.99999669 -0.00205154 0.00155445 0.00204846 0.99999594 0.00197973 -0.00155850 -0.00197654 0.99999683
0.99999726 -0.00208417 0.00106657 0.00208228 0.99999627 0.00176889 -0.00107025 -0.00176666 0.99999787
0.99999861 -0.00011810 0.00166289 0.00011608 0.99999925 0.00121535 -0.00166303 -0.00121516 0.99999788
0.99999965 0.00038575 0.00074814 -0.00038220 0.99998870 -0.00473832 -0.00074996 0.00473804 0.99998849
0.99999917 -0.00126396 0.00024512 0.00126569 0.99997344 -0.00717807 -0.00023604 0.00717838 0.99997421
0.99999630 -0.00271843 0.00013632 0.00271907 0.99998417 -0.00492556 -0.00012293 0.00492591 0.99998786
0.99999947 -0.00084295 -0.00059530 0.00084339 0.99999937 0.00074321 0.00059467 -0.00074371 0.99999955
0.99999900 0.00140281 0.00019407 -0.00140419 0.99997229 0.00731100 -0.00018381 -0.00731126 0.99997326
0.99999781 0.00206376 0.00035286 -0.00206626 0.99997176 0.00722534 -0.00033794 -0.00722605 0.99997383
0.99999629 0.00272082 0.00012871 -0.00272149 0.99998113 0.00550692 -0.00011373 -0.00550725 0.99998483
0.99999727 0.00233677 -0.00003560 -0.00233676 0.99999717 0.00045757 0.00003667 -0.00045749 0.99999989
0.99999974 0.00066422 0.00027788 -0.00066326 0.99999374 -0.00347513 -0.00028018 0.00347495 0.99999392
0.99999876 0.00156666 0.00013781 -0.00156626 0.99999467 -0.00286311 -0.00014229 0.00286289 0.99999589
0.99999794 0.00194574 0.00058052 -0.00194655 0.99999711 0.00141233 -0.00057777 -0.00141346 0.99999883
0.99999797 0.00184049 0.00082430 -0.00184238 0.99999568 0.00229248 -0.00082008 -0.00229399 0.99999703
0.99999898 0.00141882 0.00015882 -0.00141856 0.99999770 -0.00160812 -0.00016110 0.00160789 0.99999869
0.99999876 0.00138598 0.00074695 -0.00138195 0.99998467 -0.00536128 -0.00075437 0.00536024 0.99998535
0.99999825 0.00183673 0.00034575 -0.00183526 0.99998947 -0.00420576 -0.00035347 0.00420512 0.99999110
0.99999969 0.00006112 0.00078741 -0.00006158 0.99999983 0.00058160 -0.00078738 -0.00058165 0.99999952
0.99999952 -0.00066204 0.00072885 0.00066043 0.99999733 0.00221669 -0.00073031 -0.00221621 0.99999728
0.99999982 -0.00008707 0.00059212 0.00008428 0.99998895 0.00470074 -0.00059252 -0.00470068 0.99998878
0.99999953 -0.00057695 0.00078033 0.00057259 0.99998428 0.00557820 -0.00078353 -0.00557775 0.99998414
0.99999961 0.00073110 -0.00050285 -0.00072943 0.99999426 0.00330727 0.00050527 -0.00330690 0.99999440
0.99999994 -0.00009763 0.00033034 0.00009765 0.99999999 -0.00005004 -0.00033034 0.00005007 0.99999994
0.99999992 0.00015883 0.00036826 -0.00015704 0.99998824 -0.00484676 -0.00036902 0.00484670 0.99998819
0.99999857 0.00159543 0.00056044 -0.00159302 0.99998959 -0.00427531 -0.00056726 0.00427441 0.99999070
0.99999108 0.00421613 0.00027187 -0.00421549 0.99998844 -0.00231148 -0.00028161 0.00231031 0.99999729
0.99999248 0.00387863 0.00004560 -0.00387856 0.99999143 -0.00144895 -0.00005122 0.00144876 0.99999895
0.99999820 -0.00171459 -0.00080661 0.00171318 0.99999702 -0.00174156 0.00080960 0.00174017 0.99999816
0.99999757 -0.00205362 -0.00080208 0.00205046 0.99999020 -0.00392269 0.00081012 0.00392104 0.99999198
0.99999181 -0.00397462 -0.00076484 0.00397306 0.99999004 -0.00203505 0.00077292 0.00203199 0.99999764
0.99999854 0.00000613 -0.00170751 -0.00000011 0.99999378 0.00352669 0.00170752 -0.00352668 0.99999232
0.99999813 -0.00159536 -0.00109397 0.00160183 0.99998109 0.00593731 0.00108448 -0.00593905 0.99998178
0.99999664 -0.00176672 -0.00189876 0.00177391 0.99999124 0.00379063 0.00189205 -0.00379398 0.99999101
0.99999894 0.00046076 -0.00137968 -0.00046224 0.99999932 -0.00106931 0.00137918 0.00106995 0.99999848
0.99999298 0.00362333 -0.00095149 -0.00362692 0.99998620 -0.00380160 0.00093771 0.00380502 0.99999232
0.99998562 0.00531707 -0.00070464 -0.00531941 0.99998021 -0.00335824 0.00068677 0.00336194 0.99999411
0.99998545 0.00526853 -0.00115618 -0.00526999 0.99998532 -0.00125873 0.00114953 0.00126481 0.99999854
0.99999767 0.00201389 -0.00077649 -0.00201298 0.99999729 0.00117164 0.00077885 -0.00117007 0.99999901
0.99999943 0.00058670 -0.00089371 -0.00058542 0.99999880 0.00143282 0.00089455 -0.00143230 0.99999857
0.99999732 0.00217311 -0.00080377 -0.00217339 0.99999758 -0.00034641 0.00080301 0.00034815 0.99999962
0.99999924 0.00117582 -0.00036976 -0.00117586 0.99999930 -0.00011615 0.00036962 0.00011658 0.99999992
0.99999899 -0.00137990 -0.00033468 0.00138044 0.99999774 0.00161625 0.00033245 -0.00161671 0.99999864
0.99999980 -0.00061765 -0.00009282 0.00061788 0.99999664 0.00251657 0.00009127 -0.00251663 0.99999683
0.99999942 0.00107198 -0.00008735 -0.00107163 0.99999159 0.00395770 0.00009160 -0.00395761 0.99999216
0.99999972 -0.00006388 -0.00074203 0.00006539 0.99999792 0.00203835 0.00074190 -0.00203839 0.99999765
0.99999990 0.00039095 -0.00023005 -0.00039098 0.99999992 -0.00012573 0.00023000 0.00012582 0.99999997
0.99999999 0.00010942 -0.00012687 -0.00010970 0.99999756 -0.00220565 0.00012663 0.00220567 0.99999756
0.99999998 0.00018083 -0.00002505 -0.00018092 0.99999342 -0.00362210 0.00002439 0.00362210 0.99999344
0.99999981 0.00034967 0.00050434 -0.00034820 0.99999572 -0.00290507 -0.00050536 0.00290489 0.99999565
0.99999874 0.00086552 0.00132978 -0.00086249 0.99999703 -0.00227738 -0.00133175 0.00227623 0.99999652
0.99999302 0.00264565 0.00263961 -0.00264404 0.99999632 -0.00061504 -0.00264122 0.00060806 0.99999633
0.99999011 0.00126102 0.00426558 -0.00126523 0.99999872 0.00098431 -0.00426433 -0.00098970 0.99999042
0.99998182 -0.00034066 0.00601991 0.00033213 0.99999894 0.00141740 -0.00602039 -0.00141538 0.99998088
0.99997247 -0.00060143 0.00739535 0.00059045 0.99999872 0.00148708 -0.00739623 -0.00148268 0.99997155
0.99995889 0.00106482 0.00900511 -0.00107857 0.99999826 0.00152203 -0.00900347 -0.00153168 0.99995829
0.99992218 0.00234638 0.01225256 -0.00236735 0.99999576 0.00169718 -0.01224853 -0.00172605 0.99992349
0.99988178 0.00316724 0.01504628 -0.00319451 0.99999330 0.00178862 -0.01504051 -0.00183647 0.99988520
0.99982848 0.00144327 0.01846410 -0.00146076 0.99999850 0.00093364 -0.01846272 -0.00096045 0.99982909
0.99975635 0.00045914 0.02206875 -0.00047934 0.99999947 0.00090997 -0.02206832 -0.00092033 0.99975604
0.99966739 -0.00090092 0.02577413 0.00089006 0.99999951 0.00043281 -0.02577451 -0.00040973 0.99966770
0.99957497 -0.00238329 0.02905518 0.00239419 0.99999708 -0.00034051 -0.02905428 0.00040993 0.99957775
0.99938641 -0.00185792 0.03497640 0.00185580 0.99999827 0.00009301 -0.03497651 -0.00002805 0.99938813
0.99927397 -0.00257724 0.03801162 0.00254967 0.99999645 0.00077377 -0.03801347 -0.00067629 0.99927700
0.99912855 -0.00191439 0.04169493 0.00190052 0.99999812 0.00037227 -0.04169556 -0.00029270 0.99913032
0.99894463 -0.00198915 0.04588765 0.00194423 0.99999759 0.00102347 -0.04588957 -0.00093318 0.99894608
0.99874701 -0.00458076 0.04983406 0.00462383 0.99998903 -0.00074910 -0.04983008 0.00097859 0.99875723
0.99863267 -0.00910339 0.05147740 0.00923811 0.99995450 -0.00237969 -0.05145339 0.00285199 0.99867132
0.99851301 -0.00612418 0.05416884 0.00631681 0.99997432 -0.00338560 -0.05414671 0.00372274 0.99852605
0.99837483 -0.00635069 0.05663369 0.00649072 0.99997632 -0.00228903 -0.05661782 0.00265290 0.99839240
0.99839156 -0.00132615 0.05667930 0.00135375 0.99999898 -0.00044868 -0.05667865 0.00052469 0.99839234
0.99845738 -0.00373478 0.05539770 0.00373278 0.99999302 0.00013957 -0.05539783 0.00006744 0.99846436
0.99852053 -0.00987014 0.05347280 0.00982483 0.99995112 0.00111018 -0.05348114 -0.00058317 0.99856869
0.99841309 -0.01224456 0.05496697 0.01222666 0.99992503 0.00066189 -0.05497096 0.00001122 0.99848795
0.99843670 -0.00313888 0.05580602 0.00341114 0.99998274 -0.00478409 -0.05579004 0.00496697 0.99843017
0.99840767 0.00125070 0.05639643 -0.00081633 0.99996983 -0.00772439 -0.05640439 0.00766605 0.99837857
0.99835065 0.00358350 0.05729868 -0.00288073 0.99991967 -0.01234303 -0.05733831 0.01215761 0.99828078
0.99827803 0.00507342 0.05844005 -0.00454927 0.99994826 -0.00909854 -0.05848319 0.00881701 0.99824946
0.99822346 0.00194674 0.05954948 -0.00173718 0.99999212 -0.00357061 -0.05955596 0.00346082 0.99821897
0.99824168 0.00001986 0.05927526 0.00013093 0.99999677 -0.00254006 -0.05927512 0.00254335 0.99823844
0.99822806 0.00397482 0.05937126 -0.00381978 0.99998899 -0.00272458 -0.05938144 0.00249296 0.99823225
0.99849225 0.00124747 0.05487872 -0.00131009 0.99999853 0.00110501 -0.05487727 -0.00117524 0.99849242
0.99876474 0.00677549 0.04922487 -0.00680811 0.99997670 0.00049513 -0.04922037 -0.00082965 0.99878760
0.99896476 0.00559466 0.04514533 -0.00551782 0.99998311 -0.00182660 -0.04515479 0.00157561 0.99897876
0.99922545 0.00490747 0.03904387 -0.00496779 0.99998661 0.00144794 -0.03903624 -0.00164078 0.99923645
0.99948693 -0.00016975 0.03202890 0.00010653 0.99999804 0.00197551 -0.03202917 -0.00197109 0.99948499
0.99967831 -0.00124019 0.02533245 0.00119305 0.99999753 0.00187609 -0.02533472 -0.00184526 0.99967732
0.99975297 -0.00025189 0.02222463 0.00020547 0.99999779 0.00209103 -0.02222511 -0.00208595 0.99975082
0.99981239 0.00156427 0.01930626 -0.00162001 0.99999456 0.00287207 -0.01930166 -0.00290281 0.99980949
0.99985604 0.00412454 0.01645865 -0.00415116 0.99999013 0.00158387 -0.01645196 -0.00165197 0.99986329
0.99989280 0.00345159 0.01422952 -0.00347315 0.99999286 0.00149066 -0.01422427 -0.00153992 0.99989764
0.99989970 -0.00152344 0.01408088 0.00152567 0.99999883 -0.00014769 -0.01408064 0.00016915 0.99990085
0.99989616 0.00038902 0.01440560 -0.00038536 0.99999989 -0.00025693 -0.01440570 0.00025136 0.99989620
0.99988005 0.00073165 0.01547115 -0.00074491 0.99999936 0.00085083 -0.01547051 -0.00086225 0.99987995
0.99988817 0.00133026 0.01489589 -0.00134401 0.99999868 0.00091281 -0.01489466 -0.00093273 0.99988863
0.99992067 0.00059983 0.01258135 -0.00057036 0.99999709 -0.00234588 -0.01258272 0.00233852 0.99991810
0.99993859 0.00034690 0.01107664 -0.00029046 0.99998697 -0.00509687 -0.01107826 0.00509334 0.99992566
0.99994975 -0.00176877 0.00986718 0.00182819 0.99998023 -0.00601658 -0.00985634 0.00603431 0.99993322
0.99996621 -0.00115450 0.00813929 0.00115520 0.99999933 -0.00008173 -0.00813919 0.00009113 0.99996687
0.99997390 0.00074409 0.00718693 -0.00078872 0.99998041 0.00621009 -0.00718217 -0.00621560 0.99995489
0.99998401 0.00280367 0.00491102 -0.00284421 0.99996179 0.00826608 -0.00488766 -0.00827991 0.99995378
0.99999115 -0.00044649 0.00418263 0.00043134 0.99999335 0.00362251 -0.00418422 -0.00362067 0.99998469
0.99999336 -0.00194462 0.00308201 0.00194744 0.99999769 -0.00090983 -0.00308023 0.00091582 0.99999484
0.99999547 -0.00101902 0.00283235 0.00102097 0.99999924 -0.00068678 -0.00283165 0.00068967 0.99999575
0.99999204 -0.00222424 0.00331363 0.00221675 0.99999498 0.00226333 -0.00331865 -0.00225596 0.99999195
0.99998884 -0.00416535 0.00223113 0.00415872 0.99998695 0.00296606 -0.00224345 -0.00295675 0.99999311
0.99999282 -0.00199383 0.00322294 0.00198686 0.99999568 0.00216467 -0.00322724 -0.00215825 0.99999246
0.99999293 -0.00160854 0.00339894 0.00162142 0.99999150 -0.00379201 -0.00339281 0.00379750 0.99998703
0.99999404 0.00311950 0.00147714 -0.00310994 0.99997453 -0.00642469 -0.00149714 0.00642006 0.99997827
0.99999850 0.00077267 0.00154913 -0.00076129 0.99997280 -0.00733574 -0.00155475 0.00733455 0.99997189
0.99999848 0.00086042 0.00151827 -0.00085427 0.99999146 -0.00404349 -0.00152174 0.00404218 0.99999067
0.99999686 0.00121259 0.00219127 -0.00121637 0.99999777 0.00172415 -0.00218917 -0.00172681 0.99999611
0.99999295 0.00284278 0.00245193 -0.00285182 0.99998913 0.00368981 -0.00244142 -0.00369678 0.99999019
0.99999343 0.00279522 0.00230711 -0.00280729 0.99998231 0.00524456 -0.00229241 -0.00525100 0.99998359
0.99999310 -0.00282074 0.00241609 0.00281611 0.99999420 0.00191668 -0.00242148 -0.00190986 0.99999524
0.99999408 -0.00326884 0.00107633 0.00326911 0.99999463 -0.00024950 -0.00107551 0.00025301 0.99999939
0.99999826 -0.00154788 0.00104082 0.00154788 0.99999880 -0.00000531 -0.00104081 0.00000692 0.99999946
0.99999915 0.00027098 0.00127564 -0.00026866 0.99999831 -0.00182114 -0.00127613 0.00182079 0.99999753
0.99999899 -0.00116210 0.00082150 0.00116325 0.99999833 -0.00140798 -0.00081987 0.00140893 0.99999867
0.99999969 -0.00036730 0.00068932 0.00036733 0.99999993 -0.00004069 -0.00068930 0.00004094 0.99999976
0.99999394 0.00338571 0.00080560 -0.00338648 0.99999381 0.00095749 -0.00080235 -0.00096021 0.99999922
0.99999939 0.00104482 0.00035448 -0.00104444 0.99999889 -0.00106265 -0.00035559 0.00106228 0.99999937
0.99999855 0.00025931 -0.00168156 -0.00025966 0.99999994 -0.00021153 0.00168150 0.00021196 0.99999856
0.99999595 -0.00175193 -0.00224088 0.00175125 0.99999842 -0.00030863 0.00224142 0.00030470 0.99999744
0.99999277 0.00209201 -0.00317665 -0.00209381 0.99999765 -0.00056102 0.00317547 0.00056767 0.99999480
0.99998935 0.00366932 -0.00279906 -0.00367059 0.99999316 -0.00044934 0.00279739 0.00045961 0.99999598
0.99999633 0.00082034 -0.00258350 -0.00083323 0.99998720 -0.00499056 0.00257938 0.00499269 0.99998421
0.99999723 0.00072566 -0.00223765 -0.00073321 0.99999405 -0.00337183 0.00223519 0.00337346 0.99999181
0.99999761 -0.00073670 -0.00205899 0.00073435 0.99999908 -0.00114031 0.00205983 0.00113879 0.99999723
0.99999817 -0.00014816 -0.00190865 0.00015171 0.99999826 0.00185861 0.00190837 -0.00185890 0.99999645
0.99999521 -0.00160018 -0.00265009 0.00160157 0.99999858 0.00052487 0.00264924 -0.00052911 0.99999635
0.99999887 -0.00035650 -0.00146329 0.00035939 0.99999798 0.00197735 0.00146258 -0.00197787 0.99999697
0.99999921 -0.00057363 -0.00111765 0.00057704 0.99999516 0.00305760 0.00111589 -0.00305825 0.99999470
0.99999975 0.00022595 -0.00066456 -0.00022280 0.99998875 0.00473790 0.00066563 -0.00473775 0.99998856
0.99999971 -0.00012968 0.00074592 0.00012805 0.99999761 0.00218472 -0.00074620 -0.00218462 0.99999734
0.99999041 0.00362652 0.00245580 -0.00362657 0.99999342 0.00001245 -0.00245574 -0.00002136 0.99999698
0.99999783 -0.00043616 0.00203741 0.00043785 0.99999956 -0.00082781 -0.00203705 0.00082870 0.99999758
0.99999657 -0.00218412 0.00144365 0.00218736 0.99999508 -0.00224740 -0.00143874 0.00225055 0.99999643
0.99999348 -0.00338694 0.00125271 0.00338920 0.99999263 -0.00180126 -0.00124660 0.00180550 0.99999759
0.99999774 -0.00064614 0.00202650 0.00064712 0.99999967 -0.00048208 -0.00202619 0.00048339 0.99999783
0.99999733 -0.00214463 0.00086247 0.00214301 0.99999594 0.00187700 -0.00086649 -0.00187515 0.99999787
0.99999646 -0.00239880 0.00114831 0.00239654 0.99999520 0.00196410 -0.00115302 -0.00196134 0.99999741
0.99999895 -0.00016556 0.00144152 0.00016625 0.99999987 -0.00047926 -0.00144144 0.00047950 0.99999885
0.99999812 0.00192984 -0.00017946 -0.00193043 0.99999250 -0.00335790 0.00017297 0.00335824 0.99999435
0.99999494 0.00307572 0.00081272 -0.00307078 0.99997722 -0.00601045 -0.00083119 0.00600792 0.99998161
0.99999538 0.00283048 0.00110397 -0.00282443 0.99998120 -0.00544232 -0.00111936 0.00543918 0.99998458
0.99998428 0.00549953 0.00108882 -0.00549288 0.99996678 -0.00602295 -0.00112191 0.00601687 0.99998127
0.99999920 0.00040756 0.00119569 -0.00040617 0.99999924 -0.00116135 -0.00119616 0.00116086 0.99999861
0.99999114 -0.00420624 0.00014856 0.00420534 0.99997537 0.00561843 -0.00017218 -0.00561776 0.99998421
0.99999956 -0.00093088 0.00012022 0.00092978 0.99996044 0.00884622 -0.00012845 -0.00884611 0.99996086
0.99999889 -0.00115199 -0.00094222 0.00115932 0.99996881 0.00781204 0.00093319 -0.00781312 0.99996904
0.99999539 -0.00161816 -0.00257057 0.00161292 0.99999662 -0.00203830 0.00257386 0.00203414 0.99999462
0.99998795 -0.00461079 -0.00168591 0.00460484 0.99998323 -0.00351288 0.00170208 0.00350507 0.99999241
0.99999720 -0.00138548 -0.00191690 0.00138239 0.99999775 -0.00161021 0.00191913 0.00160756 0.99999687
0.99999191 0.00337973 -0.00217965 -0.00338509 0.99999124 -0.00246010 0.00217132 0.00246746 0.99999460
0.99999447 0.00014378 -0.00332306 -0.00015472 0.99999457 -0.00329199 0.00332257 0.00329249 0.99998906
0.99999033 0.00129574 -0.00420166 -0.00130862 0.99999445 -0.00306473 0.00419766 0.00307020 0.99998648
0.99999270 0.00252652 -0.00286737 -0.00253828 0.99998834 -0.00410695 0.00285696 0.00411420 0.99998746
0.99998386 0.00458883 -0.00334912 -0.00458871 0.99998947 0.00004565 0.00334929 -0.00003029 0.99999439
0.99998710 0.00369226 -0.00348921 -0.00368871 0.99999267 0.00102158 0.00349296 -0.00100870 0.99999339
0.99999041 0.00216911 -0.00380550 -0.00214868 0.99998331 0.00536242 0.00381707 -0.00535419 0.99997838
0.99999167 0.00074192 -0.00401472 -0.00072060 0.99998565 0.00530839 0.00401860 -0.00530546 0.99997785
0.99998691 -0.00078252 -0.00505567 0.00079816 0.99999490 0.00309249 0.00505323 -0.00309648 0.99998244
0.99998003 -0.00049347 -0.00630090 0.00049732 0.99999969 0.00060981 0.00630060 -0.00061294 0.99997996
0.99997690 -0.00274067 -0.00621989 0.00276000 0.99999138 0.00310191 0.00621134 -0.00311900 0.99997585
0.99997975 0.00075618 -0.00631952 -0.00076194 0.99999930 -0.00090865 0.00631883 0.00091345 0.99997962
0.99997094 0.00462777 -0.00605801 -0.00463713 0.99998808 -0.00153063 0.00605085 0.00155868 0.99998048
0.99997738 0.00219355 -0.00635752 -0.00222211 0.99998746 -0.00448849 0.00634759 0.00450252 0.99996972
0.99998391 -0.00027148 -0.00566638 0.00025499 0.99999573 -0.00291072 0.00566714 0.00290923 0.99997971
0.99998567 0.00162588 -0.00510156 -0.00163507 0.99999704 -0.00179943 0.00509862 0.00180775 0.99998537
0.99998734 0.00153400 -0.00479300 -0.00151077 0.99998712 0.00484537 0.00480037 -0.00483807 0.99997677
0.99998176 0.00049154 -0.00601988 -0.00046978 0.99999336 0.00361488 0.00602162 -0.00361198 0.99997535
0.99998043 -0.00082441 -0.00620183 0.00083295 0.99999871 0.00137490 0.00620068 -0.00138004 0.99997982
0.99997187 -0.00182346 -0.00727494 0.00179581 0.99999114 -0.00380639 0.00728182 0.00379321 0.99996629
0.99996743 -0.00046782 -0.00805687 0.00040097 0.99996550 -0.00829715 0.00806047 0.00829365 0.99993312
0.99995439 -0.00320468 -0.00899685 0.00318386 0.99999222 -0.00232749 0.00900424 0.00229874 0.99995682
0.99993886 -0.00051815 -0.01104583 0.00054520 0.99999686 0.00244593 0.01104453 -0.00245181 0.99993600
0.99993658 -0.00028298 -0.01125849 0.00034336 0.99998557 0.00536166 0.01125681 -0.00536519 0.99992225
0.99992565 0.00062975 -0.01217794 -0.00054323 0.99997460 0.00710657 0.01218211 -0.00709943 0.99990059
0.99993524 0.00038473 -0.01137438 -0.00035153 0.99999567 0.00292031 0.01137545 -0.00291612 0.99993105
0.99992001 0.00528140 -0.01149236 -0.00533879 0.99997341 -0.00496829 0.01146582 0.00502924 0.99992162
0.99992047 0.00241196 -0.01237852 -0.00253076 0.99995081 -0.00959065 0.01235478 0.00962122 0.99987739
0.99991557 -0.00038714 -0.01298863 0.00031326 0.99998376 -0.00569007 0.01299063 0.00568552 0.99989945
0.99992222 -0.00152473 -0.01237888 0.00157752 0.99998970 0.00425584 0.01237226 -0.00427503 0.99991432
0.99993267 -0.00068719 -0.01158332 0.00076785 0.99997548 0.00696076 0.01157825 -0.00696918 0.99990868
0.99991816 -0.00120323 -0.01273686 0.00126462 0.99998762 0.00481310 0.01273091 -0.00482881 0.99990730
0.99991478 -0.00141116 -0.01297878 0.00137587 0.99999533 -0.00272740 0.01298257 0.00270931 0.99991205
0.99993019 -0.00010156 -0.01181582 0.00004202 0.99998730 -0.00503898 0.01181618 0.00503813 0.99991749
0.99995443 -0.00228695 -0.00926833 0.00222201 0.99997295 -0.00701102 0.00928411 0.00699011 0.99993247
0.99996256 -0.00237061 -0.00832225 0.00232339 0.99998117 -0.00567970 0.00833556 0.00566015 0.99994924
0.99996755 0.00106881 -0.00798481 -0.00108712 0.99999679 -0.00228845 0.00798234 0.00229706 0.99996550
0.99994981 0.00630541 -0.00778563 -0.00630563 0.99998012 -0.00000494 0.00778545 0.00005403 0.99996969
0.99996601 -0.00045184 -0.00823209 0.00046839 0.99999787 0.00200826 0.00823117 -0.00201205 0.99996410
0.99996204 -0.00159073 -0.00856699 0.00164480 0.99997875 0.00630863 0.00855677 -0.00632248 0.99994340
0.99997173 -0.00183184 -0.00729238 0.00188947 0.99996698 0.00790323 0.00727766 -0.00791678 0.99994218
0.99994025 0.00907246 -0.00609780 -0.00903097 0.99993611 0.00679785 0.00615908 -0.00674238 0.99995830
0.99994084 0.00940734 -0.00545977 -0.00942421 0.99995087 -0.00307328 0.00543059 0.00312456 0.99998037
0.99998029 -0.00059836 -0.00625068 0.00054817 0.99996763 -0.00802784 0.00625528 0.00802426 0.99994824
0.99996526 -0.00624336 -0.00552177 0.00620105 0.99995154 -0.00764619 0.00556924 0.00761169 0.99995552
0.99999271 0.00027350 -0.00380762 -0.00027650 0.99999965 -0.00078809 0.00380740 0.00078913 0.99999244
0.99998268 0.00338282 -0.00481720 -0.00335809 0.99998118 0.00513371 0.00483448 -0.00511745 0.99997522
0.99998585 0.00075396 -0.00526609 -0.00073236 0.99999132 0.00410179 0.00526913 -0.00409788 0.99997772
0.99998081 -0.00312163 -0.00535193 0.00310880 0.99999228 -0.00240346 0.00535939 0.00238678 0.99998279
0.99998705 0.00115546 -0.00495637 -0.00118806 0.99997765 -0.00657949 0.00494866 0.00658529 0.99996607
0.99998466 -0.00041582 -0.00552406 0.00038017 0.99997910 -0.00645358 0.00552663 0.00645138 0.99996392
0.99998374 0.00048177 -0.00568200 -0.00049090 0.99999859 -0.00160577 0.00568122 0.00160853 0.99998257
0.99999000 0.00085793 -0.00438886 -0.00083967 0.99999100 0.00415961 0.00439239 -0.00415589 0.99998172
0.99998966 0.00016193 -0.00454518 -0.00015292 0.99999802 0.00198231 0.00454549 -0.00198159 0.99998771
0.99999135 -0.00008292 -0.00415736 0.00008174 0.99999996 -0.00028470 0.00415738 0.00028436 0.99999132
0.99998656 -0.00209857 -0.00474006 0.00209452 0.99999744 -0.00085926 0.00474185 0.00084932 0.99998840
0.99998908 -0.00124325 -0.00450442 0.00124074 0.99999907 -0.00055858 0.00450511 0.00055298 0.99998970
0.99998853 -0.00059873 -0.00475283 0.00060077 0.99999973 0.00042749 0.00475258 -0.00043034 0.99998861
0.99998850 0.00167984 -0.00449260 -0.00167949 0.99999859 0.00008096 0.00449273 -0.00007341 0.99998990
0.99998522 0.00084575 -0.00537123 -0.00084089 0.99999924 0.00090659 0.00537199 -0.00090206 0.99998516
0.99998664 -0.00058368 -0.00513703 0.00056040 0.99998957 -0.00453210 0.00513962 0.00452916 0.99997654
0.99998686 -0.00119526 -0.00498556 0.00117002 0.99998650 -0.00506212 0.00499154 0.00505622 0.99997476
0.99998795 0.00023224 -0.00490275 -0.00024758 0.99999507 -0.00313013 0.00490200 0.00313131 0.99998308
0.99999074 0.00034023 -0.00428893 -0.00032723 0.99999536 0.00302924 0.00428994 -0.00302781 0.99998621
0.99999229 0.00022319 -0.00391942 -0.00019008 0.99996431 0.00844605 0.00392116 -0.00844524 0.99995665
0.99998796 -0.00363836 -0.00329297 0.00366894 0.99994975 0.00932953 0.00325886 -0.00934150 0.99995106
0.99999075 -0.00303341 -0.00304860 0.00304627 0.99998644 0.00422424 0.00303574 -0.00423348 0.99998643
0.99998835 -0.00353737 -0.00328299 0.00353456 0.99999338 -0.00086099 0.00328601 0.00084938 0.99999424
0.99999451 -0.00025824 -0.00330242 0.00024539 0.99999240 -0.00389136 0.00330340 0.00389053 0.99998698
0.99999442 -0.00060510 -0.00328649 0.00059523 0.99999532 -0.00300251 0.00328829 0.00300053 0.99999009
0.99999469 -0.00151737 -0.00288330 0.00151275 0.99999757 -0.00160625 0.00288573 0.00160188 0.99999455
0.99999704 -0.00150885 -0.00190890 0.00150823 0.99999881 -0.00032771 0.00190940 0.00032483 0.99999812
0.99999656 -0.00042664 -0.00258879 0.00042819 0.99999973 0.00059876 0.00258854 -0.00059987 0.99999647
0.99999692 -0.00146928 -0.00200232 0.00147202 0.99999798 0.00137004 0.00200030 -0.00137298 0.99999706
0.99999263 -0.00253046 -0.00288610 0.00253201 0.99999665 0.00053211 0.00288474 -0.00053942 0.99999569
0.99999372 -0.00218590 -0.00279063 0.00218802 0.99999732 0.00075779 0.00278897 -0.00076389 0.99999582
0.99999737 -0.00057072 -0.00222215 0.00056800 0.99999909 -0.00122516 0.00222285 0.00122389 0.99999678
0.99999392 0.00212710 -0.00276204 -0.00213688 0.99999144 -0.00354356 0.00275448 0.00354944 0.99998991
0.99999531 -0.00070623 -0.00297862 0.00069417 0.99999158 -0.00404535 0.00298145 0.00404326 0.99998738
0.99998444 -0.00319163 -0.00457438 0.00318109 0.99999227 -0.00230885 0.00458172 0.00229426 0.99998687
0.99997165 -0.00523227 -0.00541435 0.00523296 0.99998630 0.00011212 0.00541369 -0.00014045 0.99998534
0.99998354 0.00028881 -0.00573018 -0.00028294 0.99999943 0.00102544 0.00573047 -0.00102380 0.99998306
0.99997558 0.00265824 -0.00646378 -0.00264564 0.99999459 0.00195677 0.00646895 -0.00193962 0.99997720
0.99996676 0.00389909 -0.00716029 -0.00387052 0.99998451 0.00400055 0.00717578 -0.00397270 0.99996636
0.99997453 0.00147308 -0.00698416 -0.00142712 0.99997732 0.00658167 0.00699370 -0.00657154 0.99995395
0.99996373 -0.00106922 -0.00845015 0.00110448 0.99999070 0.00416847 0.00844561 -0.00417766 0.99995561
0.99994041 -0.00490167 -0.00975488 0.00491373 0.99998719 0.00121201 0.00974881 -0.00125987 0.99995169
0.99992263 -0.00364284 -0.01189400 0.00365206 0.99999305 0.00075376 0.01189117 -0.00079714 0.99992898
0.99988602 -0.00287444 -0.01482186 0.00288365 0.99999566 0.00059998 0.01482007 -0.00064265 0.99988997
0.99985585 -0.00022365 -0.01697734 0.00023602 0.99999971 0.00072645 0.01697717 -0.00073035 0.99985561
0.99980463 0.00179295 -0.01968474 -0.00179872 0.99999834 -0.00027527 0.01968422 0.00031063 0.99980620
0.99976409 -0.00007661 -0.02172009 0.00002033 0.99999664 -0.00259120 0.02172022 0.00259015 0.99976073
0.99976424 0.00068205 -0.02170234 -0.00078568 0.99998833 -0.00476689 0.02169884 0.00478282 0.99975311
0.99974985 -0.00029287 -0.02236421 0.00016528 0.99998370 -0.00570707 0.02236552 0.00570195 0.99973360
0.99974397 0.00367577 -0.02232658 -0.00377953 0.99998225 -0.00460703 0.02230925 0.00469023 0.99974012
0.99971672 0.00714201 -0.02270398 -0.00720608 0.99997028 -0.00274136 0.02268372 0.00290419 0.99973847
0.99970174 0.00236620 -0.02430720 -0.00237857 0.99999706 -0.00047999 0.02430599 0.00053767 0.99970442
0.99967340 -0.00329425 -0.02534257 0.00330349 0.99999449 0.00032290 0.02534137 -0.00040651 0.99967877
0.99964504 -0.00311794 -0.02645883 0.00314384 0.99999462 0.00093730 0.02645576 -0.00102015 0.99964946
0.99958674 -0.00016780 -0.02874581 0.00021898 0.99999840 0.00177731 0.02874546 -0.00178287 0.99958517
0.99952720 0.00374591 -0.03051784 -0.00367400 0.99999034 0.00241211 0.03052658 -0.00229885 0.99953131
0.99950998 0.00201157 -0.03123697 -0.00192084 0.99999385 0.00293444 0.03124268 -0.00287300 0.99950770
0.99950661 0.00185763 -0.03135418 -0.00180015 0.99999665 0.00186157 0.03135753 -0.00180421 0.99950660
0.99952936 0.00348751 -0.03047792 -0.00344863 0.99999317 0.00132828 0.03048235 -0.00122254 0.99953456
0.99950811 0.00481427 -0.03098969 -0.00475512 0.99998673 0.00198190 0.03099882 -0.00183357 0.99951774
0.99949898 0.00266839 -0.03153821 -0.00261129 0.99999488 0.00185145 0.03154299 -0.00176817 0.99950083
0.99944718 -0.00064598 -0.03324027 0.00060741 0.99999913 -0.00117033 0.03324100 0.00114949 0.99944670
0.99934779 0.00004361 -0.03611093 -0.00017936 0.99999293 -0.00375614 0.03611051 0.00376017 0.99934073
0.99930239 -0.00017985 -0.03734569 0.00000638 0.99998921 -0.00464516 0.03734612 0.00464168 0.99929161
0.99911890 0.00002512 -0.04196937 -0.00014999 0.99999557 -0.00297208 0.04196911 0.00297576 0.99911448
0.99898975 -0.00043268 -0.04493654 0.00032220 0.99999691 -0.00246580 0.04493747 0.00244883 0.99898680
0.99892685 -0.00046795 -0.04631333 0.00031974 0.99999481 -0.00320737 0.04631459 0.00318912 0.99892181
0.99871079 -0.00066086 -0.05075749 0.00040956 0.99998761 -0.00496120 0.05076014 0.00493401 0.99869869
0.99873075 -0.00031105 -0.05036657 0.00014268 0.99999439 -0.00334657 0.05036733 0.00333513 0.99872519
0.99874169 0.00012800 -0.05014998 -0.00015244 0.99999987 -0.00048344 0.05014992 0.00049048 0.99874158
0.99858556 0.00011897 -0.05316836 -0.00003280 0.99999868 0.00162166 0.05316848 -0.00161762 0.99858425
0.99856279 -0.00232381 -0.05354401 0.00247927 0.99999290 0.00283722 0.05353703 -0.00296589 0.99856146
0.99850459 -0.00153159 -0.05464643 0.00159241 0.99999816 0.00106953 0.05464469 -0.00115495 0.99850519
0.99855462 -0.00372711 -0.05361699 0.00385924 0.99998977 0.00236086 0.05360764 -0.00256437 0.99855878
0.99855811 -0.00159093 -0.05365799 0.00167177 0.99999753 0.00146180 0.05365553 -0.00154940 0.99855830
0.99861611 -0.00065005 -0.05258750 0.00070603 0.99999920 0.00104599 0.05258678 -0.00108167 0.99861577
0.99871667 -0.00195997 -0.05060805 0.00199146 0.99999785 0.00057181 0.05060682 -0.00067186 0.99871843
0.99872570 -0.00330934 -0.05035897 0.00332015 0.99999448 0.00013105 0.05035825 -0.00029808 0.99873117
0.99874421 -0.00294587 -0.05001332 0.00292728 0.99999562 -0.00044492 0.05001441 0.00029796 0.99874845
0.99884618 -0.00348724 -0.04789724 0.00350161 0.99999385 0.00021593 0.04789619 -0.00038339 0.99885225
0.99895304 -0.00104254 -0.04573547 0.00103696 0.99999945 -0.00014558 0.04573559 0.00009800 0.99895358
0.99906791 -0.00072641 -0.04315986 0.00075614 0.99999949 0.00067244 0.04315935 -0.00070445 0.99906795
0.99924563 0.00004403 -0.03883511 -0.00002036 0.99999981 0.00060988 0.03883513 -0.00060863 0.99924545
0.99945537 0.00120648 -0.03297752 -0.00120427 0.99999927 0.00008693 0.03297760 -0.00004717 0.99945609
0.99964009 0.00270417 -0.02669040 -0.00271191 0.99999629 -0.00025359 0.02668961 0.00032589 0.99964372
0.99977264 0.00215563 -0.02121350 -0.00217377 0.99999729 -0.00083214 0.02121165 0.00087806 0.99977462
0.99985950 0.00180786 -0.01666439 -0.00180449 0.99999835 0.00021714 0.01666476 -0.00018704 0.99986112
0.99990803 -0.00018917 -0.01356083 0.00019546 0.99999987 0.00046245 0.01356074 -0.00046506 0.99990794
0.99992279 -0.00013811 -0.01242554 0.00015292 0.99999928 0.00119151 0.01242536 -0.00119332 0.99992209
0.99994878 -0.00093320 -0.01007769 0.00093898 0.99999940 0.00056882 0.01007716 -0.00057826 0.99994906
0.99996996 0.00104848 -0.00768035 -0.00104646 0.99999942 0.00026746 0.00768063 -0.00025941 0.99997047
0.99997478 0.00064469 -0.00707341 -0.00064191 0.99999972 0.00039476 0.00707366 -0.00039021 0.99997491
0.99998522 0.00006930 -0.00543670 -0.00006971 0.99999999 -0.00007502 0.00543669 0.00007540 0.99998522
0.99999278 -0.00007216 -0.00379994 0.00007277 0.99999998 0.00015887 0.00379992 -0.00015914 0.99999277
0.99999631 -0.00012338 -0.00271220 0.00012394 0.99999997 0.00020491 0.00271217 -0.00020525 0.99999630
0.99999912 -0.00031518 -0.00128532 0.00031508 0.99999995 -0.00007812 0.00128534 0.00007771 0.99999917
0.99999965 0.00040132 -0.00073168 -0.00040216 0.99999926 -0.00115175 0.00073122 0.00115204 0.99999907
0.99999933 -0.00002468 -0.00115740 0.00002273 0.99999858 -0.00168571 0.00115744 0.00168569 0.99999791
0.99999885 -0.00045000 -0.00144639 0.00044777 0.99999872 -0.00153851 0.00144708 0.00153786 0.99999777
0.99999947 -0.00005027 -0.00102862 0.00005111 0.99999967 0.00081154 0.00102858 -0.00081159 0.99999914
0.99999906 0.00118229 -0.00068933 -0.00118078 0.99999688 0.00219910 0.00069193 -0.00219828 0.99999734
0.99999892 0.00096200 -0.00110672 -0.00095982 0.99999761 0.00196405 0.00110861 -0.00196298 0.99999746
0.99999954 -0.00000666 -0.00095615 0.00000629 0.99999992 -0.00039391 0.00095615 0.00039390 0.99999947
0.99999892 -0.00121441 -0.00082419 0.00121251 0.99999661 -0.00230554 0.00082699 0.00230454 0.99999700
0.99999832 -0.00151044 -0.00103861 0.00150863 0.99999734 -0.00174245 0.00104124 0.00174088 0.99999794
0.99999597 -0.00256899 -0.00120933 0.00256852 0.99999663 -0.00038961 0.00121033 0.00038651 0.99999919
0.99999741 -0.00211197 -0.00085233 0.00211151 0.99999762 -0.00054331 0.00085348 0.00054151 0.99999949
0.99999870 0.00053955 -0.00151823 -0.00054365 0.99999620 -0.00270228 0.00151676 0.00270310 0.99999520
0.99999878 0.00044067 -0.00150136 -0.00044741 0.99998981 -0.00449187 0.00149937 0.00449254 0.99998878
0.99999773 0.00187229 -0.00101865 -0.00187597 0.99999167 -0.00362441 0.00101186 0.00362632 0.99999291
0.99999759 0.00215804 0.00041078 -0.00215785 0.99999756 -0.00047887 -0.00041181 0.00047798 0.99999980
0.99999934 0.00113819 0.00017835 -0.00113853 0.99999745 0.00194779 -0.00017613 -0.00194799 0.99999809
0.99999978 0.00066231 -0.00006346 -0.00066213 0.99999593 0.00277406 0.00006530 -0.00277402 0.99999615
0.99999993 -0.00036603 -0.00010359 0.00036626 0.99999728 0.00230545 0.00010274 -0.00230549 0.99999734
0.99999878 -0.00150711 -0.00040749 0.00150796 0.99999668 0.00209168 0.00040434 -0.00209230 0.99999773
0.99999516 -0.00091668 -0.00297437 0.00091693 0.99999958 0.00008422 0.00297429 -0.00008694 0.99999557
0.99999999 -0.00001762 0.00013756 0.00001759 0.99999998 0.00021105 -0.00013756 -0.00021104 0.99999997
0.99999615 0.00275854 -0.00028801 -0.00275845 0.99999614 0.00033740 0.00028894 -0.00033661 0.99999990
0.99999990 0.00044784 -0.00005723 -0.00044781 0.99999977 0.00050818 0.00005746 -0.00050815 0.99999987
0.99999967 0.00074879 -0.00031068 -0.00074830 0.99999850 0.00156192 0.00031185 -0.00156169 0.99999873
1.00000000 0.00007538 -0.00000911 -0.00007537 0.99999962 0.00086452 0.00000918 -0.00086452 0.99999963
0.99999948 0.00040724 -0.00093886 -0.00040787 0.99999969 -0.00067367 0.00093859 0.00067405 0.99999933
0.99999971 -0.00022021 -0.00072434 0.00021926 0.99999911 -0.00131626 0.00072463 0.00131611 0.99999887
0.99999929 0.00026207 -0.00116015 -0.00026298 0.99999966 -0.00078420 0.00115994 0.00078451 0.99999902
0.99999943 -0.00030589 -0.00102656 0.00030574 0.99999994 -0.00014976 0.00102661 0.00014945 0.99999946
0.99999847 0.00140236 -0.00104751 -0.00140330 0.99999861 -0.00089560 0.00104625 0.00089707 0.99999905
0.99999919 0.00075572 -0.00102732 -0.00075673 0.99999923 -0.00098530 0.00102658 0.00098608 0.99999899
0.99999932 0.00100416 -0.00059221 -0.00100483 0.99999884 -0.00114414 0.00059106 0.00114474 0.99999917
0.99999941 0.00103222 -0.00033851 -0.00103234 0.99999940 -0.00035637 0.00033814 0.00035672 0.99999988
0.99999375 0.00351593 -0.00037584 -0.00351590 0.99999382 0.00007176 0.00037609 -0.00007044 0.99999993
0.99999836 0.00145110 0.00107983 -0.00145003 0.99999845 -0.00099749 -0.00108128 0.00099593 0.99999892
0.99999809 0.00145972 0.00130337 -0.00145780 0.99999786 -0.00147062 -0.00130552 0.00146871 0.99999807
