0.99998962 0.00365875 0.00271626 -0.00365950 0.99999327 0.00027194 -0.00271524 -0.00028188 0.99999627
0.99999426 0.00320312 0.00110740 -0.00320313 0.99999487 0.00000739 -0.00110737 -0.00001094 0.99999939
0.99999705 0.00219406 0.00104273 -0.00219357 0.99999748 -0.00047714 -0.00104377 0.00047485 0.99999934
0.99999731 0.00231319 -0.00016473 -0.00231328 0.99999718 -0.00054439 0.00016347 0.00054477 0.99999984
0.99999986 0.00025181 0.00046483 -0.00025166 0.99999992 -0.00032111 -0.00046491 0.00032099 0.99999984
0.99998923 -0.00025977 0.00463443 0.00025525 0.99999949 0.00097584 -0.00463468 -0.00097464 0.99998878
0.99999984 0.00018627 0.00053480 -0.00018778 0.99999601 0.00281702 -0.00053428 -0.00281712 0.99999589
0.99999635 -0.00095879 0.00252425 0.00094865 0.99999149 0.00401400 -0.00252808 -0.00401159 0.99998876
0.99999942 -0.00064528 0.00085904 0.00064196 0.99999234 0.00386211 -0.00086152 -0.00386155 0.99999217
0.99999791 -0.00188742 0.00078979 0.00188529 0.99999460 0.00269221 -0.00079487 -0.00269072 0.99999606
0.99999917 0.00012643 0.00128309 -0.00012645 0.99999999 0.00001384 -0.00128309 -0.00001400 0.99999918
0.99998726 0.00084669 0.00497700 -0.00083075 0.99999452 -0.00320539 -0.00497969 0.00320121 0.99998248
0.99999863 -0.00155021 -0.00057628 0.00154887 0.99999612 -0.00231518 0.00057987 0.00231429 0.99999715
0.99999856 -0.00053094 -0.00161013 0.00052754 0.99999762 -0.00211529 0.00161125 0.00211444 0.99999647
0.99999186 -0.00355306 0.00191163 0.00355688 0.99999168 -0.00199946 -0.00190451 0.00200625 0.99999617
0.99998874 -0.00365201 0.00302898 0.00365034 0.99999318 0.00055673 -0.00303099 -0.00054567 0.99999526
0.99998196 0.00443431 0.00405226 -0.00442665 0.99998840 -0.00189641 -0.00406063 0.00187843 0.99998999
0.99998474 0.00441252 0.00332449 -0.00441022 0.99999003 -0.00070006 -0.00332755 0.00068539 0.99999423
0.99999299 0.00086724 0.00364336 -0.00087034 0.99999926 0.00084774 -0.00364262 -0.00085091 0.99999300
0.99997887 -0.00449301 0.00469858 0.00449554 0.99998976 -0.00052864 -0.00469615 0.00054976 0.99998882
0.99998427 -0.00499953 0.00254421 0.00499952 0.99998750 0.00000949 -0.00254422 0.00000323 0.99999676
0.99999691 -0.00236907 0.00074679 0.00236833 0.99999670 0.00099837 -0.00074915 -0.00099660 0.99999922
0.99999595 -0.00064908 0.00277143 0.00064593 0.99999915 0.00113659 -0.00277216 -0.00113479 0.99999551
0.99999782 0.00049536 0.00202858 -0.00049367 0.99999953 -0.00083223 -0.00202899 0.00083122 0.99999760
0.99999842 0.00046552 0.00171270 -0.00046317 0.99999895 -0.00137411 -0.00171334 0.00137332 0.99999759
0.99998763 0.00314038 0.00385664 -0.00313598 0.99999443 -0.00114656 -0.00386021 0.00113445 0.99999191
0.99999387 0.00287137 0.00200426 -0.00287050 0.99999578 -0.00043738 -0.00200551 0.00043162 0.99999790
0.99999999 0.00014874 0.00004099 -0.00014874 0.99999999 -0.00005620 -0.00004100 0.00005619 1.00000000
0.99999750 0.00026906 0.00222016 -0.00026364 0.99999698 -0.00244182 -0.00222082 0.00244123 0.99999455
0.99999291 -0.00131410 0.00352804 0.00131934 0.99999803 -0.00148410 -0.00352608 0.00148874 0.99999268
0.99999628 -0.00173695 0.00210171 0.00173744 0.99999846 -0.00022883 -0.00210131 0.00023248 0.99999777
0.99999903 0.00062355 0.00124938 -0.00062224 0.99999926 -0.00104633 -0.00125003 0.00104555 0.99999867
0.99999906 0.00066957 0.00119736 -0.00066698 0.99999744 -0.00216181 -0.00119880 0.00216101 0.99999695
0.99999875 0.00089207 0.00130376 -0.00088894 0.99999673 -0.00239944 -0.00130589 0.00239828 0.99999627
0.99999825 -0.00168652 0.00080966 0.00168856 0.99999539 -0.00252488 -0.00080540 0.00252624 0.99999648
0.99999896 0.00143896 -0.00012922 -0.00143924 0.99999660 -0.00217674 0.00012608 0.00217692 0.99999762
0.99999899 0.00048671 -0.00133644 -0.00048887 0.99999857 -0.00161597 0.00133565 0.00161662 0.99999780
0.99999532 0.00003198 -0.00306033 -0.00003487 0.99999955 -0.00094368 0.00306030 0.00094378 0.99999487
0.99999375 0.00008994 -0.00353553 -0.00009228 0.99999978 -0.00066237 0.00353547 0.00066269 0.99999353
0.99998234 -0.00054552 -0.00591779 0.00053956 0.99999935 -0.00100787 0.00591833 0.00100466 0.99998198
0.99997491 -0.00038346 -0.00707370 0.00037693 0.99999950 -0.00092451 0.00707405 0.00092182 0.99997455
0.99997545 -0.00049357 -0.00698997 0.00049056 0.99999979 -0.00043270 0.00699018 0.00042926 0.99997548
0.99997060 0.00102362 -0.00759903 -0.00103395 0.99999855 -0.00135649 0.00759763 0.00136431 0.99997021
0.99994800 -0.00117825 -0.01012996 0.00116530 0.99999850 -0.00128412 0.01013146 0.00127224 0.99994787
0.99992194 -0.00114802 -0.01244132 0.00112358 0.99999743 -0.00197100 0.01244355 0.00195686 0.99992066
0.99987336 -0.00026112 -0.01591187 0.00023398 0.99999851 -0.00170751 0.01591230 0.00170357 0.99987194
0.99981111 0.00059725 -0.01942644 -0.00061737 0.99999928 -0.00102988 0.01942581 0.00104168 0.99981076
0.99977178 0.00109565 -0.02133512 -0.00108518 0.99999928 0.00050240 0.02133566 -0.00047913 0.99977225
0.99972819 0.00118679 -0.02328381 -0.00115312 0.99999827 0.00145938 0.02328550 -0.00143213 0.99972783
0.99962801 0.00135284 -0.02723989 -0.00132187 0.99999846 0.00115497 0.02724141 -0.00111854 0.99962826
0.99950818 -0.00027820 -0.03135781 0.00035739 0.99999676 0.00251970 0.03135701 -0.00252967 0.99950505
0.99943716 -0.00032851 -0.03354488 0.00043289 0.99999509 0.00310442 0.03354369 -0.00311719 0.99943239
0.99937446 0.00000511 -0.03536518 0.00010980 0.99999472 0.00324729 0.03536501 -0.00324914 0.99936918
0.99913906 0.00051477 -0.04148336 -0.00031358 0.99998816 0.00485623 0.04148537 -0.00483904 0.99912739
0.99910740 0.00266284 -0.04215807 -0.00248578 0.99998787 0.00425164 0.04216888 -0.00414305 0.99910191
0.99898004 0.00189615 -0.04511420 -0.00172595 0.99999125 0.00381146 0.04512103 -0.00372971 0.99897457
0.99891283 0.00045586 -0.04661497 -0.00021078 0.99998613 0.00526237 0.04661673 -0.00524682 0.99889907
0.99897683 0.00147513 -0.04520086 -0.00120730 0.99998156 0.00595205 0.04520880 -0.00589138 0.99896019
0.99883684 0.00235763 -0.04816029 -0.00207909 0.99998083 0.00583301 0.04817312 -0.00572609 0.99882259
0.99871878 0.00512325 -0.05034438 -0.00493364 0.99998026 0.00388982 0.05036332 -0.00363646 0.99872434
0.99869389 0.00306804 -0.05100094 -0.00298924 0.99999422 0.00162112 0.05100562 -0.00146655 0.99869729
0.99862097 0.00496866 -0.05226357 -0.00491566 0.99998727 0.00114257 0.05226858 -0.00088408 0.99863267
0.99865219 0.00249863 -0.05184165 -0.00240295 0.99999529 0.00190794 0.05184617 -0.00178080 0.99865350
0.99852023 0.00369440 -0.05425583 -0.00357844 0.99999110 0.00223432 0.05426360 -0.00203686 0.99852457
0.99848907 0.00016711 -0.05495036 -0.00007956 0.99999872 0.00159540 0.05495055 -0.00158862 0.99848781
0.99852554 -0.00101358 -0.05427444 0.00104343 0.99999932 0.00052156 0.05427388 -0.00057743 0.99852592
0.99852801 -0.00258883 -0.05417660 0.00267547 0.99999526 0.00152670 0.05417239 -0.00166940 0.99853020
0.99843915 -0.00257415 -0.05579096 0.00272216 0.99999297 0.00257709 0.05578393 -0.00272494 0.99843915
0.99841513 0.00055515 -0.05627536 -0.00048804 0.99999915 0.00120622 0.05627599 -0.00117684 0.99841456
0.99847227 0.00179611 -0.05522590 -0.00188847 0.99999690 -0.00162017 0.05522282 0.00172199 0.99847257
0.99824939 -0.00214070 -0.05910639 0.00214166 0.99999771 -0.00004711 0.05910636 -0.00007956 0.99825169
0.99834560 -0.00308690 -0.05741540 0.00311669 0.99999505 0.00042918 0.05741380 -0.00060742 0.99835028
0.99831658 -0.00124127 -0.05798671 0.00111621 0.99999698 -0.00218912 0.05798925 0.00212071 0.99831495
0.99852628 0.00209602 -0.05422976 -0.00177890 0.99998104 0.00589530 0.05424109 -0.00579015 0.99851108
0.99864067 0.00111863 -0.05211112 -0.00086558 0.99998773 0.00487825 0.05211594 -0.00482651 0.99862938
0.99878790 -0.00276883 -0.04914331 0.00287859 0.99999352 0.00216271 0.04913700 -0.00230156 0.99878940
0.99898877 -0.00014945 -0.04496015 0.00021938 0.99999877 0.00155064 0.04495986 -0.00155894 0.99898758
0.99917450 0.00192879 -0.04057820 -0.00201339 0.99999588 -0.00204418 0.04057409 0.00212419 0.99917427
0.99938178 0.00375080 -0.03495691 -0.00393818 0.99997824 -0.00529278 0.03493629 0.00542717 0.99937481
0.99959755 0.00343855 -0.02815860 -0.00343504 0.99999409 0.00017311 0.02815902 -0.00007631 0.99960345
0.99975044 0.00197841 -0.02225176 -0.00189323 0.99999080 0.00384854 0.02225917 -0.00380546 0.99974499
0.99989755 -0.00163101 -0.01422052 0.00171986 0.99997906 0.00623829 0.01421005 -0.00626211 0.99987942
0.99996487 0.00074677 -0.00834853 -0.00072614 0.99999668 0.00247300 0.00835035 -0.00246685 0.99996209
0.99999366 -0.00059790 -0.00350897 0.00058905 0.99999665 -0.00252206 0.00351046 0.00251998 0.99999066
0.99997488 -0.00696678 0.00130444 0.00697221 0.99996684 -0.00420726 -0.00127508 0.00421625 0.99999030
0.99991961 -0.01218911 0.00349234 0.01219715 0.99992299 -0.00228838 -0.00346418 0.00233079 0.99999128
0.99998331 -0.00061588 0.00574439 0.00061337 0.99999972 0.00043857 -0.00574466 -0.00043504 0.99998340
0.99998789 0.00141211 0.00471537 -0.00140574 0.99999810 -0.00135398 -0.00471727 0.00134734 0.99998797
0.99998922 -0.00384327 0.00260716 0.00386046 0.99997063 -0.00662119 -0.00258163 0.00663119 0.99997468
0.99999533 0.00223736 0.00208244 -0.00221475 0.99993927 -0.01079576 -0.00210647 0.01079110 0.99993956
0.99997004 0.00768186 0.00094989 -0.00767381 0.99993691 -0.00820262 -0.00101284 0.00819509 0.99996591
0.99998271 0.00568343 -0.00150634 -0.00568770 0.99997979 -0.00284198 0.00149016 0.00285050 0.99999483
0.99995307 0.00911971 -0.00327003 -0.00909765 0.99993618 0.00669766 0.00333091 -0.00666760 0.99997222
0.99997237 0.00546961 -0.00503399 -0.00543014 0.99995467 0.00782178 0.00507654 -0.00779422 0.99995674
0.99998706 0.00146080 -0.00487201 -0.00141369 0.99995235 0.00965925 0.00488589 -0.00965224 0.99994148
0.99999769 0.00193531 -0.00093149 -0.00192590 0.99994822 0.00999275 0.00095078 -0.00999093 0.99994964
0.99999465 -0.00212424 -0.00248781 0.00214565 0.99996041 0.00863568 0.00246937 -0.00864097 0.99995962
0.99999870 -0.00107009 -0.00120492 0.00107112 0.99999906 0.00085493 0.00120401 -0.00085622 0.99999891
0.99999770 0.00171837 -0.00128315 -0.00172193 0.99999466 -0.00277838 0.00127837 0.00278058 0.99999532
0.99999685 0.00014509 -0.00250749 -0.00015731 0.99998812 -0.00487181 0.00250675 0.00487219 0.99998499
0.99999498 0.00119317 -0.00293436 -0.00120954 0.99998369 -0.00558185 0.00292765 0.00558538 0.99998012
0.99998651 0.00095480 -0.00510621 -0.00097888 0.99998840 -0.00471676 0.00510164 0.00472170 0.99997584
0.99997127 -0.00106792 -0.00750396 0.00106464 0.99999934 -0.00044156 0.00750443 0.00043356 0.99997175
0.99998015 0.00025056 -0.00629613 -0.00023492 0.99999689 0.00248449 0.00629673 -0.00248296 0.99997709
0.99997662 0.00165288 -0.00663518 -0.00161883 0.99998551 0.00513427 0.00664357 -0.00512341 0.99996481
0.99997937 0.00421862 -0.00484320 -0.00420299 0.99998594 0.00323325 0.00485678 -0.00321283 0.99998304
0.99997660 0.00320870 -0.00604115 -0.00319062 0.99999041 0.00300013 0.00605072 -0.00298079 0.99997725
0.99999066 0.00363316 -0.00234000 -0.00362836 0.99999131 0.00205094 0.00234744 -0.00204243 0.99999516
0.99999132 0.00388121 -0.00151737 -0.00387850 0.99999089 0.00178309 0.00152428 -0.00177719 0.99999726
0.99999673 0.00207114 -0.00150090 -0.00207132 0.99999785 -0.00012051 0.00150065 0.00012362 0.99999887
0.99999827 -0.00050386 -0.00179037 0.00050304 0.99999977 -0.00045949 0.00179060 0.00045859 0.99999829
0.99999938 0.00092595 -0.00062367 -0.00092651 0.99999916 -0.00090986 0.00062282 0.00091044 0.99999939
0.99999890 0.00147625 0.00015978 -0.00147632 0.99999883 0.00039433 -0.00015920 -0.00039457 0.99999991
0.99999043 0.00431537 -0.00072263 -0.00431669 0.99998898 -0.00184302 0.00071466 0.00184612 0.99999804
0.99998979 0.00450688 0.00033138 -0.00450542 0.99998073 -0.00427027 -0.00035062 0.00426873 0.99999083
0.99999695 0.00172853 0.00176209 -0.00172730 0.99999826 -0.00070150 -0.00176330 0.00069845 0.99999820
0.99999365 0.00167631 0.00314562 -0.00169112 0.99998747 0.00471198 -0.00313769 -0.00471727 0.99998395
0.99999722 0.00062959 0.00227176 -0.00063590 0.99999595 0.00277580 -0.00227000 -0.00277724 0.99999357
0.99999635 -0.00238872 0.00125961 0.00238926 0.99999706 -0.00042448 -0.00125859 0.00042749 0.99999912
0.99999415 -0.00080083 0.00332491 0.00080297 0.99999947 -0.00064283 -0.00332439 0.00064550 0.99999427
0.99997821 0.00458304 0.00475185 -0.00458739 0.99998907 0.00090490 -0.00474765 -0.00092668 0.99998830
0.99996188 0.00330695 0.00808101 -0.00331614 0.99999387 0.00112419 -0.00807725 -0.00115095 0.99996672
0.99997315 0.00402562 0.00612360 -0.00402360 0.99999185 -0.00034161 -0.00612492 0.00031697 0.99998119
0.99996750 0.00150908 0.00792026 -0.00150145 0.99999840 -0.00096924 -0.00792171 0.00095731 0.99996816
0.99998490 -0.00072686 0.00544686 0.00073062 0.99999950 -0.00068952 -0.00544636 0.00069349 0.99998493
0.99997971 -0.00085550 0.00631287 0.00086118 0.99999923 -0.00089644 -0.00631210 0.00090186 0.99997967
0.99998590 -0.00089620 0.00523324 0.00089179 0.99999925 0.00084414 -0.00523400 -0.00083946 0.99998595
0.99998623 -0.00121629 0.00510400 0.00120891 0.99999822 0.00144912 -0.00510575 -0.00144293 0.99998592
0.99997675 0.00077543 0.00677493 -0.00078375 0.99999894 0.00122596 -0.00677397 -0.00123124 0.99997630
0.99998287 -0.00139174 0.00568571 0.00139796 0.99999843 -0.00109049 -0.00568419 0.00109842 0.99998324
0.99998559 0.00004817 0.00536726 -0.00002381 0.99998970 -0.00453931 -0.00536743 0.00453911 0.99997529
0.99999027 -0.00055910 0.00437604 0.00058289 0.99998505 -0.00543615 -0.00437293 0.00543865 0.99997565
0.99999264 -0.00053131 0.00380008 0.00053394 0.99999962 -0.00069195 -0.00379971 0.00069398 0.99999254
0.99999650 0.00002516 0.00264465 -0.00003184 0.99999681 0.00252594 -0.00264458 -0.00252602 0.99999331
0.99999772 -0.00155715 0.00145980 0.00155828 0.99999849 -0.00077123 -0.00145860 0.00077350 0.99999864
0.99999860 0.00120946 0.00115784 -0.00120905 0.99999921 -0.00035748 -0.00115827 0.00035608 0.99999927
0.99999949 0.00075273 0.00067055 -0.00075382 0.99999838 0.00163217 -0.00066932 -0.00163268 0.99999844
0.99999998 -0.00009806 0.00019749 0.00009794 0.99999982 0.00059861 -0.00019754 -0.00059859 0.99999980
0.99999967 -0.00008544 0.00081076 0.00008712 0.99999783 -0.00208133 -0.00081058 0.00208140 0.99999751
0.99999342 -0.00362525 -0.00016206 0.00362533 0.99999329 0.00053049 0.00016014 -0.00053108 0.99999985
0.99999065 -0.00425668 -0.00076575 0.00425687 0.99999091 0.00024699 0.00076469 -0.00025024 0.99999968
0.99999780 -0.00196980 0.00072226 0.00196952 0.99999799 0.00038520 -0.00072302 -0.00038377 0.99999966
0.99999989 -0.00040551 -0.00021848 0.00040612 0.99999600 0.00279927 0.00021734 -0.00279936 0.99999606
0.99999912 0.00104491 -0.00081144 -0.00104138 0.99999003 0.00434143 0.00081597 -0.00434058 0.99999025
0.99999466 0.00252542 0.00207206 -0.00252573 0.99999680 0.00015099 -0.00207167 -0.00015622 0.99999784
0.99999964 -0.00011500 -0.00083892 0.00011401 0.99999930 -0.00118113 0.00083905 0.00118104 0.99999895
0.99999951 0.00074073 -0.00065805 -0.00074358 0.99999033 -0.00433374 0.00065483 0.00433423 0.99999039
0.99999756 -0.00214765 -0.00051166 0.00214740 0.99999757 -0.00049470 0.00051272 0.00049360 0.99999975
0.99999770 -0.00190760 0.00097729 0.00190645 0.99999749 0.00117838 -0.00097953 -0.00117651 0.99999883
0.99999971 -0.00068378 0.00034059 0.00068282 0.99999583 0.00280491 -0.00034250 -0.00280468 0.99999601
0.99999962 -0.00004209 0.00087153 0.00004037 0.99999807 0.00196527 -0.00087161 -0.00196523 0.99999769
0.99999950 0.00099756 0.00000722 -0.00099756 0.99999917 0.00081390 -0.00000641 -0.00081391 0.99999967
0.99999601 0.00006832 0.00282445 -0.00006289 0.99999815 -0.00192392 -0.00282457 0.00192373 0.99999416
0.99999920 -0.00123005 0.00030435 0.00123044 0.99999840 -0.00129730 -0.00030275 0.00129767 0.99999911
0.99999835 -0.00181827 0.00003287 0.00181825 0.99999812 0.00067765 -0.00003411 -0.00067759 0.99999977
0.99999354 -0.00357597 -0.00035363 0.00357682 0.99999064 0.00243234 0.00034493 -0.00243359 0.99999698
0.99999832 -0.00098276 0.00154570 0.00097914 0.99999678 0.00234321 -0.00154799 -0.00234170 0.99999606
0.99999978 0.00034989 0.00056100 -0.00035089 0.99999834 0.00178838 -0.00056037 -0.00178858 0.99999824
0.99999169 0.00328667 0.00241010 -0.00328905 0.99999410 0.00098734 -0.00240684 -0.00099526 0.99999661
0.99999890 0.00148205 0.00002762 -0.00148203 0.99999869 -0.00064953 -0.00002859 0.00064949 0.99999979
0.99999677 0.00253943 0.00005751 -0.00253920 0.99999010 -0.00365433 -0.00006679 0.00365417 0.99999332
0.99999917 0.00117030 0.00054486 -0.00116946 0.99999812 -0.00154956 -0.00054667 0.00154892 0.99999865
0.99999970 0.00009066 -0.00076701 -0.00009184 0.99999881 -0.00154225 0.00076687 0.00154232 0.99999852
0.99999942 -0.00106702 -0.00017456 0.00106707 0.99999938 0.00030613 0.00017423 -0.00030631 0.99999994
0.99999777 0.00165055 0.00131733 -0.00165290 0.99999704 0.00178535 -0.00131438 -0.00178752 0.99999754
0.99999933 -0.00053512 0.00102466 0.00053271 0.99999710 0.00234883 -0.00102591 -0.00234828 0.99999672
0.99999498 0.00296373 -0.00112298 -0.00296416 0.99999553 -0.00038371 0.00112184 0.00038703 0.99999930
0.99999518 0.00306389 -0.00050962 -0.00306338 0.99999481 0.00099903 0.00051267 -0.00099747 0.99999937
0.99998093 0.00610448 0.00093325 -0.00610485 0.99998129 0.00038793 -0.00093086 -0.00039362 0.99999949
0.99999908 0.00125943 -0.00050638 -0.00126136 0.99999184 -0.00383827 0.00050154 0.00383890 0.99999251
0.99999975 -0.00042580 -0.00056970 0.00042365 0.99999281 -0.00376934 0.00057130 0.00376910 0.99999273
0.99999489 -0.00310569 -0.00076290 0.00310498 0.99999475 -0.00092705 0.00076577 0.00092468 0.99999928
0.99998808 -0.00467938 -0.00139480 0.00467780 0.99998841 -0.00113680 0.00140011 0.00113026 0.99999838
0.99999693 -0.00127903 -0.00212386 0.00128566 0.99999429 0.00312425 0.00211985 -0.00312697 0.99999286
0.99999893 -0.00069977 -0.00128609 0.00070510 0.99999113 0.00415267 0.00128317 -0.00415357 0.99999055
0.99999783 -0.00203921 -0.00042441 0.00203944 0.99999777 0.00053914 0.00042331 -0.00054000 0.99999976
0.99999806 0.00067178 0.00185418 -0.00066290 0.99998833 -0.00478599 -0.00185737 0.00478476 0.99998683
0.99999967 0.00053264 -0.00062074 -0.00053473 0.99999417 -0.00337361 0.00061894 0.00337394 0.99999412
0.99999870 -0.00033801 -0.00157816 0.00033580 0.99999896 -0.00140158 0.00157863 0.00140104 0.99999777
0.99999541 0.00301351 0.00031164 -0.00301392 0.99999458 0.00132236 -0.00030766 -0.00132330 0.99999908
0.99999075 0.00427274 -0.00050226 -0.00427012 0.99997785 0.00510543 0.00052406 -0.00510324 0.99998684
0.99998673 0.00486986 -0.00167802 -0.00486333 0.99998067 0.00387360 0.00169685 -0.00386539 0.99999109
0.99996872 0.00778822 0.00138237 -0.00778859 0.99996963 0.00026355 -0.00138028 -0.00027431 0.99999901
0.99999435 0.00334317 -0.00034546 -0.00334386 0.99999235 -0.00202810 0.00033868 0.00202924 0.99999788
0.99999777 0.00206393 -0.00045686 -0.00206452 0.99999703 -0.00129527 0.00045418 0.00129621 0.99999906
0.99999966 -0.00082779 0.00003087 0.00082779 0.99999965 0.00015285 -0.00003100 -0.00015283 0.99999999
0.99999897 -0.00130301 -0.00059754 0.00130268 0.99999900 -0.00055106 0.00059826 0.00055028 0.99999967
0.99999796 -0.00113956 -0.00167031 0.00113989 0.99999933 0.00019239 0.00167009 -0.00019430 0.99999859
0.99999935 -0.00057681 -0.00098055 0.00058208 0.99998535 0.00538238 0.00097744 -0.00538295 0.99998503
0.99999961 -0.00061943 -0.00062789 0.00062204 0.99999117 0.00415687 0.00062531 -0.00415726 0.99999116
0.99999993 -0.00030383 -0.00020734 0.00030356 0.99999913 -0.00128482 0.00020773 0.00128475 0.99999915
0.99999938 -0.00009112 0.00110796 0.00009264 0.99999905 -0.00137211 -0.00110784 0.00137221 0.99999844
0.99999565 -0.00294651 0.00014614 0.00294666 0.99999511 -0.00104669 -0.00014306 0.00104712 0.99999944
0.99999690 0.00219035 0.00118674 -0.00219103 0.99999744 0.00056708 -0.00118549 -0.00056967 0.99999914
0.99999710 0.00049478 0.00235709 -0.00049907 0.99999822 0.00182214 -0.00235618 -0.00182331 0.99999556
0.99999861 0.00162947 0.00035477 -0.00163058 0.99999365 0.00316836 -0.00034961 -0.00316893 0.99999492
0.99999734 0.00089050 0.00212711 -0.00089263 0.99999910 0.00100336 -0.00212621 -0.00100526 0.99999723
0.99999559 0.00284969 0.00083490 -0.00284751 0.99999258 -0.00259484 -0.00084229 0.00259245 0.99999628
0.99999687 -0.00246209 -0.00043834 0.00246063 0.99999149 -0.00331072 0.00044649 0.00330963 0.99999442
0.99999589 -0.00286562 -0.00008483 0.00286547 0.99999434 -0.00176604 0.00008989 0.00176579 0.99999844
0.99999891 -0.00127175 0.00074503 0.00127176 0.99999919 -0.00001006 -0.00074502 0.00001101 0.99999972
0.99999501 -0.00305151 -0.00081802 0.00305191 0.99999522 0.00048883 0.00081652 -0.00049133 0.99999955
0.99999972 -0.00039119 -0.00063486 0.00039050 0.99999934 -0.00108450 0.00063528 0.00108425 0.99999921
0.99999814 -0.00063606 -0.00182035 0.00063490 0.99999960 -0.00063653 0.00182076 0.00063538 0.99999814
0.99999703 -0.00243014 -0.00015725 0.00243058 0.99999296 0.00285857 0.00015030 -0.00285894 0.99999590
0.99999650 -0.00256423 -0.00065691 0.00256523 0.99999554 0.00153188 0.00065298 -0.00153356 0.99999861
0.99999789 -0.00200717 -0.00044323 0.00200644 0.99999662 -0.00165287 0.00044655 0.00165198 0.99999854
0.99999899 0.00117498 -0.00079347 -0.00117483 0.99999929 0.00018643 0.00079369 -0.00018550 0.99999967
0.99999948 0.00097805 -0.00027115 -0.00097677 0.99998857 0.00468116 0.00027573 -0.00468089 0.99998901
0.99998265 0.00573697 0.00133502 -0.00574571 0.99996148 0.00663562 -0.00129690 -0.00664317 0.99997709
0.99998648 0.00417997 0.00309322 -0.00417887 0.99999120 -0.00036305 -0.00309471 0.00035012 0.99999515
0.99999180 0.00384967 0.00125481 -0.00384538 0.99998680 -0.00340864 -0.00126792 0.00340379 0.99999340
0.99998602 0.00256269 0.00462612 -0.00254644 0.99999058 -0.00351516 -0.00463508 0.00350333 0.99998312
0.99999605 0.00261436 0.00103017 -0.00261259 0.99999512 -0.00171503 -0.00103465 0.00171233 0.99999800
0.99998407 -0.00553903 0.00108738 0.00554233 0.99997998 -0.00305179 -0.00107045 0.00305777 0.99999475
0.99999188 -0.00402827 0.00012343 0.00402877 0.99998239 -0.00435757 -0.00010588 0.00435803 0.99999050
0.99998570 -0.00534776 0.00005782 0.00534794 0.99997814 -0.00388933 -0.00003702 0.00388958 0.99999243
0.99999990 0.00015727 -0.00040815 -0.00015627 0.99999698 0.00245101 0.00040853 -0.00245094 0.99999691
0.99999967 0.00047519 0.00066011 -0.00047934 0.99998003 0.00630159 -0.00065710 -0.00630191 0.99997993
0.99999656 0.00196605 0.00173862 -0.00197179 0.99999258 0.00330846 -0.00173210 -0.00331188 0.99999302
0.99999709 0.00088960 0.00224247 -0.00088213 0.99999406 -0.00333259 -0.00224542 0.00333061 0.99999193
0.99999887 0.00131723 0.00071833 -0.00131745 0.99999909 0.00030556 -0.00071792 -0.00030650 0.99999970
0.99999789 -0.00185498 0.00088601 0.00185412 0.99999782 0.00096472 -0.00088780 -0.00096308 0.99999914
0.99999955 0.00076777 0.00055026 -0.00076662 0.99999752 -0.00209064 -0.00055187 0.00209022 0.99999766
0.99999937 -0.00065685 0.00091038 0.00065824 0.99999861 -0.00152969 -0.00090938 0.00153029 0.99999842
0.99999293 0.00165218 0.00337846 -0.00165790 0.99999720 0.00169034 -0.00337566 -0.00169593 0.99999286
0.99999333 0.00100284 0.00351215 -0.00101053 0.99999709 0.00218981 -0.00350995 -0.00219335 0.99999143
0.99999935 -0.00113182 -0.00011130 0.00113200 0.99999794 0.00168424 0.00010940 -0.00168436 0.99999858
0.99999951 0.00083053 0.00054717 -0.00083144 0.99999828 0.00165896 -0.00054579 -0.00165942 0.99999847
0.99999878 -0.00135660 -0.00078027 0.00135751 0.99999841 0.00115911 0.00077870 -0.00116016 0.99999902
0.99999965 0.00006296 -0.00083916 -0.00006346 0.99999983 -0.00058726 0.00083912 0.00058731 0.99999948
0.99999409 0.00107882 0.00326302 -0.00107711 0.99999928 -0.00052752 -0.00326358 0.00052400 0.99999454
0.99999712 0.00140507 0.00194338 -0.00140665 0.99999868 0.00081459 -0.00194223 -0.00081732 0.99999778
0.99999767 -0.00206407 -0.00063707 0.00206286 0.99999608 -0.00189458 0.00064098 0.00189326 0.99999800
0.99999661 -0.00206081 -0.00158909 0.00205719 0.99999528 -0.00228015 0.00159378 0.00227687 0.99999614
0.99999071 -0.00033304 -0.00429686 0.00031857 0.99999428 -0.00336758 0.00429796 0.00336618 0.99998510
0.99999002 0.00182214 -0.00407826 -0.00183114 0.99999590 -0.00220318 0.00407422 0.00221062 0.99998926
0.99998941 0.00027981 -0.00459294 -0.00028496 0.99999933 -0.00112179 0.00459262 0.00112309 0.99998882
0.99999172 0.00183503 -0.00363100 -0.00183129 0.99999779 0.00103348 0.00363288 -0.00102682 0.99999287
0.99999819 -0.00130350 -0.00138742 0.00130649 0.99999682 0.00215688 0.00138460 -0.00215869 0.99999671
0.99999377 -0.00295062 -0.00193641 0.00295239 0.99999523 0.00090997 0.00193371 -0.00091568 0.99999771
0.99999802 -0.00188821 -0.00062362 0.00188850 0.99999811 0.00046976 0.00062273 -0.00047094 0.99999970
0.99999985 0.00042582 0.00033143 -0.00042587 0.99999990 0.00016038 -0.00033136 -0.00016052 0.99999993
0.99999995 0.00020750 0.00022723 -0.00020720 0.99999912 -0.00131018 -0.00022751 0.00131013 0.99999912
0.99999384 0.00350362 0.00020864 -0.00350342 0.99999342 -0.00094348 -0.00021194 0.00094274 0.99999953
0.99999898 0.00120730 0.00076356 -0.00120596 0.99999773 -0.00175459 -0.00076567 0.00175366 0.99999817
0.99999994 0.00034910 0.00004153 -0.00034899 0.99999649 -0.00262616 -0.00004245 0.00262615 0.99999655
0.99999980 -0.00030978 0.00054400 0.00031129 0.99999608 -0.00278440 -0.00054313 0.00278457 0.99999598
0.99999959 0.00024990 0.00087430 -0.00024938 0.99999979 -0.00059536 -0.00087445 0.00059514 0.99999944
0.99999721 -0.00228626 0.00059205 0.00228453 0.99999317 0.00290588 -0.00059869 -0.00290451 0.99999560
0.99999806 -0.00121433 0.00155089 0.00121238 0.99999847 0.00125890 -0.00155242 -0.00125702 0.99999800
0.99999104 -0.00417983 0.00067675 0.00418277 0.99998159 -0.00439666 -0.00065836 0.00439945 0.99999011
0.99999828 -0.00118489 -0.00142808 0.00118072 0.99999505 -0.00291674 0.00143153 0.00291505 0.99999473
0.99998954 0.00450247 -0.00079995 -0.00450250 0.99998986 -0.00004050 0.00079976 0.00004410 0.99999968
0.99999539 0.00096108 0.00288028 -0.00097356 0.99999012 0.00433719 -0.00287609 -0.00433997 0.99998645
0.99999581 -0.00264486 0.00117326 0.00264597 0.99999605 -0.00094433 -0.00117076 0.00094743 0.99999887
0.99999553 -0.00104426 0.00280286 0.00104138 0.99999893 0.00102826 -0.00280393 -0.00102534 0.99999554
0.99999584 0.00073579 0.00278760 -0.00074918 0.99998818 0.00480408 -0.00278403 -0.00480615 0.99998457
0.99999343 -0.00347531 0.00103058 0.00347073 0.99998425 0.00441039 -0.00104589 -0.00440678 0.99998974
0.99999914 -0.00113950 -0.00065156 0.00113998 0.99999908 0.00073360 0.00065072 -0.00073434 0.99999952
0.99999694 0.00235252 0.00076367 -0.00235201 0.99999701 -0.00066822 -0.00076524 0.00066642 0.99999949
0.99999460 0.00198517 0.00261731 -0.00198811 0.99999740 0.00112068 -0.00261508 -0.00112587 0.99999595
0.99999481 -0.00002653 0.00322307 0.00002557 0.99999996 0.00029490 -0.00322308 -0.00029482 0.99999476
0.99998801 0.00369357 0.00321391 -0.00368634 0.99999067 -0.00225143 -0.00322220 0.00223955 0.99999230
0.99999532 0.00055770 0.00300727 -0.00054800 0.99999466 -0.00322310 -0.00300906 0.00322144 0.99999028
0.99999396 -0.00319346 0.00136968 0.00319494 0.99999431 -0.00108578 -0.00136620 0.00109015 0.99999847
0.99999858 -0.00020420 0.00167361 0.00020075 0.99999785 0.00206443 -0.00167403 -0.00206409 0.99999647
0.99999718 0.00175065 0.00160410 -0.00175585 0.99999319 0.00324638 -0.00159840 -0.00324919 0.99999344
0.99999888 -0.00017398 0.00148832 0.00017442 0.99999994 -0.00029305 -0.00148827 0.00029331 0.99999885
0.99999840 -0.00147322 0.00101105 0.00147604 0.99999498 -0.00280231 -0.00100691 0.00280380 0.99999556
0.99999839 -0.00179204 0.00001062 0.00179206 0.99999420 -0.00289593 -0.00000543 0.00289595 0.99999581
0.99999962 0.00067647 -0.00055113 -0.00067725 0.99999877 -0.00141667 0.00055017 0.00141704 0.99999884
0.99999880 0.00143326 0.00059590 -0.00143254 0.99999826 -0.00119632 -0.00059762 0.00119546 0.99999911
0.99999955 0.00032202 0.00089652 -0.00032209 0.99999995 0.00007392 -0.00089649 -0.00007421 0.99999960
0.99999674 0.00203182 0.00154653 -0.00203242 0.99999786 0.00038600 -0.00154575 -0.00038914 0.99999873
0.99999979 -0.00056220 -0.00032831 0.00056340 0.99999317 0.00365380 0.00032626 -0.00365399 0.99999327
0.99999372 -0.00096660 -0.00341041 0.00097274 0.99999790 0.00180147 0.00340866 -0.00180477 0.99999256
0.99999786 0.00173021 -0.00113603 -0.00172880 0.99999775 0.00123265 0.00113816 -0.00123068 0.99999860
0.99999683 0.00232798 -0.00096399 -0.00232625 0.99999570 0.00178532 0.00096814 -0.00178307 0.99999794
0.99999701 0.00210779 -0.00123738 -0.00210929 0.99999705 -0.00120839 0.00123483 0.00121100 0.99999850
0.99999591 -0.00284249 -0.00033089 0.00284109 0.99998724 -0.00417716 0.00034276 0.00417621 0.99999122
0.99999251 -0.00288887 -0.00257681 0.00287167 0.99997373 -0.00665537 0.00259597 0.00664792 0.99997453
0.99997777 -0.00571480 -0.00343612 0.00570261 0.99997745 -0.00354728 0.00345631 0.00352761 0.99998780
0.99996852 -0.00690924 -0.00390021 0.00691404 0.99997536 0.00121701 0.00389170 -0.00124394 0.99999165
0.99998836 -0.00479735 -0.00051757 0.00479969 0.99997783 0.00461476 0.00049542 -0.00461719 0.99998922
0.99999679 -0.00153144 -0.00201686 0.00153650 0.99999567 0.00251074 0.00201301 -0.00251383 0.99999481
0.99999527 -0.00212383 -0.00222617 0.00212209 0.99999744 -0.00078398 0.00222783 0.00077926 0.99999721
0.99999551 -0.00000611 -0.00299594 0.00000834 0.99999972 0.00074269 0.00299593 -0.00074271 0.99999524
0.99999707 -0.00077819 -0.00229186 0.00078174 0.99999849 0.00154889 0.00229066 -0.00155068 0.99999617
0.99999540 -0.00104311 -0.00284662 0.00104222 0.99999941 -0.00031269 0.00284694 0.00030972 0.99999590
0.99999600 -0.00083907 -0.00269932 0.00083565 0.99999885 -0.00126872 0.00270038 0.00126646 0.99999555
0.99999362 -0.00136041 -0.00330319 0.00135967 0.99999905 -0.00022673 0.00330349 0.00022224 0.99999452
0.99999575 -0.00015491 -0.00290981 0.00015948 0.99999876 0.00156884 0.00290957 -0.00156930 0.99999454
0.99998776 -0.00228313 -0.00438907 0.00227915 0.99999699 -0.00091105 0.00439114 0.00090103 0.99998995
0.99999675 0.00147396 -0.00207874 -0.00147279 0.99999876 0.00056314 0.00207956 -0.00056008 0.99999768
0.99999646 0.00148500 -0.00220573 -0.00148084 0.99999712 0.00188661 0.00220852 -0.00188334 0.99999579
0.99999908 0.00099735 -0.00091785 -0.00099637 0.99999893 0.00107387 0.00091892 -0.00107295 0.99999900
0.99999658 0.00257432 -0.00046892 -0.00257414 0.99999661 0.00039097 0.00046993 -0.00038976 0.99999981
0.99999984 -0.00053118 -0.00020928 0.00053123 0.99999983 0.00021971 0.00020916 -0.00021982 0.99999995
0.99999867 -0.00082592 0.00140908 0.00082591 0.99999966 0.00000571 -0.00140909 -0.00000455 0.99999901
0.99999745 -0.00213373 -0.00074519 0.00213284 0.99999703 -0.00118111 0.00074771 0.00117952 0.99999902
0.99999836 0.00106586 0.00146661 -0.00106534 0.99999937 -0.00035114 -0.00146698 0.00034958 0.99999886
1.00000000 -0.00000616 -0.00003241 0.00000617 0.99999995 0.00031390 0.00003241 -0.00031390 0.99999995
0.99999982 -0.00044803 -0.00039074 0.00044786 0.99999981 -0.00043242 0.00039094 0.00043224 0.99999983
0.99999596 -0.00110186 0.00261855 0.00110220 0.99999938 -0.00012882 -0.00261841 0.00013170 0.99999656
0.99999150 -0.00390498 -0.00132601 0.00390624 0.99999191 0.00095467 0.00132227 -0.00095984 0.99999867
0.99999000 -0.00446019 0.00031893 0.00445933 0.99998657 0.00264023 -0.00033070 -0.00263878 0.99999646
0.99999550 -0.00289403 -0.00078490 0.00289681 0.99998945 0.00356416 0.00077458 -0.00356642 0.99999334
0.99999221 -0.00351673 -0.00179405 0.00352084 0.99999117 0.00229547 0.00178597 -0.00230177 0.99999576
0.99999967 0.00030732 -0.00074711 -0.00030864 0.99999840 -0.00176190 0.00074657 0.00176213 0.99999817
0.99999829 0.00174642 -0.00060800 -0.00174732 0.99999737 -0.00148317 0.00060540 0.00148423 0.99999872
0.99998220 0.00596517 0.00011214 -0.00596552 0.99997611 0.00349030 -0.00009131 -0.00349090 0.99999390
0.99998243 0.00580612 0.00119412 -0.00581346 0.99996362 0.00624165 -0.00115783 -0.00624848 0.99997981
0.99999283 0.00371377 0.00074269 -0.00371402 0.99999305 0.00033166 -0.00074145 -0.00033441 0.99999967
0.99999993 0.00004560 -0.00038325 -0.00004816 0.99997775 -0.00667050 0.00038294 0.00667052 0.99997768
0.99999234 -0.00388318 -0.00048832 0.00388057 0.99997870 -0.00524873 0.00050869 0.00524680 0.99998611
0.99997565 -0.00684986 -0.00133138 0.00684845 0.99997598 -0.00106693 0.00133866 0.00105779 0.99999854
0.99999645 -0.00256364 0.00072618 0.00256263 0.99999577 0.00137701 -0.00072971 -0.00137515 0.99999879
0.99999665 0.00119532 0.00229534 -0.00120001 0.99999719 0.00204369 -0.00229289 -0.00204644 0.99999528
0.99999847 0.00091433 0.00149109 -0.00091736 0.99999752 0.00202834 -0.00148923 -0.00202970 0.99999683
0.99999572 0.00196313 0.00217006 -0.00196586 0.99999728 0.00125674 -0.00216759 -0.00126100 0.99999686
0.99999742 0.00139157 0.00179554 -0.00139353 0.99999843 0.00109217 -0.00179402 -0.00109467 0.99999779
0.99999999 0.00014839 -0.00001561 -0.00014840 0.99999945 -0.00103947 0.00001546 0.00103948 0.99999946
0.99999775 0.00160009 0.00138955 -0.00159891 0.99999836 -0.00084683 -0.00139090 0.00084461 0.99999868
0.99999999 -0.00010058 -0.00009968 0.00010046 0.99999918 -0.00127448 0.00009981 0.00127447 0.99999918
0.99999977 0.00051842 -0.00042575 -0.00051855 0.99999982 -0.00031203 0.00042558 0.00031225 0.99999986
0.99999954 0.00083439 0.00046519 -0.00083425 0.99999961 -0.00030194 -0.00046544 0.00030155 0.99999985
0.99999999 0.00003504 0.00009788 -0.00003500 0.99999990 -0.00043641 -0.00009789 0.00043640 0.99999990
0.99999818 -0.00031777 0.00188005 0.00031842 0.99999989 -0.00034277 -0.00187994 0.00034336 0.99999817
0.99999991 -0.00041950 0.00005369 0.00041957 0.99999883 -0.00146767 -0.00005308 0.00146769 0.99999892
0.99999691 -0.00185472 0.00165458 0.00185937 0.99999430 -0.00281687 -0.00164935 0.00281994 0.99999466
0.99999700 0.00207333 -0.00130104 -0.00207712 0.99999359 -0.00291802 0.00129498 0.00292071 0.99999490
0.99999841 0.00072468 -0.00162695 -0.00072623 0.99999929 -0.00094956 0.00162626 0.00095074 0.99999823
0.99999615 0.00277345 -0.00007910 -0.00277344 0.99999614 0.00014111 0.00007949 -0.00014089 0.99999999
0.99999708 0.00229992 0.00073829 -0.00230033 0.99999721 0.00054311 -0.00073704 -0.00054481 0.99999958
0.99999279 0.00379504 0.00015828 -0.00379520 0.99999228 0.00101951 -0.00015441 -0.00102010 0.99999947
0.99999170 0.00383733 0.00137147 -0.00383674 0.99999255 -0.00043436 -0.00137312 0.00042909 0.99999897
0.99999986 -0.00007550 0.00052160 0.00007617 0.99999917 -0.00128590 -0.00052150 0.00128594 0.99999904
0.99999825 -0.00183876 -0.00035627 0.00183800 0.99999606 -0.00212129 0.00036017 0.00212063 0.99999769
0.99999597 -0.00276990 0.00061605 0.00276949 0.99999595 0.00066298 -0.00061788 -0.00066127 0.99999959
0.99999521 -0.00277440 -0.00137423 0.00277647 0.99999501 0.00150589 0.00137004 -0.00150970 0.99999792
0.99999938 0.00092270 0.00061711 -0.00092297 0.99999948 0.00043195 -0.00061671 -0.00043252 0.99999972
0.99999471 0.00209884 -0.00248477 -0.00210088 0.99999746 -0.00081843 0.00248304 0.00082365 0.99999658
0.99999981 0.00055960 -0.00023865 -0.00055997 0.99999864 -0.00155353 0.00023778 0.00155367 0.99999876
0.99999596 0.00065290 0.00276730 -0.00064818 0.99999833 -0.00170775 -0.00276841 0.00170595 0.99999471
0.99999804 -0.00196939 -0.00021464 0.00196942 0.99999805 0.00013348 0.00021437 -0.00013390 0.99999997
0.99999138 -0.00290569 0.00296700 0.00290725 0.99999564 -0.00051909 -0.00296548 0.00052771 0.99999546
0.99999198 -0.00390173 -0.00090806 0.00390161 0.99999238 -0.00014009 0.00090860 0.00013654 0.99999958
0.99999357 -0.00200021 -0.00297786 0.00200183 0.99999785 0.00054057 0.00297677 -0.00054653 0.99999542
0.99999796 -0.00163867 -0.00118002 0.00163892 0.99999863 0.00021270 0.00117967 -0.00021463 0.99999928
0.99999913 -0.00015403 0.00131315 0.00015422 0.99999998 -0.00015075 -0.00131312 0.00015095 0.99999913
0.99999608 0.00128744 0.00248681 -0.00129204 0.99999745 0.00185142 -0.00248442 -0.00185463 0.99999519
0.99998796 0.00203018 0.00446800 -0.00204183 0.99999452 0.00260448 -0.00446269 -0.00261357 0.99998663
0.99998920 0.00184434 0.00426667 -0.00184989 0.99999745 0.00129670 -0.00426427 -0.00130458 0.99999006
0.99999034 0.00245354 0.00364583 -0.00246052 0.99999515 0.00191065 -0.00364112 -0.00191961 0.99999153
0.99999137 0.00257505 0.00326140 -0.00258428 0.99999265 0.00283095 -0.00325408 -0.00283936 0.99999067
0.99999779 0.00208774 -0.00023642 -0.00208676 0.99998949 0.00408273 0.00024494 -0.00408223 0.99999164
0.99999595 0.00284447 0.00011116 -0.00284467 0.99999434 0.00179430 -0.00010605 -0.00179461 0.99999838
0.99999394 0.00310589 -0.00157158 -0.00310305 0.99999355 0.00180583 0.00157718 -0.00180095 0.99999713
0.99998655 0.00517995 0.00026615 -0.00518049 0.99998442 0.00207951 -0.00025537 -0.00208086 0.99999780
0.99998642 0.00503345 0.00135185 -0.00503023 0.99998454 -0.00237185 -0.00136377 0.00236502 0.99999627
0.99999926 0.00090168 -0.00081226 -0.00090623 0.99998385 -0.00561075 0.00080719 0.00561148 0.99998393
0.99999958 0.00065420 -0.00063439 -0.00065863 0.99997521 -0.00700994 0.00062979 0.00701036 0.99997523
0.99999742 0.00227010 -0.00011466 -0.00227012 0.99999741 -0.00016054 0.00011429 0.00016080 0.99999998
0.99999611 -0.00260268 0.00100723 0.00259920 0.99999070 0.00344284 -0.00101619 -0.00344021 0.99999357
0.99999804 0.00055802 0.00189969 -0.00055779 0.99999984 -0.00012170 -0.00189976 0.00012064 0.99999819
0.99999919 -0.00080152 0.00099102 0.00079852 0.99999513 0.00301782 -0.00099343 -0.00301703 0.99999496
0.99999990 -0.00003266 -0.00044487 0.00003467 0.99998980 0.00451730 0.00044471 -0.00451732 0.99998970
0.99999904 -0.00134913 -0.00032786 0.00134961 0.99999800 0.00147772 0.00032587 -0.00147816 0.99999885
0.99999960 0.00089209 0.00009864 -0.00089215 0.99999942 0.00060757 -0.00009809 -0.00060766 0.99999981
0.99999940 -0.00001562 -0.00109087 0.00001293 0.99999695 -0.00247101 0.00109090 0.00247099 0.99999635
0.99999426 0.00280953 0.00189535 -0.00280559 0.99999391 -0.00207625 -0.00190118 0.00207092 0.99999605
0.99999946 0.00037856 0.00096816 -0.00037798 0.99999975 -0.00059579 -0.00096839 0.00059542 0.99999935
1.00000000 -0.00002779 -0.00009213 0.00002804 0.99999638 0.00269080 0.00009205 -0.00269080 0.99999638
0.99999606 -0.00124737 -0.00251479 0.00125131 0.99999799 0.00156370 0.00251283 -0.00156684 0.99999562
0.99999780 -0.00200874 -0.00059854 0.00201028 0.99999462 0.00259103 0.00059334 -0.00259223 0.99999646
0.99999926 -0.00087328 0.00085167 0.00087113 0.99999644 0.00252176 -0.00085387 -0.00252102 0.99999646
0.99999927 -0.00118551 0.00021513 0.00118519 0.99999820 0.00148211 -0.00021689 -0.00148185 0.99999888
0.99999823 -0.00149179 -0.00114647 0.00148584 0.99998549 -0.00517798 0.00115418 0.00517627 0.99998594
0.99999907 0.00134177 -0.00024476 -0.00134453 0.99993118 -0.01165433 0.00022910 0.01165465 0.99993206
0.99999751 0.00104445 -0.00197437 -0.00106698 0.99993395 -0.01144343 0.00196229 0.01144551 0.99993257
0.99999970 0.00000496 -0.00077982 -0.00000849 0.99998977 -0.00452333 0.00077979 0.00452334 0.99998947
0.99999903 0.00009677 -0.00138684 -0.00009234 0.99999489 0.00319646 0.00138714 -0.00319633 0.99999393
0.99999996 0.00029572 0.00000233 -0.00029573 0.99997400 0.00720564 -0.00000020 -0.00720564 0.99997404
0.99999904 0.00130475 0.00047574 -0.00130751 0.99998202 0.00585167 -0.00046810 -0.00585228 0.99998277
0.99999757 -0.00065213 -0.00210790 0.00065681 0.99999732 0.00221880 0.00210645 -0.00222018 0.99999532
0.99998818 0.00483291 0.00053021 -0.00483440 0.99998428 0.00284049 -0.00051647 -0.00284302 0.99999583
0.99999641 0.00267375 -0.00017781 -0.00267355 0.99999576 0.00115763 0.00018091 -0.00115715 0.99999931
0.99999277 0.00337445 0.00175410 -0.00337284 0.99999389 -0.00091559 -0.00175717 0.00090967 0.99999804
0.99999608 0.00172743 0.00220243 -0.00172061 0.99999374 -0.00309234 -0.00220776 0.00308854 0.99999279
0.99998793 0.00025575 0.00490660 -0.00024564 0.99999785 -0.00205946 -0.00490711 0.00205823 0.99998584
0.99998280 -0.00018301 0.00586287 0.00019953 0.99999601 -0.00281677 -0.00586234 0.00281789 0.99997885
