1.00000000 0.00000000 0.00000000 0.00000000 1.00000000 0.00000000 0.00000000 0.00000000 1.00000000
0.99999340 0.00340110 0.00127754 -0.00340064 0.99999415 -0.00036088 -0.00127876 0.00035653 0.99999912
0.99999411 0.00306596 0.00153973 -0.00306596 0.99999530 -0.00000288 -0.00153973 -0.00000185 0.99999881
0.99999618 0.00268391 0.00065840 -0.00268327 0.99999593 -0.00096898 -0.00066100 0.00096721 0.99999931
0.99999955 0.00062953 0.00071390 -0.00062906 0.99999959 -0.00065888 -0.00071432 0.00065843 0.99999953
0.99999934 0.00093696 0.00066633 -0.00093732 0.99999941 0.00054374 -0.00066582 -0.00054437 0.99999963
0.99999807 0.00167659 0.00102351 -0.00167943 0.99999473 0.00277804 -0.00101885 -0.00277976 0.99999562
0.99999880 0.00028550 0.00151938 -0.00029112 0.99999310 0.00370382 -0.00151831 -0.00370426 0.99999199
0.99999915 0.00037674 0.00124954 -0.00038106 0.99999393 0.00346363 -0.00124823 -0.00346410 0.99999322
0.99999977 0.00033888 0.00059475 -0.00033977 0.99999882 0.00149822 -0.00059424 -0.00149842 0.99999870
0.99999823 0.00142864 0.00122120 -0.00142820 0.99999891 -0.00036257 -0.00122172 0.00036083 0.99999919
0.99999859 0.00111655 0.00125053 -0.00111336 0.99999612 -0.00255360 -0.00125338 0.00255220 0.99999596
0.99999937 0.00038476 0.00105180 -0.00038166 0.99999560 -0.00294271 -0.00105293 0.00294230 0.99999512
0.99999800 -0.00092210 0.00177327 0.00092470 0.99999850 -0.00146689 -0.00177191 0.00146853 0.99999735
0.99999328 -0.00312810 0.00191094 0.00313254 0.99999239 -0.00232540 -0.00190365 0.00233137 0.99999547
0.99999695 -0.00163786 0.00184906 0.00164049 0.99999764 -0.00142389 -0.00184672 0.00142692 0.99999728
0.99998479 0.00499725 0.00233499 -0.00499195 0.99998496 -0.00227079 -0.00234630 0.00225910 0.99999470
0.99998340 0.00478555 0.00320883 -0.00478329 0.99998831 -0.00071243 -0.00321220 0.00069707 0.99999460
0.99999359 0.00050406 0.00354362 -0.00050816 0.99999920 0.00115540 -0.00354304 -0.00115720 0.99999305
0.99998743 -0.00391721 0.00312869 0.00391626 0.99999228 0.00030847 -0.00312988 -0.00029622 0.99999506
0.99998549 -0.00472963 0.00257793 0.00473047 0.99998876 -0.00032009 -0.00257639 0.00033228 0.99999663
0.99998953 -0.00379273 0.00256108 0.00378945 0.99999199 0.00128635 -0.00256594 -0.00127663 0.99999589
0.99999583 -0.00039480 0.00286189 0.00039173 0.99999935 0.00107485 -0.00286232 -0.00107372 0.99999533
0.99999696 0.00122007 0.00214252 -0.00121766 0.99999862 -0.00112809 -0.00214389 0.00112548 0.99999707
0.99999654 0.00085307 0.00248975 -0.00084954 0.99999864 -0.00141676 -0.00249095 0.00141464 0.99999590
0.99999564 0.00136963 0.00261674 -0.00136801 0.99999887 -0.00062154 -0.00261759 0.00061796 0.99999638
0.99999472 0.00276611 0.00170366 -0.00276517 0.99999602 -0.00055871 -0.00170520 0.00055399 0.99999839
0.99999816 0.00100625 0.00163323 -0.00100420 0.99999871 -0.00125269 -0.00163449 0.00125105 0.99999788
0.99999738 -0.00133299 0.00186235 0.00133624 0.99999759 -0.00174045 -0.00186002 0.00174294 0.99999675
0.99999874 -0.00016981 0.00157814 0.00017226 0.99999878 -0.00155213 -0.00157788 0.00155240 0.99999755
0.99999909 -0.00054653 0.00123672 0.00054793 0.99999921 -0.00113003 -0.00123610 0.00113071 0.99999860
0.99999839 0.00018335 0.00178768 -0.00018110 0.99999919 -0.00125762 -0.00178791 0.00125730 0.99999761
0.99999881 0.00076912 0.00134064 -0.00076602 0.99999704 -0.00230775 -0.00134241 0.00230672 0.99999644
0.99999963 0.00005261 0.00085817 -0.00005053 0.99999705 -0.00242850 -0.00085830 0.00242846 0.99999668
0.99999932 -0.00090623 0.00073219 0.00090797 0.99999677 -0.00237232 -0.00073003 0.00237298 0.99999692
0.99999970 -0.00056401 -0.00053559 0.00056283 0.99999742 -0.00220122 0.00053683 0.00220092 0.99999743
0.99999798 -0.00025786 -0.00199485 0.00025499 0.99999893 -0.00144075 0.00199522 0.00144024 0.99999697
0.99999558 0.00023100 -0.00296423 -0.00023462 0.99999922 -0.00122358 0.00296394 0.00122427 0.99999486
0.99999141 0.00097172 -0.00402997 -0.00097789 0.99999835 -0.00153010 0.00402847 0.00153402 0.99999071
0.99998443 0.00079148 -0.00552453 -0.00079866 0.99999884 -0.00129837 0.00552349 0.00130276 0.99998390
0.99997938 -0.00043055 -0.00640807 0.00042597 0.99999965 -0.00071654 0.00640838 0.00071379 0.99997921
0.99997424 0.00072577 -0.00714028 -0.00073258 0.99999928 -0.00095135 0.00713959 0.00095656 0.99997406
0.99996711 -0.00009781 -0.00810961 0.00008668 0.99999905 -0.00137259 0.00810974 0.00137185 0.99996617
0.99994922 -0.00076586 -0.01004860 0.00074982 0.99999844 -0.00160021 0.01004981 0.00159259 0.99994823
0.99991584 -0.00135886 -0.01290243 0.00133454 0.99999732 -0.00189387 0.01290497 0.00187649 0.99991497
0.99987313 0.00015054 -0.01592781 -0.00018370 0.99999782 -0.00208064 0.01592746 0.00208330 0.99987098
0.99981149 0.00074737 -0.01940171 -0.00077332 0.99999882 -0.00132992 0.01940069 0.00134468 0.99981088
0.99975931 0.00195089 -0.02185234 -0.00194703 0.99999808 0.00019809 0.02185268 -0.00015550 0.99976119
0.99972347 0.00106625 -0.02349132 -0.00103076 0.99999831 0.00152272 0.02349290 -0.00149809 0.99972288
0.99964286 0.00017171 -0.02672311 -0.00013492 0.99999904 0.00137858 0.02672332 -0.00137449 0.99964192
0.99953521 0.00080381 -0.03047486 -0.00074639 0.99999793 0.00189544 0.03047632 -0.00187181 0.99953374
0.99944441 0.00134476 -0.03330257 -0.00123224 0.99999346 0.00339910 0.03330692 -0.00335618 0.99943954
0.99929663 0.00082747 -0.03749073 -0.00068905 0.99999290 0.00370472 0.03749352 -0.00367628 0.99929011
0.99915851 0.00151584 -0.04098743 -0.00129944 0.99998508 0.00530581 0.04099486 -0.00524809 0.99914557
0.99906780 0.00298687 -0.04306519 -0.00280461 0.99998686 0.00429214 0.04307745 -0.00416736 0.99906304
0.99900892 0.00433221 -0.04429916 -0.00414700 0.99998228 0.00427201 0.04431689 -0.00408407 0.99900918
0.99893817 0.00224934 -0.04601597 -0.00200171 0.99998327 0.00542664 0.04602741 -0.00532877 0.99892596
0.99887896 0.00190004 -0.04729923 -0.00155494 0.99997191 0.00733194 0.04731183 -0.00725017 0.99885386
0.99876561 0.00232152 -0.04961715 -0.00204934 0.99998258 0.00553572 0.04962914 -0.00542721 0.99875297
0.99869551 0.00396225 -0.05090746 -0.00379849 0.99998730 0.00331331 0.05091995 -0.00311561 0.99869788
0.99859181 0.00114127 -0.05303855 -0.00098750 0.99999523 0.00292541 0.05304163 -0.00286892 0.99858818
0.99855665 0.00459392 -0.05351189 -0.00457458 0.99998942 0.00048388 0.05351354 -0.00023839 0.99856710
0.99851897 0.00174403 -0.05437661 -0.00169636 0.99999814 0.00092280 0.05437812 -0.00082919 0.99852007
0.99842269 0.00308589 -0.05605899 -0.00298372 0.99999373 0.00190618 0.05606452 -0.00173591 0.99842564
0.99841144 0.00062170 -0.05634017 -0.00054540 0.99999891 0.00136960 0.05634096 -0.00133669 0.99841069
0.99838830 -0.00045230 -0.05675028 0.00047689 0.99999980 0.00041971 0.05675008 -0.00044609 0.99838832
0.99834695 -0.00417864 -0.05732286 0.00430569 0.99998854 0.00209311 0.05731345 -0.00233646 0.99835350
0.99844490 -0.00190443 -0.05571491 0.00199700 0.99999672 0.00160583 0.05571167 -0.00171460 0.99844543
0.99847743 0.00048099 -0.05515974 -0.00040441 0.99999894 0.00139953 0.05516035 -0.00137509 0.99847656
0.99838409 0.00213344 -0.05678602 -0.00223775 0.99999592 -0.00177332 0.05678200 0.00189753 0.99838480
0.99841336 -0.00237337 -0.05625943 0.00236041 0.99999717 -0.00029684 0.05625997 0.00016357 0.99841614
0.99836703 -0.00125974 -0.05711117 0.00120110 0.99999872 -0.00106111 0.05711244 0.00099078 0.99836726
0.99838491 0.00061209 -0.05680849 -0.00072016 0.99999797 -0.00188190 0.05680722 0.00191977 0.99838332
0.99849256 0.00259524 -0.05482576 -0.00232720 0.99998503 0.00495218 0.05483780 -0.00481713 0.99848366
0.99863521 -0.00014321 -0.05222730 0.00039549 0.99998830 0.00482013 0.05222600 -0.00483420 0.99862359
0.99877660 -0.00339079 -0.04933353 0.00346199 0.99999309 0.00135794 0.04932858 -0.00152707 0.99878144
0.99899823 -0.00029326 -0.04474879 0.00033801 0.99999945 0.00099241 0.04474847 -0.00100654 0.99899778
0.99917275 0.00147300 -0.04064045 -0.00157540 0.99999566 -0.00248776 0.04063661 0.00254973 0.99917074
0.99936399 0.00358990 -0.03547844 -0.00377141 0.99998013 -0.00505045 0.03545961 0.00518104 0.99935768
0.99957897 0.00442205 -0.02867617 -0.00442906 0.99999018 -0.00018089 0.02867508 0.00030783 0.99958874
0.99976650 0.00102761 -0.02158467 -0.00095908 0.99999447 0.00318507 0.02158782 -0.00316362 0.99976195
0.99990859 -0.00138583 -0.01344943 0.00145225 0.99998679 0.00493016 0.01344242 -0.00494924 0.99989740
0.99996824 0.00001272 -0.00796932 0.00000944 0.99999613 0.00278062 0.00796932 -0.00278060 0.99996438
0.99999198 -0.00002168 -0.00400585 0.00000885 0.99999487 -0.00320275 0.00400590 0.00320269 0.99998685
0.99997834 -0.00656842 0.00040957 0.00657020 0.99996830 -0.00449867 -0.00038001 0.00450126 0.99998980
0.99991660 -0.01254810 0.00305515 0.01255863 0.99991518 -0.00345033 -0.00301160 0.00348841 0.99998938
0.99999843 -0.00015658 -0.00176313 0.00015932 0.99999878 0.00155196 0.00176288 -0.00155224 0.99999724
0.99998500 0.00257295 -0.00483573 -0.00259725 0.99998400 -0.00502527 0.00482272 0.00503775 0.99997568
0.99999308 -0.00260823 0.00265281 0.00262612 0.99997370 -0.00676063 -0.00263510 0.00676755 0.99997363
0.99998246 0.00265872 -0.00529193 -0.00273638 0.99988786 -0.01472319 0.00525219 0.01473741 0.99987760
0.99994246 0.00992550 -0.00406991 -0.00998046 0.99985614 -0.01371484 0.00393319 0.01375467 0.99989766
0.99997856 0.00644932 -0.00113090 -0.00645259 0.99997494 -0.00291384 0.00111208 0.00292108 0.99999512
0.99994434 0.01006738 -0.00315558 -0.01004788 0.99993070 0.00613543 0.00321713 -0.00610339 0.99997620
0.99997476 0.00567501 -0.00427520 -0.00564082 0.99995235 0.00796695 0.00432021 -0.00794263 0.99995912
0.99998891 0.00204562 -0.00424217 -0.00200531 0.99995300 0.00948583 0.00426138 -0.00947722 0.99994601
0.99999384 0.00273074 -0.00220387 -0.00271146 0.99995844 0.00870381 0.00222755 -0.00869778 0.99995969
0.99999653 -0.00244517 -0.00098431 0.00245270 0.99996715 0.00772542 0.00096539 -0.00772781 0.99996967
0.99999845 -0.00014909 -0.00175275 0.00014987 0.99999989 0.00044588 0.00175268 -0.00044614 0.99999836
0.99999707 0.00166517 -0.00175983 -0.00167027 0.99999440 -0.00290058 0.00175499 0.00290351 0.99999424
0.99999791 0.00057375 -0.00196016 -0.00058427 0.99998541 -0.00537080 0.00195705 0.00537194 0.99998366
0.99999044 0.00062879 -0.00432666 -0.00065139 0.99998613 -0.00522565 0.00432331 0.00522841 0.99997699
0.99998444 0.00017207 -0.00557625 -0.00019877 0.99998852 -0.00478805 0.00557536 0.00478909 0.99997299
0.99997776 0.00120845 -0.00655956 -0.00122341 0.99999666 -0.00227640 0.00655678 0.00228437 0.99997589
0.99998167 0.00055114 -0.00603041 -0.00053900 0.99999783 0.00201408 0.00603151 -0.00201079 0.99997979
0.99998053 0.00211717 -0.00586942 -0.00209014 0.99998720 0.00460763 0.00587910 -0.00459528 0.99997216
0.99997925 0.00278554 -0.00580801 -0.00276819 0.99999169 0.00299286 0.00581630 -0.00297672 0.99997865
0.99998575 0.00332804 -0.00417439 -0.00331734 0.99999120 0.00256719 0.00418289 -0.00255331 0.99998799
0.99998574 0.00489341 -0.00213720 -0.00489073 0.99998725 0.00125387 0.00214331 -0.00124340 0.99999693
0.99999340 0.00334978 -0.00140505 -0.00334784 0.99999345 0.00137786 0.00140966 -0.00137314 0.99999806
0.99999794 0.00125006 -0.00159785 -0.00125047 0.99999919 -0.00025054 0.00159754 0.00025254 0.99999869
0.99999865 0.00033733 -0.00160588 -0.00033879 0.99999953 -0.00091028 0.00160557 0.00091082 0.99999830
0.99999805 0.00197133 -0.00009036 -0.00197144 0.99999727 -0.00125665 0.00008788 0.00125682 0.99999921
0.99999756 0.00214962 -0.00051867 -0.00215000 0.99999743 -0.00072152 0.00051712 0.00072263 0.99999961
0.99998726 0.00503948 -0.00030545 -0.00504022 0.99998424 -0.00247113 0.00029299 0.00247264 0.99999690
0.99998094 0.00613658 -0.00067293 -0.00613880 0.99997554 -0.00335034 0.00065235 0.00335441 0.99999416
0.99999881 0.00136775 0.00071331 -0.00136730 0.99999886 -0.00063306 -0.00071417 0.00063209 0.99999955
0.99999823 0.00147118 0.00117064 -0.00147619 0.99998972 0.00428788 -0.00116432 -0.00428960 0.99999012
0.99999876 -0.00002147 0.00157333 0.00001694 0.99999585 0.00288213 -0.00157338 -0.00288210 0.99999461
0.99999747 -0.00169095 0.00148120 0.00169168 0.99999845 -0.00049265 -0.00148036 0.00049515 0.99999878
0.99999776 -0.00022652 0.00210355 0.00022931 0.99999910 -0.00132501 -0.00210324 0.00132549 0.99999691
0.99998337 0.00395551 0.00419768 -0.00395904 0.99999182 0.00083281 -0.00419435 -0.00084941 0.99999084
0.99997301 0.00478234 0.00557810 -0.00478772 0.99998809 0.00095128 -0.00557349 -0.00097796 0.99998399
0.99997238 0.00417955 0.00614623 -0.00417780 0.99999123 -0.00029841 -0.00614742 0.00027273 0.99998107
0.99998291 0.00140201 0.00567541 -0.00139590 0.99999844 -0.00107953 -0.00567691 0.00107159 0.99998331
0.99998179 -0.00042327 0.00602027 0.00042901 0.99999945 -0.00095234 -0.00601987 0.00095491 0.99998142
0.99998794 -0.00176154 0.00458425 0.00176584 0.99999800 -0.00093408 -0.00458260 0.00094217 0.99998906
0.99998038 -0.00102072 0.00618090 0.00102118 0.99999948 -0.00007169 -0.00618083 0.00007800 0.99998090
0.99998356 -0.00110808 0.00562683 0.00110165 0.99999874 0.00114579 -0.00562809 -0.00113957 0.99998351
0.99998551 0.00014976 0.00538164 -0.00015622 0.99999927 0.00120003 -0.00538146 -0.00120085 0.99998480
0.99998607 -0.00033581 0.00526776 0.00034235 0.99999917 -0.00124121 -0.00526734 0.00124299 0.99998535
0.99998746 0.00058786 0.00497267 -0.00056203 0.99998635 -0.00519524 -0.00497566 0.00519238 0.99997414
0.99999230 -0.00040234 0.00390469 0.00042307 0.99998581 -0.00530991 -0.00390250 0.00531152 0.99997828
0.99999348 -0.00007359 0.00361141 0.00007510 0.99999991 -0.00041785 -0.00361137 0.00041812 0.99999339
0.99999485 -0.00040553 0.00318340 0.00040161 0.99999916 0.00123236 -0.00318390 -0.00123107 0.99999417
0.99999775 0.00002570 0.00212338 -0.00002430 0.99999978 -0.00065892 -0.00212340 0.00065886 0.99999753
0.99999627 0.00268553 -0.00050773 -0.00268512 0.99999607 0.00080249 0.00050988 -0.00080112 0.99999955
0.99999931 0.00074065 -0.00091507 -0.00074263 0.99999738 -0.00216466 0.00091347 0.00216534 0.99999724
0.99999887 0.00031371 0.00146756 -0.00031296 0.99999982 -0.00050962 -0.00146772 0.00050916 0.99999879
0.99999967 0.00069230 -0.00041958 -0.00069364 0.99999466 -0.00319249 0.00041737 0.00319278 0.99999482
0.99999906 -0.00091046 0.00102403 0.00091289 0.99999676 -0.00237618 -0.00102186 0.00237711 0.99999665
0.99999505 -0.00306912 0.00069207 0.00306958 0.99999507 -0.00066558 -0.00069002 0.00066770 0.99999954
0.99999721 -0.00232364 0.00041756 0.00232349 0.99999724 0.00036206 -0.00041840 -0.00036109 0.99999985
0.99999565 -0.00140699 -0.00259393 0.00141513 0.99999408 0.00313656 0.00258950 -0.00314021 0.99999172
0.99999509 0.00289075 0.00120651 -0.00289433 0.99999140 0.00297197 -0.00119791 -0.00297544 0.99999486
0.99999574 0.00272790 0.00103734 -0.00272759 0.99999623 -0.00030223 -0.00103816 0.00029940 0.99999942
0.99999872 0.00140019 0.00076983 -0.00139859 0.99999686 -0.00207798 -0.00077274 0.00207690 0.99999754
0.99999454 -0.00033868 0.00328754 0.00035192 0.99999183 -0.00402730 -0.00328615 0.00402843 0.99998649
0.99999921 -0.00125819 -0.00001019 0.00125818 0.99999850 -0.00119423 0.00001169 0.00119421 0.99999929
0.99999968 -0.00078243 0.00016902 0.00078219 0.99999873 0.00139085 -0.00017011 -0.00139072 0.99999902
0.99999988 -0.00003547 0.00048207 0.00003429 0.99999697 0.00246070 -0.00048216 -0.00246068 0.99999686
0.99999925 0.00099165 0.00072086 -0.00099293 0.99999792 0.00178346 -0.00071909 -0.00178417 0.99999815
0.99998857 0.00309682 -0.00364255 -0.00309335 0.99999476 0.00095648 0.00364550 -0.00094520 0.99999291
0.99999996 0.00014183 0.00026098 -0.00014146 0.99999900 -0.00140396 -0.00026118 0.00140392 0.99999898
0.99999887 -0.00148149 0.00025844 0.00148192 0.99999748 -0.00168605 -0.00025594 0.00168643 0.99999855
0.99999926 -0.00116594 0.00035995 0.00116575 0.99999918 0.00052508 -0.00036056 -0.00052466 0.99999980
0.99999793 -0.00201515 0.00027606 0.00201449 0.99999518 0.00236101 -0.00028082 -0.00236045 0.99999717
0.99999826 -0.00185501 -0.00018922 0.00185543 0.99999575 0.00225065 0.00018504 -0.00225099 0.99999745
0.99999942 0.00091541 0.00057405 -0.00091615 0.99999873 0.00130598 -0.00057285 -0.00130651 0.99999898
0.99999737 0.00222955 0.00054041 -0.00223013 0.99999693 0.00108285 -0.00053799 -0.00108405 0.99999927
0.99999736 0.00221830 0.00060074 -0.00221768 0.99999700 -0.00104037 -0.00060305 0.00103903 0.99999928
0.99999440 0.00322100 0.00091106 -0.00321632 0.99998187 -0.00509039 -0.00092744 0.00508743 0.99998663
0.99999756 0.00217349 0.00038302 -0.00217249 0.99999433 -0.00257264 -0.00038861 0.00257180 0.99999662
0.99999978 0.00030663 0.00059015 -0.00030549 0.99999808 -0.00193346 -0.00059074 0.00193328 0.99999796
0.99999828 -0.00177479 -0.00054732 0.00177468 0.99999840 -0.00021593 0.00054770 0.00021496 0.99999983
0.99999985 -0.00035174 -0.00041919 0.00035222 0.99999929 0.00113901 0.00041878 -0.00113916 0.99999926
0.99999960 -0.00089597 -0.00001140 0.00089599 0.99999744 0.00207877 0.00000953 -0.00207878 0.99999784
0.99999236 0.00390838 -0.00004722 -0.00390846 0.99999099 -0.00165773 0.00004074 0.00165790 0.99999862
0.99998906 0.00463084 -0.00065314 -0.00463024 0.99998887 0.00090465 0.00065732 -0.00090162 0.99999938
0.99999486 0.00320736 0.00005079 -0.00320730 0.99999425 -0.00109907 -0.00005432 0.00109890 0.99999939
0.99999957 0.00000496 -0.00092248 -0.00000900 0.99999044 -0.00437156 0.00092245 0.00437156 0.99999002
0.99999960 0.00060682 -0.00066243 -0.00060936 0.99999241 -0.00384751 0.00066009 0.00384791 0.99999238
0.99999257 -0.00371181 -0.00103753 0.00371100 0.99999281 -0.00078136 0.00104043 0.00077751 0.99999916
0.99999098 -0.00401937 -0.00136948 0.00401718 0.99999065 -0.00159768 0.00137589 0.00159216 0.99999779
0.99999880 -0.00019722 -0.00153618 0.00019944 0.99999894 0.00144506 0.00153590 -0.00144536 0.99999778
0.99999874 -0.00086431 -0.00133485 0.00086890 0.99999370 0.00344242 0.00133186 -0.00344358 0.99999318
0.99999924 -0.00117920 -0.00036868 0.00117904 0.99999921 -0.00043896 0.00036920 0.00043853 0.99999984
0.99999980 0.00051704 -0.00035191 -0.00051861 0.99998992 -0.00445970 0.00034960 0.00445988 0.99998999
0.99999931 0.00066099 -0.00096622 -0.00066503 0.99999102 -0.00418640 0.00096345 0.00418704 0.99999077
0.99999911 -0.00043960 -0.00126028 0.00043685 0.99999752 -0.00218250 0.00126123 0.00218194 0.99999682
0.99999619 0.00181157 -0.00208067 -0.00181072 0.99999828 0.00040745 0.00208140 -0.00040368 0.99999775
0.99998580 0.00532497 -0.00023206 -0.00532405 0.99997866 0.00378661 0.00025222 -0.00378533 0.99999280
0.99998533 0.00541618 0.00003481 -0.00541626 0.99998086 0.00298923 -0.00001862 -0.00298937 0.99999553
0.99996845 0.00792977 0.00047183 -0.00792967 0.99996854 -0.00021315 -0.00047351 0.00020941 0.99999987
0.99999348 0.00353555 0.00073078 -0.00353391 0.99999126 -0.00223297 -0.00073867 0.00223037 0.99999724
0.99999717 0.00237779 -0.00010778 -0.00237791 0.99999654 -0.00112513 0.00010511 0.00112538 0.99999936
0.99999960 0.00068009 -0.00058149 -0.00068063 0.99999934 -0.00092887 0.00058085 0.00092926 0.99999940
0.99999677 -0.00243430 -0.00073240 0.00243343 0.99999634 -0.00118016 0.00073527 0.00117837 0.99999904
0.99999978 -0.00012719 -0.00065279 0.00012702 0.99999996 -0.00026138 0.00065282 0.00026130 0.99999975
0.99999997 0.00004708 -0.00025726 -0.00004585 0.99998850 0.00479622 0.00025749 -0.00479621 0.99998846
0.99999889 -0.00147607 -0.00018914 0.00147686 0.99998994 0.00423445 0.00018288 -0.00423472 0.99999102
0.99999971 0.00036895 -0.00067111 -0.00037034 0.99999779 -0.00206971 0.00067034 0.00206996 0.99999763
0.99999945 -0.00019228 0.00102862 0.00019360 0.99999916 -0.00128455 -0.00102837 0.00128475 0.99999865
0.99999939 -0.00106765 0.00027100 0.00106790 0.99999899 -0.00094175 -0.00026999 0.00094204 0.99999952
0.99999940 0.00039482 0.00102115 -0.00039410 0.99999968 -0.00070302 -0.00102143 0.00070262 0.99999923
0.99999920 -0.00047501 0.00117473 0.00047209 0.99999680 0.00248600 -0.00117590 -0.00248545 0.99999622
0.99999830 0.00139302 0.00120577 -0.00139735 0.99999256 0.00359590 -0.00120075 -0.00359758 0.99999281
0.99999508 0.00304937 0.00073045 -0.00304947 0.99999534 0.00013275 -0.00073004 -0.00013497 0.99999972
0.99999622 0.00270451 0.00050471 -0.00270286 0.99999110 -0.00323966 -0.00051347 0.00323829 0.99999462
0.99999732 -0.00231597 -0.00007876 0.00231562 0.99998843 -0.00421638 0.00008852 0.00421619 0.99999111
0.99999799 -0.00179591 -0.00088867 0.00179429 0.99999674 -0.00181577 0.00089193 0.00181418 0.99999796
0.99999972 -0.00050046 -0.00055638 0.00050025 0.99999980 -0.00038689 0.00055657 0.00038661 0.99999977
0.99999826 -0.00184650 -0.00025129 0.00184651 0.99999829 0.00002858 0.00025123 -0.00002904 0.99999997
0.99999767 -0.00193717 -0.00095455 0.00193507 0.99999573 -0.00218863 0.00095879 0.00218678 0.99999715
0.99999991 -0.00040623 0.00014486 0.00040626 0.99999990 -0.00017970 -0.00014479 0.00017976 0.99999997
0.99999755 -0.00219291 -0.00028823 0.00219340 0.99999615 0.00169818 0.00028451 -0.00169881 0.99999852
0.99999739 -0.00197843 -0.00113933 0.00197911 0.99999787 0.00059262 0.00113815 -0.00059488 0.99999918
0.99999851 -0.00167397 -0.00041381 0.00167315 0.99999663 -0.00198296 0.00041712 0.00198226 0.99999795
0.99999912 0.00123684 -0.00047450 -0.00123696 0.99999920 -0.00026049 0.00047418 0.00026108 0.99999985
0.99999919 0.00115583 0.00052595 -0.00115813 0.99998968 0.00439380 -0.00052087 -0.00439441 0.99999021
0.99997849 0.00655937 0.00005480 -0.00655959 0.99995885 0.00626580 -0.00001370 -0.00626602 0.99998037
0.99998573 0.00509799 0.00159497 -0.00509791 0.99998700 -0.00005515 -0.00159523 0.00004702 0.99999873
0.99998957 0.00433035 0.00145185 -0.00432374 0.99998040 -0.00452721 -0.00147143 0.00452089 0.99998870
0.99999727 0.00147649 0.00181167 -0.00146641 0.99998350 -0.00555448 -0.00181984 0.00555181 0.99998293
0.99999510 0.00296667 0.00099601 -0.00296505 0.99999428 -0.00162669 -0.00100083 0.00162373 0.99999818
0.99998669 -0.00469584 0.00213748 0.00470305 0.99998322 -0.00338144 -0.00212156 0.00339145 0.99999200
0.99999560 -0.00263963 0.00135259 0.00264562 0.99998663 -0.00444392 -0.00134084 0.00444747 0.99998921
0.99998092 -0.00603927 -0.00129862 0.00603508 0.99997665 -0.00320631 0.00131795 0.00319841 0.99999402
0.99999113 -0.00288383 -0.00306978 0.00288249 0.99999575 -0.00044064 0.00307103 0.00043179 0.99999519
0.99999969 0.00070869 0.00033275 -0.00071080 0.99997931 0.00639285 -0.00032822 -0.00639308 0.99997951
0.99999755 0.00148137 0.00164772 -0.00148640 0.99999423 0.00305542 -0.00164319 -0.00305786 0.99999397
0.99999739 0.00129155 0.00188388 -0.00128507 0.99999327 -0.00343683 -0.00188831 0.00343440 0.99999232
0.99999685 0.00235221 0.00088081 -0.00235194 0.99999719 -0.00030501 -0.00088152 0.00030293 0.99999957
0.99999787 -0.00206267 0.00001292 0.00206266 0.99999781 0.00034829 -0.00001364 -0.00034827 0.99999994
0.99999861 0.00071946 0.00150156 -0.00071605 0.99999716 -0.00227196 -0.00150319 0.00227089 0.99999629
0.99999883 0.00001757 0.00153154 -0.00001541 0.99999900 -0.00141153 -0.00153157 0.00141150 0.99999783
0.99999678 0.00175362 0.00183284 -0.00175631 0.99999738 0.00146888 -0.00183026 -0.00147209 0.99999724
0.99999883 0.00022818 0.00151528 -0.00023105 0.99999818 0.00189303 -0.00151484 -0.00189337 0.99999706
0.99999949 0.00094502 0.00035338 -0.00094536 0.99999908 0.00097563 -0.00035246 -0.00097596 0.99999946
0.99999985 0.00041432 0.00036936 -0.00041475 0.99999923 0.00117157 -0.00036887 -0.00117173 0.99999925
0.99999990 -0.00037767 -0.00021793 0.00037779 0.99999978 0.00055033 0.00021772 -0.00055041 0.99999982
0.99999992 0.00011191 0.00038705 -0.00011153 0.99999951 -0.00098231 -0.00038716 0.00098227 0.99999944
0.99999839 0.00121116 0.00132576 -0.00121043 0.99999911 -0.00055332 -0.00132643 0.00055171 0.99999897
0.99999818 0.00107748 0.00157355 -0.00107831 0.99999928 0.00052770 -0.00157298 -0.00052940 0.99999862
0.99999878 -0.00137960 -0.00073899 0.00137848 0.99999791 -0.00150821 0.00074106 0.00150719 0.99999859
0.99999225 -0.00179670 -0.00350233 0.00178520 0.99999301 -0.00328495 0.00350820 0.00327867 0.99998847
0.99998822 0.00020020 -0.00484899 -0.00021846 0.99999288 -0.00376645 0.00484820 0.00376747 0.99998115
0.99998634 0.00278012 -0.00442592 -0.00279467 0.99999070 -0.00328477 0.00441674 0.00329709 0.99998481
0.99998888 0.00263762 -0.00390933 -0.00264254 0.99999572 -0.00125391 0.00390600 0.00126422 0.99999157
0.99999180 0.00237780 -0.00327694 -0.00237627 0.99999707 0.00047020 0.00327805 -0.00046241 0.99999452
0.99999832 -0.00045585 -0.00177574 0.00045821 0.99999901 0.00133125 0.00177513 -0.00133206 0.99999754
0.99999474 -0.00261008 -0.00192481 0.00261219 0.99999599 0.00109499 0.00192195 -0.00110001 0.99999755
0.99999899 -0.00088087 -0.00111187 0.00088151 0.99999945 0.00057388 0.00111136 -0.00057486 0.99999922
0.99999876 0.00101095 -0.00120644 -0.00101286 0.99999823 -0.00158673 0.00120483 0.00158795 0.99999801
0.99999727 0.00224389 -0.00065212 -0.00224489 0.99999629 -0.00154294 0.00064865 0.00154440 0.99999860
0.99999185 0.00400447 0.00052036 -0.00400398 0.99999154 -0.00094528 -0.00052414 0.00094318 0.99999942
0.99999296 0.00347206 0.00142644 -0.00346882 0.99999141 -0.00226931 -0.00143431 0.00226435 0.99999641
0.99999920 0.00087988 0.00090956 -0.00087753 0.99999629 -0.00257940 -0.00091183 0.00257860 0.99999626
0.99999995 0.00020548 0.00023691 -0.00020481 0.99999609 -0.00278885 -0.00023748 0.00278880 0.99999608
0.99999970 0.00025824 0.00072764 -0.00025781 0.99999979 -0.00060000 -0.00072779 0.00059981 0.99999956
0.99999711 -0.00235073 0.00049408 0.00234957 0.99999451 0.00233757 -0.00049957 -0.00233640 0.99999715
0.99999996 -0.00015504 -0.00022667 0.00015528 0.99999941 0.00107872 0.00022651 -0.00107876 0.99999939
0.99998951 -0.00448471 0.00092861 0.00448853 0.99998130 -0.00415477 -0.00090996 0.00415890 0.99999094
0.99999878 -0.00155952 -0.00011607 0.00155908 0.99999193 -0.00370230 0.00012184 0.00370211 0.99999314
0.99998917 0.00458913 0.00077462 -0.00458939 0.99998941 0.00034109 -0.00077304 -0.00034464 0.99999964
0.99999757 0.00153404 0.00158101 -0.00153989 0.99999195 0.00370586 -0.00157531 -0.00370828 0.99999188
0.99999419 -0.00278711 0.00196023 0.00278799 0.99999601 -0.00045095 -0.00195897 0.00045642 0.99999798
0.99999602 -0.00217999 0.00178841 0.00217819 0.99999712 0.00100712 -0.00179060 -0.00100322 0.99999789
0.99999717 0.00099490 0.00215984 -0.00100416 0.99999030 0.00428808 -0.00215555 -0.00429024 0.99998847
0.99999377 -0.00285724 0.00207092 0.00284850 0.99998708 0.00421012 -0.00208292 -0.00420420 0.99998899
0.99999929 -0.00031519 0.00114955 0.00031479 0.99999989 0.00034864 -0.00114966 -0.00034828 0.99999928
0.99998719 0.00382426 0.00331540 -0.00382767 0.99999215 0.00102154 -0.00331147 -0.00103421 0.99999398
0.99999260 0.00268220 0.00275903 -0.00268735 0.99999465 0.00186521 -0.00275401 -0.00187261 0.99999445
0.99999046 0.00008455 0.00436631 -0.00008082 0.99999963 -0.00085484 -0.00436638 0.00085448 0.99999010
0.99999207 0.00259246 0.00302339 -0.00258421 0.99999293 -0.00273056 -0.00303045 0.00272273 0.99999170
0.99999519 -0.00099152 0.00293846 0.00100213 0.99999297 -0.00361360 -0.00293486 0.00361652 0.99998915
0.99999795 -0.00116777 0.00165206 0.00117002 0.99999838 -0.00136427 -0.00165047 0.00136620 0.99999770
0.99999890 -0.00086518 0.00120600 0.00086275 0.99999759 0.00201798 -0.00120774 -0.00201694 0.99999724
0.99999484 0.00278336 0.00160357 -0.00278852 0.99999091 0.00322497 -0.00159458 -0.00322943 0.99999351
0.99999895 -0.00053024 0.00134718 0.00053087 0.99999975 -0.00046483 -0.00134693 0.00046554 0.99999898
0.99999967 -0.00049391 -0.00064202 0.00049147 0.99999265 -0.00380254 0.00064389 0.00380222 0.99999256
0.99999400 -0.00344912 -0.00030902 0.00344810 0.99998880 -0.00324057 0.00032020 0.00323948 0.99999470
0.99999892 -0.00138120 -0.00049232 0.00138046 0.99999793 -0.00149363 0.00049438 0.00149295 0.99999876
0.99999988 0.00039361 0.00030213 -0.00039328 0.99999933 -0.00109202 -0.00030256 0.00109191 0.99999936
0.99999945 0.00025010 0.00102000 -0.00025023 0.99999996 0.00013138 -0.00101996 -0.00013163 0.99999947
0.99999819 0.00179105 0.00063696 -0.00179146 0.99999818 0.00065091 -0.00063579 -0.00065205 0.99999959
0.99999919 0.00104528 -0.00072855 -0.00104351 0.99999652 0.00242432 0.00073108 -0.00242356 0.99999680
0.99999822 0.00093081 -0.00164236 -0.00092845 0.99999854 0.00143270 0.00164369 -0.00143117 0.99999763
0.99999822 0.00188422 -0.00008307 -0.00188414 0.99999781 0.00091291 0.00008479 -0.00091275 0.99999958
0.99999566 0.00288970 -0.00058117 -0.00288929 0.99999557 0.00072037 0.00058325 -0.00071868 0.99999957
0.99999503 0.00283942 -0.00136814 -0.00284068 0.99999554 -0.00092072 0.00136551 0.00092461 0.99999864
0.99999952 -0.00093214 -0.00030489 0.00093094 0.99999200 -0.00389112 0.00030852 0.00389083 0.99999238
0.99999532 -0.00249201 -0.00177422 0.00247957 0.99997258 -0.00697838 0.00179156 0.00697395 0.99997408
0.99998879 -0.00394395 -0.00261829 0.00393006 0.99997828 -0.00529165 0.00263910 0.00528130 0.99998257
0.99998022 -0.00599518 -0.00190024 0.00599583 0.99998197 0.00033732 0.00189819 -0.00034871 0.99999814
0.99998990 -0.00385506 -0.00230997 0.00386326 0.99998621 0.00355791 0.00229622 -0.00356680 0.99999100
0.99999654 -0.00146300 -0.00218624 0.00146642 0.99999770 0.00156614 0.00218394 -0.00156934 0.99999638
0.99999621 -0.00177842 -0.00210072 0.00177664 0.99999806 -0.00084756 0.00210223 0.00084382 0.99999743
0.99999744 0.00033594 -0.00223750 -0.00033450 0.99999974 0.00064465 0.00223771 -0.00064390 0.99999729
0.99999820 -0.00077574 -0.00173241 0.00077768 0.99999907 0.00111810 0.00173155 -0.00111945 0.99999787
0.99999723 -0.00062689 -0.00226999 0.00062559 0.99999964 -0.00057470 0.00227035 0.00057328 0.99999726
0.99999713 -0.00018104 -0.00238886 0.00017689 0.99999848 -0.00173722 0.00238917 0.00173679 0.99999564
0.99999753 0.00013538 -0.00221808 -0.00013702 0.99999972 -0.00073779 0.00221798 0.00073809 0.99999727
0.99999735 0.00030687 -0.00227988 -0.00030528 0.99999971 0.00069613 0.00228009 -0.00069543 0.99999716
0.99999769 0.00072102 -0.00202542 -0.00072084 0.99999974 0.00008771 0.00202548 -0.00008625 0.99999794
0.99999657 0.00077889 -0.00250097 -0.00077637 0.99999919 0.00100826 0.00250175 -0.00100631 0.99999636
0.99999507 0.00237183 -0.00205678 -0.00236851 0.99999590 0.00161235 0.00206060 -0.00160747 0.99999658
0.99999680 0.00206719 -0.00145650 -0.00206636 0.99999770 0.00057471 0.00145769 -0.00057170 0.99999877
0.99999426 0.00336180 -0.00042471 -0.00336165 0.99999429 0.00035156 0.00042589 -0.00035013 0.99999985
0.99999933 0.00105039 -0.00048265 -0.00105037 0.99999945 0.00004939 0.00048270 -0.00004888 0.99999988
0.99999990 -0.00041824 -0.00018007 0.00041791 0.99999820 -0.00184991 0.00018084 0.00184983 0.99999827
0.99999666 -0.00258409 0.00006152 0.00258418 0.99999552 -0.00151052 -0.00005762 0.00151067 0.99999886
0.99999948 -0.00086424 -0.00054004 0.00086360 0.99999892 -0.00119088 0.00054107 0.00119042 0.99999915
0.99999993 -0.00038026 0.00003495 0.00038024 0.99999979 0.00053030 -0.00003515 -0.00053028 0.99999986
0.99999939 -0.00050093 0.00098921 0.00050031 0.99999968 0.00062817 -0.00098952 -0.00062767 0.99999931
0.99999999 0.00001180 0.00017044 -0.00001180 1.00000000 0.00005121 -0.00017044 -0.00005122 0.99999998
0.99999360 -0.00356969 0.00021954 0.00356950 0.99999325 0.00086537 -0.00022263 -0.00086458 0.99999960
0.99999222 -0.00392338 -0.00040652 0.00392396 0.99999127 0.00143669 0.00040088 -0.00143827 0.99999889
0.99999347 -0.00361047 -0.00014607 0.00361095 0.99998761 0.00342548 0.00013370 -0.00342599 0.99999412
0.99999700 -0.00244801 -0.00010923 0.00244826 0.99999423 0.00235420 0.00010346 -0.00235446 0.99999722
0.99999994 0.00030886 0.00016703 -0.00030854 0.99999807 -0.00193939 -0.00016763 0.00193934 0.99999811
0.99999627 0.00270481 0.00038598 -0.00270424 0.99999527 -0.00146672 -0.00038994 0.00146568 0.99999885
0.99998311 0.00579511 -0.00044591 -0.00579388 0.99997957 0.00270106 0.00046155 -0.00269843 0.99999625
0.99998228 0.00587684 0.00094721 -0.00588233 0.99996524 0.00590917 -0.00091245 -0.00591464 0.99998209
0.99999302 0.00370914 0.00044333 -0.00370895 0.99999303 -0.00042524 -0.00044490 0.00042359 0.99999981
0.99999992 0.00040875 0.00000397 -0.00040871 0.99997451 -0.00712882 -0.00000689 0.00712882 0.99997459
0.99999622 -0.00254244 -0.00104478 0.00253621 0.99997924 -0.00592344 0.00105982 0.00592077 0.99998191
0.99998609 -0.00526686 -0.00027952 0.00526649 0.99998525 -0.00133023 0.00028652 0.00132874 0.99999908
0.99999483 -0.00314172 0.00067929 0.00314099 0.99999450 0.00106911 -0.00068265 -0.00106697 0.99999920
0.99999878 -0.00056826 0.00145667 0.00056600 0.99999864 0.00155224 -0.00145755 -0.00155142 0.99999773
0.99999843 0.00162942 0.00069706 -0.00163083 0.99999662 0.00202572 -0.00069376 -0.00202686 0.99999771
0.99999913 0.00082245 0.00103065 -0.00082310 0.99999946 0.00063878 -0.00103012 -0.00063963 0.99999926
0.99999908 0.00102196 0.00088672 -0.00102248 0.99999931 0.00058520 -0.00088613 -0.00058610 0.99999944
0.99999978 -0.00055543 0.00035667 0.00055585 0.99999912 -0.00120061 -0.00035600 0.00120081 0.99999922
0.99999354 0.00025724 -0.00358556 -0.00026367 0.99999836 -0.00179119 0.00358510 0.00179212 0.99999197
0.99999981 0.00007271 0.00060925 -0.00007150 0.99999805 -0.00197561 -0.00060939 0.00197556 0.99999786
0.99999984 0.00037716 -0.00041619 -0.00037756 0.99999945 -0.00097497 0.00041582 0.00097513 0.99999944
0.99999951 0.00098614 0.00005734 -0.00098612 0.99999944 -0.00038833 -0.00005773 0.00038827 0.99999992
0.99999934 0.00087876 0.00073525 -0.00087865 0.99999960 -0.00014941 -0.00073538 0.00014877 0.99999972
0.99999542 0.00078140 -0.00292370 -0.00077551 0.99999766 0.00201724 0.00292527 -0.00201496 0.99999369
0.99999995 0.00022104 -0.00022757 -0.00022144 0.99999848 -0.00172977 0.00022719 0.00172982 0.99999848
0.99999996 -0.00017628 -0.00021669 0.00017554 0.99999418 -0.00340760 0.00021729 0.00340756 0.99999417
0.99995339 0.00198047 -0.00944912 -0.00200076 0.99999571 -0.00213882 0.00944484 0.00215762 0.99995307
0.99999815 0.00189993 0.00031431 -0.00189723 0.99996315 -0.00837200 -0.00033020 0.00837139 0.99996490
0.99998839 0.00448531 -0.00176399 -0.00448506 0.99998993 0.00014831 0.00176464 -0.00014040 0.99999843
0.99998896 0.00448840 -0.00138989 -0.00448636 0.99998886 0.00146578 0.00139645 -0.00145953 0.99999796
0.99999158 0.00388969 -0.00130978 -0.00388833 0.99999190 0.00104106 0.00131382 -0.00103596 0.99999860
0.99999815 0.00189691 -0.00033328 -0.00189706 0.99999809 -0.00046163 0.00033240 0.00046226 0.99999984
0.99999967 0.00042088 -0.00069839 -0.00042276 0.99999628 -0.00269474 0.00069725 0.00269504 0.99999613
0.99999805 -0.00194860 0.00032418 0.00194925 0.99999603 -0.00203478 -0.00032021 0.00203541 0.99999788
0.99999671 -0.00205103 -0.00154219 0.00205185 0.99999775 0.00053243 0.00154110 -0.00053559 0.99999867
0.99999848 -0.00161040 -0.00066611 0.00161167 0.99999686 0.00191672 0.00066302 -0.00191779 0.99999794
0.99999954 -0.00082836 -0.00047752 0.00082867 0.99999945 0.00064833 0.00047698 -0.00064872 0.99999968
0.99999880 0.00118736 -0.00099118 -0.00118793 0.99999913 -0.00056799 0.00099051 0.00056917 0.99999935
0.99999891 0.00141952 0.00039628 -0.00141896 0.99999802 -0.00139586 -0.00039826 0.00139530 0.99999895
0.99999922 0.00035685 0.00119745 -0.00035632 0.99999984 -0.00044082 -0.00119761 0.00044039 0.99999919
0.99999944 -0.00105471 -0.00005902 0.00105461 0.99999817 -0.00159529 0.00006070 0.00159522 0.99999873
0.99999673 -0.00251456 0.00046761 0.00251415 0.99999646 0.00087078 -0.00046980 -0.00086960 0.99999951
0.99999721 -0.00234714 -0.00025377 0.00234708 0.99999721 -0.00025071 0.00025436 0.00025011 0.99999994
0.99999830 -0.00171285 0.00068085 0.00171254 0.99999843 0.00045851 -0.00068163 -0.00045735 0.99999966
0.99999985 -0.00036013 0.00041368 0.00036045 0.99999964 -0.00076798 -0.00041340 0.00076813 0.99999962
0.99999992 0.00038823 0.00002786 -0.00038821 0.99999960 -0.00081118 -0.00002818 0.00081117 0.99999967
0.99999282 0.00168316 0.00339445 -0.00168853 0.99999733 0.00158020 -0.00339178 -0.00158592 0.99999299
0.99999687 0.00216747 0.00125374 -0.00216929 0.99999660 0.00145008 -0.00125059 -0.00145279 0.99999816
0.99999599 0.00166791 0.00229058 -0.00166559 0.99999810 -0.00101286 -0.00229226 0.00100904 0.99999686
0.99998654 0.00327030 0.00402701 -0.00326972 0.99999464 -0.00015130 -0.00402748 0.00013813 0.99999188
0.99997151 0.00262632 0.00707744 -0.00264064 0.99999448 0.00201580 -0.00707211 -0.00203443 0.99997292
0.99999578 0.00254238 0.00140528 -0.00254894 0.99998576 0.00468824 -0.00139334 -0.00469180 0.99998802
0.99999763 0.00214129 0.00038972 -0.00214209 0.99999560 0.00204978 -0.00038533 -0.00205061 0.99999782
0.99999307 0.00372189 0.00000646 -0.00372190 0.99999092 0.00207670 0.00000126 -0.00207671 0.99999784
0.99998545 0.00538927 0.00023641 -0.00538978 0.99998302 0.00221427 -0.00022447 -0.00221551 0.99999752
0.99999782 0.00199463 -0.00062190 -0.00199474 0.99999800 -0.00017261 0.00062156 0.00017385 0.99999979
0.99999812 0.00151631 0.00121049 -0.00150785 0.99997467 -0.00695592 -0.00122101 0.00695408 0.99997507
0.99999979 0.00064759 -0.00007026 -0.00064806 0.99997651 -0.00682389 0.00006584 0.00682394 0.99997671
0.99999749 0.00162897 0.00154051 -0.00162892 0.99999867 -0.00003115 -0.00154056 0.00002864 0.99999881
0.99999947 -0.00100012 -0.00025334 0.00100075 0.99999633 0.00251757 0.00025082 -0.00251782 0.99999680
0.99999994 0.00026786 -0.00021714 -0.00026796 0.99999986 -0.00046186 0.00021702 0.00046192 0.99999987
0.99999918 0.00127541 0.00008817 -0.00127554 0.99999799 0.00155000 -0.00008619 -0.00155012 0.99999879
0.99999986 -0.00031408 -0.00042805 0.00031560 0.99999358 0.00356811 0.00042693 -0.00356825 0.99999354
0.99999981 -0.00052076 -0.00034273 0.00052119 0.99999908 0.00125166 0.00034208 -0.00125184 0.99999916
0.99999929 0.00115246 -0.00030929 -0.00115236 0.99999929 0.00031730 0.00030966 -0.00031695 0.99999990
0.99999865 0.00156163 -0.00051312 -0.00156292 0.99999563 -0.00250886 0.00050920 0.00250966 0.99999672
0.99999495 0.00297063 0.00113215 -0.00296838 0.99999362 -0.00198844 -0.00113805 0.00198507 0.99999738
0.99999979 0.00044351 -0.00046524 -0.00044355 0.99999990 -0.00007551 0.00046521 0.00007571 0.99999989
0.99999997 0.00020801 -0.00010567 -0.00020776 0.99999699 0.00244511 0.00010618 -0.00244508 0.99999701
0.99999946 -0.00100021 0.00028545 0.00099947 0.99999615 0.00258931 -0.00028804 -0.00258903 0.99999661
0.99999729 -0.00163296 -0.00165789 0.00163608 0.99999689 0.00188127 0.00165481 -0.00188398 0.99999686
0.99999954 0.00092153 -0.00026508 -0.00092081 0.99999589 0.00271447 0.00026758 -0.00271422 0.99999628
0.99999947 0.00024968 -0.00099886 -0.00024793 0.99999843 0.00175379 0.00099930 -0.00175354 0.99999796
0.99999923 -0.00033838 -0.00119175 0.00033245 0.99998759 -0.00497074 0.00119342 0.00497034 0.99998694
0.99999400 0.00312283 0.00149685 -0.00310496 0.99992556 -0.01179949 -0.00153358 0.01179477 0.99992926
0.99999612 0.00275569 -0.00041780 -0.00276029 0.99993076 -0.01143938 0.00038625 0.01144049 0.99993448
0.99999934 0.00090985 -0.00070274 -0.00091348 0.99998615 -0.00518356 0.00069801 0.00518420 0.99998632
0.99999928 0.00103297 -0.00061697 -0.00103158 0.99999694 0.00224765 0.00061929 -0.00224701 0.99999728
0.99999969 -0.00051920 -0.00058426 0.00052275 0.99998135 0.00608499 0.00058109 -0.00608529 0.99998132
0.99999947 0.00068256 -0.00077335 -0.00067848 0.99998589 0.00526781 0.00077694 -0.00526728 0.99998583
0.99999926 0.00119254 -0.00025924 -0.00119195 0.99999670 0.00227416 0.00026195 -0.00227385 0.99999738
0.99998507 0.00533593 0.00117499 -0.00533790 0.99998434 0.00168038 -0.00116601 -0.00168663 0.99999790
0.99999019 0.00386045 0.00217125 -0.00386284 0.99999194 0.00109582 -0.00216700 -0.00110420 0.99999704
0.99998965 0.00381626 0.00247894 -0.00381451 0.99999247 -0.00071241 -0.00248164 0.00070294 0.99999667
0.99998965 0.00222541 0.00396957 -0.00221312 0.99999275 -0.00309769 -0.00397643 0.00308887 0.99998732
0.99999304 0.00214555 0.00305257 -0.00214021 0.99999617 -0.00175413 -0.00305632 0.00174759 0.99999380
0.99998221 -0.00075572 0.00591703 0.00077358 0.99999515 -0.00301640 -0.00591472 0.00302092 0.99997794
