0.99993278 -0.00283972 0.01124175 0.00282768 0.99999541 0.00108664 -0.01124479 -0.00105478 0.99993622
0.99998244 -0.00259338 0.00532931 0.00260443 0.99999447 -0.00206682 -0.00532392 0.00208067 0.99998366
0.99999407 -0.00274072 0.00208300 0.00274367 0.99999523 -0.00141532 -0.00207911 0.00142102 0.99999683
0.99999295 -0.00125403 -0.00353998 0.00125076 0.99999879 -0.00092350 0.00354114 0.00091906 0.99999331
0.99998713 -0.00220380 -0.00457031 0.00219676 0.99999639 -0.00154521 0.00457370 0.00153515 0.99998836
0.99992781 -0.00191588 -0.01186147 0.00189723 0.99999695 -0.00158322 0.01186446 0.00156060 0.99992840
0.99985322 -0.00018835 -0.01713213 0.00017799 0.99999980 -0.00060666 0.01713224 0.00060352 0.99985305
0.99984700 0.00456124 -0.01688680 -0.00454667 0.99998926 0.00090118 0.01689073 -0.00082426 0.99985700
0.99973332 0.00352028 -0.02282298 -0.00357114 0.99999123 -0.00218808 0.02281508 0.00226900 0.99973713
0.99981305 0.00143569 -0.01928219 -0.00144232 0.99999891 -0.00032992 0.01928169 0.00035767 0.99981403
0.99976285 -0.00130873 -0.02173760 0.00131676 0.99999907 0.00035515 0.02173711 -0.00038368 0.99976365
0.99981185 -0.00217467 -0.01927500 0.00220244 0.99999657 0.00141993 0.01927184 -0.00146211 0.99981321
0.99986932 0.00137695 -0.01610722 -0.00135093 0.99999777 0.00162630 0.01610942 -0.00160433 0.99986895
0.99986249 0.00084174 -0.01656199 -0.00084517 0.99999962 -0.00020025 0.01656182 0.00021422 0.99986282
0.99986851 -0.00002452 -0.01621638 0.00002749 0.99999998 0.00018337 0.01621638 -0.00018379 0.99986849
0.99989890 -0.00142179 -0.01414825 0.00140317 0.99999814 -0.00132568 0.01415011 0.00130569 0.99989903
0.99995048 -0.00404712 -0.00909181 0.00403356 0.99999073 -0.00150920 0.00909783 0.00147245 0.99995753
0.99996844 0.00191991 -0.00770884 -0.00193368 0.99999655 -0.00177843 0.00770540 0.00179328 0.99996871
0.99996646 0.00038364 -0.00818085 -0.00039957 0.99999803 -0.00194486 0.00818009 0.00194807 0.99996464
0.99996681 -0.00009671 -0.00814623 0.00007216 0.99999545 -0.00301411 0.00814649 0.00301342 0.99996228
0.99996138 -0.00371607 -0.00796477 0.00370616 0.99999234 -0.00125765 0.00796938 0.00122808 0.99996749
0.99993023 -0.00658970 -0.00980384 0.00658372 0.99997812 -0.00064197 0.00980785 0.00057738 0.99995174
0.99997716 -0.00029736 -0.00675230 0.00028857 0.99999911 -0.00130193 0.00675268 0.00129995 0.99997636
0.99995475 0.00491842 -0.00814238 -0.00494830 0.99998109 -0.00365281 0.00812426 0.00369294 0.99996018
0.99995848 0.00329501 -0.00849611 -0.00331496 0.99999178 -0.00233501 0.00848835 0.00236308 0.99996118
0.99996379 -0.00148739 -0.00837906 0.00147164 0.99999714 -0.00188542 0.00838184 0.00187302 0.99996312
0.99995123 -0.00265374 -0.00951267 0.00263116 0.99999369 -0.00238598 0.00951895 0.00236083 0.99995191
0.99996423 0.00081726 -0.00841833 -0.00083550 0.99999731 -0.00216317 0.00841654 0.00217012 0.99996223
0.99993310 0.00259764 -0.01127121 -0.00263550 0.99999093 -0.00334556 0.01126242 0.00337504 0.99993088
0.99995515 0.00391858 -0.00862170 -0.00398447 0.99996288 -0.00763896 0.00859145 0.00767298 0.99993365
0.99998341 0.00121536 -0.00563009 -0.00125611 0.99997300 -0.00724090 0.00562113 0.00724785 0.99995793
0.99998813 0.00150962 -0.00463285 -0.00154557 0.99996865 -0.00776535 0.00462098 0.00777242 0.99995912
0.99998866 0.00186865 -0.00438128 -0.00190578 0.99996218 -0.00848602 0.00436525 0.00849427 0.99995439
0.99997754 0.00520313 -0.00422514 -0.00524174 0.99994413 -0.00917934 0.00417714 0.00920128 0.99994894
0.99998301 0.00415038 -0.00409304 -0.00417967 0.99996554 -0.00717319 0.00406313 0.00719017 0.99996590
0.99995219 0.00715623 -0.00666333 -0.00719967 0.99995284 -0.00651839 0.00661637 0.00656606 0.99995655
0.99998538 0.00358522 -0.00404689 -0.00361071 0.99997358 -0.00630909 0.00402416 0.00632361 0.99997191
0.99995678 0.00682594 -0.00631235 -0.00686275 0.99995947 -0.00582793 0.00627231 0.00587100 0.99996309
0.99996032 0.00284728 -0.00844090 -0.00288904 0.99998363 -0.00493912 0.00842670 0.00496331 0.99995218
0.99996875 0.00053465 -0.00788702 -0.00055470 0.99999662 -0.00253994 0.00788564 0.00254423 0.99996567
0.99997695 0.00004020 -0.00678981 -0.00003554 0.99999976 0.00068640 0.00678984 -0.00068615 0.99997671
0.99997975 -0.00130576 -0.00622870 0.00131627 0.99999772 0.00168429 0.00622648 -0.00169245 0.99997918
0.99996894 -0.00312983 -0.00723283 0.00314317 0.99999338 0.00183456 0.00722704 -0.00185724 0.99997216
0.99995935 -0.00005408 -0.00901646 0.00007757 0.99999660 0.00260558 0.00901629 -0.00260618 0.99995596
0.99996970 0.00165177 -0.00760746 -0.00160911 0.99998297 0.00561027 0.00761660 -0.00559785 0.99995532
0.99994433 -0.00215095 -0.01032983 0.00218885 0.99999091 0.00365819 0.01032186 -0.00368059 0.99993995
0.99995085 0.00210597 -0.00968808 -0.00207229 0.99999178 0.00348570 0.00969534 -0.00346545 0.99994699
0.99992870 0.00161529 -0.01183196 -0.00162975 0.99999794 -0.00121238 0.01182998 0.00123158 0.99992926
0.99995268 0.00200161 -0.00952040 -0.00200332 0.99999798 -0.00017013 0.00952004 0.00018920 0.99995467
0.99994402 0.00015498 -0.01058024 -0.00016260 0.99999973 -0.00071904 0.01058012 0.00072072 0.99994377
0.99995135 -0.00141993 -0.00976127 0.00143864 0.99999714 0.00191029 0.00975853 -0.00192424 0.99995053
0.99993844 -0.00463376 -0.01008154 0.00466117 0.99998550 0.00269787 0.01006889 -0.00274470 0.99994554
0.99996194 -0.00222704 -0.00843600 0.00227206 0.99998321 0.00533112 0.00842399 -0.00535009 0.99995021
0.99996415 -0.00257234 -0.00806768 0.00262407 0.99997602 0.00640853 0.00805100 -0.00642947 0.99994692
0.99994384 -0.00454694 -0.00957249 0.00456807 0.99998718 0.00218674 0.00956243 -0.00223035 0.99995179
0.99996018 -0.00458352 -0.00765698 0.00460375 0.99998596 0.00262585 0.00764484 -0.00266100 0.99996724
0.99997622 0.00040058 -0.00688494 -0.00039652 0.99999975 0.00059215 0.00688518 -0.00058941 0.99997612
0.99996566 0.00629330 -0.00539233 -0.00628425 0.99997882 0.00169236 0.00540287 -0.00165842 0.99998403
0.99998265 -0.00119972 -0.00576710 0.00120530 0.99999881 0.00096419 0.00576594 -0.00097112 0.99998291
0.99998431 -0.00156796 -0.00537816 0.00156794 0.99999877 -0.00000779 0.00537817 -0.00000065 0.99998554
0.99997094 -0.00552282 -0.00525502 0.00552142 0.99998472 -0.00028109 0.00525649 0.00025207 0.99998615
0.99999376 -0.00221840 -0.00275071 0.00221929 0.99999749 0.00031901 0.00274999 -0.00032511 0.99999617
0.99999783 -0.00153779 -0.00140840 0.00153983 0.99999777 0.00144800 0.00140617 -0.00145016 0.99999796
0.99999966 -0.00064189 0.00051515 0.00064038 0.99999550 0.00293127 -0.00051703 -0.00293094 0.99999557
0.99991988 -0.01256764 -0.00151024 0.01257076 0.99991883 0.00207637 0.00148402 -0.00209519 0.99999670
0.99996749 -0.00550666 -0.00588978 0.00550007 0.99998423 -0.00113471 0.00589594 0.00110228 0.99998201
0.99999826 -0.00031964 -0.00183821 0.00031839 0.99999972 -0.00067781 0.00183843 0.00067722 0.99999808
0.99999715 0.00101353 -0.00216096 -0.00100790 0.99999610 0.00260517 0.00216360 -0.00260298 0.99999427
0.99996721 0.00104967 -0.00802961 -0.00101835 0.99999186 0.00390319 0.00803364 -0.00389488 0.99996014
0.99996817 0.00658376 -0.00450808 -0.00657908 0.99997780 0.00105289 0.00451491 -0.00102320 0.99998928
0.99998450 0.00135814 -0.00539918 -0.00134562 0.99999640 0.00232248 0.00540232 -0.00231517 0.99998273
0.99995077 0.00068295 -0.00989925 -0.00070665 0.99999689 -0.00239082 0.00989759 0.00239769 0.99994814
0.99992068 -0.00114734 -0.01254233 0.00109414 0.99999038 -0.00424776 0.01254708 0.00423370 0.99991232
0.99992582 -0.00159634 -0.01207528 0.00160433 0.99999850 0.00065233 0.01207422 -0.00067166 0.99992688
0.99993118 -0.00178752 -0.01159507 0.00184310 0.99998686 0.00478405 0.01158637 -0.00480509 0.99992133
0.99994233 0.00278922 -0.01037087 -0.00274477 0.99998700 0.00429799 0.01038272 -0.00426927 0.99993698
0.99997207 0.00014482 -0.00747300 -0.00015749 0.99999855 -0.00169433 0.00747274 0.00169546 0.99997064
0.99998274 0.00058442 -0.00584556 -0.00060997 0.99999027 -0.00436924 0.00584295 0.00437273 0.99997337
0.99998618 0.00184457 -0.00492306 -0.00187699 0.99997654 -0.00658824 0.00491080 0.00659739 0.99996618
0.99999170 -0.00017223 -0.00407078 0.00016545 0.99999860 -0.00166478 0.00407106 0.00166409 0.99999033
0.99997358 -0.00004893 -0.00726846 0.00007427 0.99999392 0.00348494 0.00726824 -0.00348539 0.99996751
0.99998712 -0.00089339 -0.00499619 0.00092086 0.99998446 0.00549750 0.00499120 -0.00550203 0.99997241
0.99998401 -0.00022538 -0.00565000 0.00023736 0.99999772 0.00212079 0.00564951 -0.00212209 0.99998179
0.99998853 0.00063448 -0.00474825 -0.00063601 0.99999975 -0.00031933 0.00474805 0.00032235 0.99998868
0.99998051 0.00106368 -0.00615147 -0.00107981 0.99999598 -0.00262081 0.00614866 0.00262740 0.99997765
0.99996761 -0.00255682 -0.00763203 0.00253490 0.99999264 -0.00288046 0.00763934 0.00286102 0.99996673
0.99998473 -0.00062687 -0.00548973 0.00062698 0.99999980 0.00001812 0.00548972 -0.00002157 0.99998493
0.99996789 -0.00014603 -0.00801225 0.00014978 0.99999988 0.00046720 0.00801218 -0.00046838 0.99996779
0.99996844 -0.00044889 -0.00793258 0.00045597 0.99999950 0.00089033 0.00793218 -0.00089392 0.99996814
0.99996231 -0.00089644 -0.00863533 0.00087728 0.99999715 -0.00222230 0.00863730 0.00221464 0.99996025
0.99996618 0.00080796 -0.00818449 -0.00082060 0.99999848 -0.00154076 0.00818323 0.00154743 0.99996532
0.99997062 0.00100128 -0.00759973 -0.00100874 0.99999901 -0.00097785 0.00759875 0.00098549 0.99997064
0.99996668 -0.00009458 -0.00816229 0.00008519 0.99999933 -0.00115122 0.00816240 0.00115049 0.99996603
0.99994290 -0.00198564 -0.01050006 0.00196070 0.99999524 -0.00238424 0.01050475 0.00236351 0.99994203
0.99996449 -0.00160035 -0.00827428 0.00160296 0.99999867 0.00030868 0.00827377 -0.00032194 0.99996572
0.99995613 -0.00073236 -0.00933831 0.00074805 0.99999832 0.00167596 0.00933706 -0.00168287 0.99995499
0.99995869 0.00002936 -0.00908952 -0.00002548 0.99999991 0.00042761 0.00908953 -0.00042736 0.99995860
0.99995716 -0.00177074 -0.00908566 0.00176643 0.99999832 -0.00048248 0.00908650 0.00046641 0.99995861
0.99990883 0.00604737 -0.01207352 -0.00609316 0.99997437 -0.00375989 0.01205047 0.00383311 0.99992004
0.99993167 0.00296111 -0.01130875 -0.00295991 0.99999561 0.00012231 0.01130907 -0.00008883 0.99993605
0.99997040 -0.00124030 -0.00759297 0.00125017 0.99999838 0.00129548 0.00759135 -0.00130494 0.99997033
0.99996664 0.00684639 -0.00445391 -0.00684708 0.99997655 -0.00014038 0.00445285 0.00017088 0.99999007
0.99997395 -0.00017402 -0.00721645 0.00016558 0.99999930 -0.00117046 0.00721665 0.00116924 0.99997328
0.99997119 0.00541534 -0.00531897 -0.00543690 0.99997702 -0.00404848 0.00529692 0.00407728 0.99997766
0.99997481 0.00050560 -0.00707981 -0.00051945 0.99999795 -0.00195537 0.00707881 0.00195900 0.99997303
0.99995842 -0.00310746 -0.00857307 0.00309474 0.99999409 -0.00149624 0.00857767 0.00146964 0.99996213
0.99997318 0.00337162 -0.00650126 -0.00336261 0.99999337 0.00139522 0.00650592 -0.00137332 0.99997789
0.99995676 0.00214846 -0.00904813 -0.00215142 0.99999764 -0.00031769 0.00904743 0.00033714 0.99995901
0.99996310 0.00180820 -0.00839791 -0.00182344 0.99999671 -0.00180664 0.00839462 0.00182189 0.99996310
0.99997837 -0.00129502 -0.00644793 0.00129354 0.99999914 -0.00023454 0.00644823 0.00022620 0.99997918
0.99998015 -0.00229613 -0.00586793 0.00229786 0.99999732 0.00028708 0.00586726 -0.00030056 0.99998274
0.99997989 -0.00022849 -0.00633808 0.00022849 0.99999997 -0.00000041 0.00633808 -0.00000103 0.99997991
0.99998369 -0.00289535 -0.00492325 0.00288774 0.99999462 -0.00155328 0.00492772 0.00153904 0.99998667
0.99997723 -0.00114116 -0.00665183 0.00111906 0.99999385 -0.00332399 0.00665558 0.00331648 0.99997235
0.99998159 -0.00312995 -0.00519875 0.00312532 0.99999471 -0.00089897 0.00520154 0.00088271 0.99998608
0.99995222 -0.00482631 -0.00850106 0.00482162 0.99998821 -0.00057216 0.00850373 0.00053114 0.99996370
0.99993101 -0.00535093 -0.01045635 0.00534565 0.99998557 -0.00053229 0.01045904 0.00047636 0.99994519
0.99992871 -0.00311219 -0.01152796 0.00312747 0.99999425 0.00130771 0.01152382 -0.00134367 0.99993270
0.99993037 -0.00237961 -0.01155794 0.00240269 0.99999515 0.00198338 0.01155317 -0.00201102 0.99993124
0.99996203 -0.00197957 -0.00848635 0.00198357 0.99999793 0.00046347 0.00848542 -0.00048029 0.99996388
0.99994039 0.00083168 -0.01088659 -0.00085150 0.99999799 -0.00181565 0.01088505 0.00182481 0.99993909
0.99993288 -0.00141868 -0.01149904 0.00140497 0.99999829 -0.00120021 0.01150072 0.00118398 0.99993316
0.99995135 -0.00235137 -0.00957917 0.00235182 0.99999723 0.00003614 0.00957905 -0.00005867 0.99995412
0.99990258 -0.00680517 -0.01218688 0.00682051 0.99997600 0.00121787 0.01217830 -0.00130087 0.99992500
0.99992120 -0.00305963 -0.01217531 0.00309346 0.99999141 0.00276033 0.01216676 -0.00279777 0.99992207
0.99993166 -0.00060618 -0.01167509 0.00060828 0.99999980 0.00017667 0.01167498 -0.00018375 0.99993183
0.99993782 0.00088451 -0.01111675 -0.00090096 0.99999851 -0.00147460 0.01111543 0.00148453 0.99993712
0.99993273 0.00092385 -0.01156173 -0.00093378 0.99999920 -0.00085373 0.01156093 0.00086447 0.99993280
0.99989395 -0.00431863 -0.01390835 0.00429588 0.99998939 -0.00166508 0.01391539 0.00160515 0.99990189
0.99994429 -0.00110771 -0.01049750 0.00110461 0.99999934 -0.00030196 0.01049782 0.00029035 0.99994485
0.99995093 0.00011022 -0.00990539 -0.00008037 0.99999546 0.00301377 0.00990567 -0.00301283 0.99994640
0.99996106 -0.00040295 -0.00881579 0.00042315 0.99999729 0.00228965 0.00881485 -0.00229329 0.99995852
0.99997266 -0.00105067 -0.00731948 0.00105201 0.99999943 0.00017800 0.00731928 -0.00018570 0.99997320
0.99996295 -0.00167347 -0.00844360 0.00164981 0.99999469 -0.00280911 0.00844826 0.00279507 0.99996041
0.99996536 -0.00315963 -0.00770044 0.00314307 0.99999272 -0.00216192 0.00770722 0.00213764 0.99996801
0.99995337 -0.00317778 -0.00911973 0.00316404 0.99999384 -0.00152035 0.00912450 0.00149142 0.99995726
0.99997969 -0.00231097 -0.00593928 0.00229621 0.99999426 -0.00249123 0.00594500 0.00247754 0.99997926
0.99998921 -0.00210096 -0.00414357 0.00210433 0.99999746 0.00080939 0.00414186 -0.00081810 0.99999109
0.99999067 -0.00195291 -0.00385287 0.00196876 0.99998959 0.00411553 0.00384479 -0.00412308 0.99998411
0.99997073 -0.00479027 -0.00596644 0.00482102 0.99997512 0.00514946 0.00594162 -0.00517807 0.99996894
0.99997669 -0.00576807 -0.00365478 0.00577542 0.99998132 0.00200298 0.00364316 -0.00202404 0.99999132
0.99999334 -0.00193585 -0.00309401 0.00193796 0.99999789 0.00067938 0.00309269 -0.00068537 0.99999498
0.99999857 -0.00168476 -0.00012835 0.00168510 0.99999511 0.00263469 0.00012391 -0.00263490 0.99999652
0.99999666 -0.00177814 -0.00187306 0.00178188 0.99999642 0.00199404 0.00186951 -0.00199738 0.99999626
0.99998902 -0.00468610 0.00002357 0.00468612 0.99998827 -0.00122581 -0.00001782 0.00122591 0.99999925
0.99999106 -0.00342322 0.00248138 0.00342404 0.99999408 -0.00032816 -0.00248025 0.00033665 0.99999687
0.99999133 -0.00354851 -0.00217704 0.00355413 0.99999034 0.00258466 0.00216784 -0.00259238 0.99999429
0.99999731 -0.00185970 -0.00138650 0.00186236 0.99999643 0.00191667 0.00138293 -0.00191925 0.99999720
0.99999927 -0.00071112 -0.00097616 0.00071184 0.99999947 0.00073937 0.00097563 -0.00074006 0.99999925
0.99999476 -0.00270696 -0.00177440 0.00270501 0.99999574 -0.00109820 0.00177736 0.00109339 0.99999782
0.99999896 -0.00143761 -0.00014841 0.00143720 0.99999529 -0.00271153 0.00015231 0.00271132 0.99999631
0.99999980 0.00021944 0.00059231 -0.00021884 0.99999946 -0.00101922 -0.00059254 0.00101909 0.99999931
0.99999266 0.00305921 0.00230563 -0.00305802 0.99999519 -0.00052030 -0.00230722 0.00051325 0.99999721
0.99998795 0.00236180 0.00430420 -0.00235631 0.99999640 -0.00128190 -0.00430721 0.00127174 0.99998992
0.99997420 0.00242750 0.00676033 -0.00243212 0.99999681 0.00067483 -0.00675867 -0.00069126 0.99997692
0.99997024 0.00051627 0.00769742 -0.00051398 0.99999982 -0.00029875 -0.00769757 0.00029478 0.99997033
0.99993850 0.00128814 0.01101543 -0.00131524 0.99999613 0.00245348 -0.01101223 -0.00246781 0.99993632
0.99996013 0.00116374 0.00885363 -0.00117734 0.99999813 0.00153143 -0.00885183 -0.00154179 0.99995963
0.99995502 -0.00004239 0.00948462 0.00003690 0.99999983 0.00057996 -0.00948464 -0.00057959 0.99995485
0.99997258 0.00082549 0.00735962 -0.00081606 0.99999884 -0.00128389 -0.00736067 0.00127785 0.99997209
0.99992285 0.00022587 0.01241924 -0.00019798 0.99999746 -0.00224675 -0.01241971 0.00224412 0.99992035
0.99998998 0.00304537 0.00327978 -0.00303746 0.99999247 -0.00241450 -0.00328711 0.00240451 0.99999171
0.99998697 0.00072540 0.00505365 -0.00070932 0.99999469 -0.00318223 -0.00505593 0.00317860 0.99998217
0.99983781 0.00229394 0.01786331 -0.00234015 0.99999397 0.00256615 -0.01785731 -0.00260753 0.99983715
0.99989467 0.00268843 0.01426257 -0.00271982 0.99999392 0.00218192 -0.01425661 -0.00222048 0.99989590
0.99977639 0.00111825 0.02111698 -0.00117553 0.99999566 0.00269998 -0.02111387 -0.00272420 0.99977337
0.99988913 -0.00007128 0.01489060 0.00007113 1.00000000 0.00001126 -0.01489060 -0.00001020 0.99988913
0.99994333 0.00096205 0.01060231 -0.00095709 0.99999943 -0.00047285 -0.01060276 0.00046267 0.99994368
0.99993224 0.00106960 0.01159157 -0.00105107 0.99999816 -0.00160386 -0.01159326 0.00159157 0.99993153
0.99987311 -0.00145770 0.01586327 0.00148137 0.99999781 -0.00148049 -0.01586108 0.00150380 0.99987307
0.99984588 0.00085218 0.01753548 -0.00085198 0.99999964 -0.00001919 -0.01753549 0.00000424 0.99984624
0.99993720 0.00288578 0.01082910 -0.00289894 0.99999508 0.00119972 -0.01082558 -0.00123104 0.99994064
0.99990471 0.00029951 0.01380165 -0.00034149 0.99999532 0.00303938 -0.01380068 -0.00304381 0.99990013
0.99993437 0.00240082 0.01120252 -0.00241745 0.99999600 0.00147146 -0.01119894 -0.00149845 0.99993617
0.99991079 -0.00018441 0.01335618 0.00021061 0.99999806 -0.00196045 -0.01335579 0.00196309 0.99990888
0.99992416 0.00224118 0.01211033 -0.00222222 0.99999628 -0.00157889 -0.01211382 0.00155186 0.99992542
0.99990383 0.00037260 0.01386316 -0.00037106 0.99999992 -0.00011329 -0.01386320 0.00010814 0.99990390
0.99994708 0.00092465 0.01024624 -0.00093412 0.99999914 0.00091960 -0.01024538 -0.00092912 0.99994708
0.99992847 0.00151160 0.01186489 -0.00155211 0.99999300 0.00340543 -0.01185966 -0.00342361 0.99992381
0.99994823 0.00069131 0.01015174 -0.00069263 0.99999975 0.00012598 -0.01015165 -0.00013300 0.99994846
0.99994431 0.00048665 0.01054211 -0.00048165 0.99999977 -0.00047679 -0.01054234 0.00047169 0.99994432
0.99994160 0.00166474 0.01067851 -0.00167246 0.99999835 0.00071422 -0.01067730 -0.00073204 0.99994273
0.99998199 0.00018942 0.00599810 -0.00020035 0.99999832 0.00182178 -0.00599775 -0.00182295 0.99998035
0.99995283 0.00202242 0.00949939 -0.00204787 0.99999434 0.00267056 -0.00949393 -0.00268988 0.99995131
0.99995369 0.00159758 0.00949059 -0.00160334 0.99999853 0.00059968 -0.00948962 -0.00061487 0.99995478
0.99996164 0.00137165 0.00865099 -0.00137270 0.99999905 0.00011444 -0.00865082 -0.00012631 0.99996257
0.99992862 0.00307137 0.01154610 -0.00308240 0.99999481 0.00093765 -0.01154316 -0.00097317 0.99993290
0.99991189 0.00050926 0.01326472 -0.00054368 0.99999649 0.00259176 -0.01326335 -0.00259874 0.99990866
0.99986965 0.00306790 0.01585138 -0.00311954 0.99998991 0.00323387 -0.01584130 -0.00328289 0.99986913
0.99987970 0.00200827 0.01538038 -0.00201660 0.99999783 0.00052647 -0.01537929 -0.00055743 0.99988158
0.99989575 0.00198137 0.01430257 -0.00196865 0.99999765 -0.00090319 -0.01430433 0.00087494 0.99989731
0.99985393 0.00051292 0.01708357 -0.00047483 0.99999739 -0.00223381 -0.01708467 0.00222537 0.99985157
0.99984841 0.00228405 0.01726116 -0.00229639 0.99999712 0.00069530 -0.01725953 -0.00073484 0.99985077
0.99986675 0.00073918 0.01630769 -0.00075998 0.99999891 0.00126880 -0.01630673 -0.00128102 0.99986622
0.99985097 0.00108081 0.01723004 -0.00112871 0.99999552 0.00277061 -0.01722697 -0.00278965 0.99984771
0.99987944 -0.00093564 0.01549935 0.00089030 0.99999531 0.00293166 -0.01550202 -0.00291751 0.99987558
0.99985612 0.00001463 0.01696300 -0.00006645 0.99999533 0.00305448 -0.01696288 -0.00305517 0.99985145
0.99990451 -0.00016606 0.01381829 0.00013971 0.99999817 0.00190803 -0.01381858 -0.00190592 0.99990270
0.99991516 -0.00125532 0.01296504 0.00123751 0.99999828 0.00138164 -0.01296675 -0.00136548 0.99991500
0.99992938 0.00028864 0.01188090 -0.00028871 0.99999996 0.00000374 -0.01188090 -0.00000717 0.99992942
0.99992524 0.00122806 0.01216586 -0.00122882 0.99999924 0.00005514 -0.01216578 -0.00007008 0.99992599
0.99993035 0.00254258 0.01152544 -0.00255333 0.99999632 0.00091799 -0.01152306 -0.00094736 0.99993316
0.99993015 0.00077620 0.01179367 -0.00077766 0.99999969 0.00011920 -0.01179358 -0.00012836 0.99993045
0.99993159 -0.00122790 0.01163215 0.00123270 0.99999916 -0.00040573 -0.01163164 0.00042004 0.99993226
0.99995032 -0.00113169 0.00990305 0.00114723 0.99999812 -0.00156379 -0.00990126 0.00157508 0.99994974
0.99993400 -0.00078413 0.01146247 0.00078775 0.99999964 -0.00031113 -0.01146222 0.00032014 0.99993426
0.99996480 0.00104584 0.00832542 -0.00104966 0.99999935 0.00045482 -0.00832494 -0.00046354 0.99996524
0.99995261 0.00040616 0.00972727 -0.00044314 0.99999268 0.00380023 -0.00972566 -0.00380436 0.99994547
0.99996076 0.00321446 0.00825455 -0.00325252 0.99998412 0.00460146 -0.00823963 -0.00462812 0.99995534
0.99997326 0.00170728 0.00711152 -0.00172566 0.99999519 0.00257857 -0.00710709 -0.00259077 0.99997139
0.99996999 0.00199310 0.00748638 -0.00200992 0.99999547 0.00223995 -0.00748189 -0.00225493 0.99996947
0.99996865 0.00057294 0.00789695 -0.00058878 0.99999782 0.00200404 -0.00789578 -0.00200862 0.99996681
0.99999127 -0.00061004 0.00413433 0.00060085 0.99999735 0.00222203 -0.00413568 -0.00221952 0.99998898
0.99996482 -0.00013793 0.00838713 0.00011709 0.99999690 0.00248619 -0.00838745 -0.00248512 0.99996174
0.99996697 -0.00071394 0.00809658 0.00070681 0.99999936 0.00088331 -0.00809721 -0.00087755 0.99996683
0.99996851 -0.00260841 0.00749474 0.00261226 0.99999646 -0.00050291 -0.00749341 0.00052247 0.99997179
0.99994888 -0.00236549 0.00983112 0.00237085 0.99999705 -0.00053298 -0.00982983 0.00055626 0.99995153
0.99994604 -0.00085070 0.01035301 0.00086335 0.99999889 -0.00121801 -0.01035197 0.00122688 0.99994566
0.99993174 0.00002119 0.01168412 0.00000061 0.99999826 -0.00186550 -0.01168414 0.00186538 0.99993000
0.99988762 0.00234273 0.01480758 -0.00233120 0.99999697 -0.00079542 -0.01480940 0.00076082 0.99989005
0.99985394 0.00313978 0.01679987 -0.00315942 0.99999436 0.00114271 -0.01679619 -0.00119562 0.99985822
0.99980847 0.00209807 0.01945836 -0.00215658 0.99999322 0.00298638 -0.01945196 -0.00302777 0.99980621
0.99977664 0.00287918 0.02093760 -0.00291704 0.99999416 0.00177807 -0.02093236 -0.00183875 0.99977920
0.99978786 0.00087269 0.02057869 -0.00088894 0.99999930 0.00078054 -0.02057800 -0.00079866 0.99978793
0.99973546 -0.00026126 0.02299884 0.00024459 0.99999971 0.00072736 -0.02299902 -0.00072154 0.99973523
0.99975036 0.00034459 0.02234033 -0.00040521 0.99999625 0.00270929 -0.02233931 -0.00271766 0.99974675
0.99974230 0.00163676 0.02264207 -0.00171731 0.99999226 0.00353848 -0.02263611 -0.00357645 0.99973737
0.99970544 0.00053331 0.02426397 -0.00064643 0.99998896 0.00465483 -0.02426122 -0.00466915 0.99969475
0.99975020 0.00106250 0.02232528 -0.00114268 0.99999294 0.00357897 -0.02232131 -0.00360359 0.99974435
0.99974124 0.00171315 0.02268304 -0.00171019 0.99999853 -0.00015010 -0.02268327 0.00011127 0.99974270
0.99975516 -0.00236163 0.02200078 0.00240943 0.99999479 -0.00214657 -0.02199560 0.00219906 0.99975565
0.99978335 -0.00033374 0.02081217 0.00035778 0.99999927 -0.00115143 -0.02081177 0.00115862 0.99978274
0.99978652 -0.00165736 0.02059515 0.00161291 0.99999634 0.00217438 -0.02059868 -0.00214070 0.99978553
0.99979185 0.00149940 0.02034721 -0.00154806 0.99999598 0.00237570 -0.02034357 -0.00240671 0.99979015
0.99980078 0.00115843 0.01992654 -0.00120010 0.99999712 0.00207956 -0.01992407 -0.00210306 0.99979928
0.99979392 0.00144787 0.02024902 -0.00146346 0.99999864 0.00075519 -0.02024790 -0.00078466 0.99979468
0.99974100 -0.00004328 0.02275827 0.00004317 1.00000000 0.00000494 -0.02275827 -0.00000396 0.99974100
0.99974648 0.00426087 0.02210916 -0.00425160 0.99999085 -0.00046619 -0.02211095 0.00037208 0.99975545
0.99978999 0.00076696 0.02047901 -0.00073705 0.99999865 -0.00146777 -0.02048011 0.00145237 0.99978921
0.99979025 0.00035871 0.02047733 -0.00032069 0.99999822 -0.00185988 -0.02047796 0.00185293 0.99978859
0.99983892 0.00085009 0.01792822 -0.00082355 0.99999855 -0.00148771 -0.01792946 0.00147271 0.99983817
0.99981380 0.00036839 0.01929302 -0.00034773 0.99999936 -0.00107410 -0.01929340 0.00106719 0.99981330
0.99981960 -0.00042387 0.01898905 0.00047013 0.99999693 -0.00243189 -0.01898796 0.00244037 0.99981673
0.99982218 0.00183341 0.01876832 -0.00175717 0.99999014 -0.00407781 -0.01877561 0.00404411 0.99981554
0.99977776 0.00037541 0.02107835 -0.00021812 0.99997212 -0.00746431 -0.02108056 0.00745806 0.99974996
0.99987276 0.00092286 0.01592533 -0.00084733 0.99998837 -0.00474875 -0.01592953 0.00473465 0.99986191
0.99983340 0.00293827 0.01801510 -0.00286938 0.99998848 -0.00384839 -0.01802620 0.00379605 0.99983031
0.99984580 0.00159649 0.01748766 -0.00155877 0.99999643 -0.00217026 -0.01749106 0.00214267 0.99984472
0.99983931 -0.00109707 0.01789275 0.00108550 0.99999920 0.00065591 -0.01789345 -0.00063638 0.99983970
0.99987291 -0.00098312 0.01591210 0.00097911 0.99999949 0.00025984 -0.01591234 -0.00024423 0.99987336
0.99986811 -0.00169784 0.01615182 0.00177084 0.99998828 -0.00450659 -0.01614397 0.00453460 0.99985939
0.99986507 0.00049687 0.01641958 -0.00043855 0.99999358 -0.00355530 -0.01642124 0.00354762 0.99985887
0.99984517 0.00253749 0.01741260 -0.00254742 0.99999661 0.00054821 -0.01741114 -0.00059248 0.99984824
0.99983455 0.00290424 0.01795674 -0.00292020 0.99999536 0.00086279 -0.01795415 -0.00091509 0.99983839
0.99981470 0.00334196 0.01895765 -0.00329251 0.99999110 -0.00263918 -0.01896630 0.00257628 0.99981680
0.99983335 -0.00098907 0.01822912 0.00105611 0.99999271 -0.00366812 -0.01822536 0.00368676 0.99982711
0.99984944 0.00050908 0.01734479 -0.00047685 0.99999815 -0.00186187 -0.01734570 0.00185332 0.99984783
0.99979255 -0.00159902 0.02030514 0.00171569 0.99998211 -0.00572970 -0.02029562 0.00576335 0.99977741
0.99977804 0.00168906 0.02100061 -0.00157737 0.99998453 -0.00533370 -0.02100929 0.00529939 0.99976524
0.99971937 0.00285413 0.02351673 -0.00278491 0.99999170 -0.00297554 -0.02352503 0.00290922 0.99971902
0.99963499 0.00254698 0.02689597 -0.00255418 0.99999671 0.00023331 -0.02689528 -0.00030193 0.99963821
0.99960795 0.00450304 0.02763467 -0.00447054 0.99998924 -0.00123769 -0.02763994 0.00111366 0.99961732
0.99959443 0.00375279 0.02822940 -0.00368257 0.99999000 -0.00253909 -0.02823864 0.00243410 0.99959825
0.99959866 0.00273808 0.02819620 -0.00266810 0.99999327 -0.00251950 -0.02820291 0.00244326 0.99959923
0.99957416 0.00108780 0.02916013 -0.00106184 0.99999903 -0.00090590 -0.02916109 0.00087455 0.99957434
0.99958452 0.00159247 0.02877935 -0.00155648 0.99999798 -0.00127279 -0.02878132 0.00122747 0.99958498
0.99967195 -0.00106691 0.02559021 0.00115964 0.99999281 -0.00360927 -0.02558617 0.00363776 0.99966600
0.99963226 0.00025038 0.02711614 -0.00013303 0.99999062 -0.00432951 -0.02711697 0.00432431 0.99962291
0.99972548 -0.00004009 0.02342996 0.00010331 0.99999636 -0.00269677 -0.02342976 0.00269845 0.99972184
0.99970655 0.00018476 0.02422341 -0.00012528 0.99999697 -0.00245709 -0.02422379 0.00245334 0.99970355
0.99971568 -0.00014688 0.02384388 0.00016664 0.99999964 -0.00082674 -0.02384375 0.00083048 0.99971535
0.99973878 -0.00036881 0.02285242 0.00040470 0.99999869 -0.00156625 -0.02285181 0.00157509 0.99973762
0.99972899 -0.00021625 0.02327887 0.00027683 0.99999658 -0.00259910 -0.02327823 0.00260484 0.99972563
0.99977385 0.00064011 0.02125645 -0.00054359 0.99998952 -0.00454629 -0.02125913 0.00453370 0.99976372
0.99981529 -0.00096160 0.01919523 0.00106115 0.99998604 -0.00517698 -0.01918998 0.00519640 0.99980235
0.99982059 0.00053182 0.01893425 -0.00050025 0.99999848 -0.00167176 -0.01893511 0.00166199 0.99981933
0.99979514 0.00111600 0.02020972 -0.00110690 0.99999928 -0.00046160 -0.02021022 0.00043914 0.99979566
0.99972217 0.00362507 0.02329059 -0.00362782 0.99999342 0.00007570 -0.02329016 -0.00016017 0.99972873
0.99975607 0.00444716 0.02163376 -0.00449555 0.99998750 0.00218861 -0.02162375 -0.00228533 0.99976357
0.99973423 0.00354357 0.02277958 -0.00358308 0.99999215 0.00169398 -0.02277340 -0.00177515 0.99973908
0.99974734 0.00359120 0.02218910 -0.00360070 0.99999344 0.00038821 -0.02218756 -0.00046801 0.99975372
0.99976912 0.00258116 0.02133178 -0.00254179 0.99999502 -0.00187275 -0.02133651 0.00181809 0.99977070
0.99976259 0.00405917 0.02140752 -0.00402452 0.99999052 -0.00166135 -0.02141406 0.00157480 0.99976945
0.99974092 0.00221458 0.02265372 -0.00224069 0.99999685 0.00112711 -0.02265115 -0.00117758 0.99974274
0.99971406 0.00241837 0.02378961 -0.00246761 0.99999487 0.00204067 -0.02378455 -0.00209879 0.99971490
0.99970564 0.00244898 0.02413788 -0.00252665 0.99999173 0.00318765 -0.02412987 -0.00324770 0.99970356
0.99969246 0.00269099 0.02465254 -0.00276556 0.99999170 0.00299123 -0.02464428 -0.00305849 0.99969160
0.99971805 -0.00026743 0.02374356 0.00022870 0.99999864 0.00163396 -0.02374396 -0.00162807 0.99971675
0.99971190 0.00175642 0.02393794 -0.00177602 0.99999810 0.00079762 -0.02393650 -0.00083990 0.99971313
0.99972983 -0.00020385 0.02324256 0.00018853 0.99999976 0.00066117 -0.02324269 -0.00065661 0.99972964
0.99972130 0.00035713 0.02360502 -0.00035091 0.99999990 -0.00026757 -0.02360512 0.00025921 0.99972133
0.99971274 -0.00246182 0.02384065 0.00248452 0.99999649 -0.00092240 -0.02383830 0.00098137 0.99971535
0.99976225 -0.00020078 0.02180360 0.00016166 0.99999837 0.00179581 -0.02180393 -0.00179186 0.99976066
0.99974876 0.00135169 0.02237377 -0.00136141 0.99999899 0.00041945 -0.02237318 -0.00044981 0.99974959
0.99974198 0.00332537 0.02247034 -0.00323237 0.99998607 -0.00417358 -0.02248390 0.00409987 0.99973880
0.99980259 0.00230802 0.01973441 -0.00212715 0.99995559 -0.00918132 -0.01975472 0.00913753 0.99976310
0.99978498 0.00450178 0.02024152 -0.00436768 0.99996825 -0.00666435 -0.02027087 0.00657451 0.99977291
0.99976572 0.00581234 0.02084998 -0.00576169 0.99998031 -0.00248836 -0.02086403 0.00236765 0.99977952
0.99976443 0.00378916 0.02137125 -0.00377152 0.99999251 -0.00086569 -0.02137437 0.00078488 0.99977123
0.99979961 0.00543838 0.01926543 -0.00546621 0.99998409 0.00139205 -0.01925756 -0.00149708 0.99981344
0.99981398 0.00346447 0.01897399 -0.00346856 0.99999397 0.00018248 -0.01897325 -0.00024826 0.99981996
0.99981602 0.00188668 0.01908855 -0.00192205 0.99999647 0.00183460 -0.01908502 -0.00187096 0.99981611
0.99982910 0.00159316 0.01841831 -0.00160547 0.99999850 0.00065381 -0.01841724 -0.00068326 0.99983015
0.99983046 0.00093921 0.01838927 -0.00092147 0.99999910 -0.00097331 -0.01839017 0.00095620 0.99983043
0.99980338 0.00666398 0.01867609 -0.00662434 0.99997567 -0.00218380 -0.01869019 0.00205966 0.99982320
0.99984052 0.00119417 0.01781898 -0.00117331 0.99999861 -0.00118113 -0.01782037 0.00116003 0.99984053
0.99983673 0.00269257 0.01786797 -0.00274418 0.99999213 0.00286426 -0.01786012 -0.00291283 0.99983625
0.99988672 -0.00104447 0.01501495 0.00096716 0.99998624 0.00515560 -0.01502013 -0.00514049 0.99987398
0.99990187 0.00057953 0.01399671 -0.00063117 0.99999301 0.00368536 -0.01399448 -0.00369383 0.99989525
0.99994174 -0.00094610 0.01075317 0.00092174 0.99999700 0.00226994 -0.01075529 -0.00225990 0.99993961
0.99993836 0.00096311 0.01106080 -0.00096304 0.99999954 -0.00001222 -0.01106080 0.00000157 0.99993883
0.99996347 0.00099766 0.00848897 -0.00097830 0.99999691 -0.00228463 -0.00849123 0.00227624 0.99996136
0.99998521 0.00066624 0.00539854 -0.00065569 0.99999787 -0.00195518 -0.00539983 0.00195161 0.99998352
0.99998304 0.00167611 0.00557709 -0.00165117 0.99998862 -0.00447487 -0.00558453 0.00446559 0.99997444
0.99998779 -0.00070660 0.00488990 0.00074665 0.99996615 -0.00819415 -0.00488395 0.00819770 0.99995447
0.99999548 0.00175314 0.00244273 -0.00174806 0.99999631 -0.00207883 -0.00244636 0.00207455 0.99999486
0.99998599 0.00124933 0.00514286 -0.00129559 0.99995865 0.00900164 -0.00513141 -0.00900817 0.99994626
0.99998830 0.00155320 0.00458138 -0.00159619 0.99995459 0.00939505 -0.00456658 -0.00940225 0.99994537
0.99999887 -0.00079256 0.00127565 0.00078758 0.99999208 0.00390133 -0.00127873 -0.00390032 0.99999158
0.99999971 0.00071594 -0.00026112 -0.00071645 0.99999783 -0.00195669 0.00025972 0.00195688 0.99999805
0.99999864 -0.00152487 -0.00062406 0.00152273 0.99999300 -0.00341701 0.00062926 0.00341605 0.99999397
0.99999707 0.00201583 -0.00134220 -0.00201837 0.99999616 -0.00190004 0.00133837 0.00190274 0.99999729
0.99999375 0.00210710 -0.00283971 -0.00211152 0.99999656 -0.00155429 0.00283642 0.00156028 0.99999476
0.99999843 0.00097754 -0.00147992 -0.00097928 0.99999883 -0.00117697 0.00147877 0.00117841 0.99999821
0.99998894 0.00255786 -0.00394561 -0.00256171 0.99999625 -0.00097150 0.00394311 0.00098160 0.99999174
0.99997905 -0.00047050 -0.00645575 0.00045720 0.99999777 -0.00206219 0.00645671 0.00205919 0.99997704
0.99997742 -0.00000150 -0.00672011 0.00001042 0.99999912 0.00132710 0.00672010 -0.00132714 0.99997654
0.99997542 -0.00205258 -0.00670374 0.00206007 0.99999726 0.00111053 0.00670144 -0.00112432 0.99997691
0.99996099 -0.00304776 -0.00829076 0.00304623 0.99999534 -0.00019691 0.00829133 0.00017165 0.99996561
0.99997443 -0.00195560 -0.00687794 0.00195257 0.99999799 -0.00044818 0.00687881 0.00043474 0.99997625
0.99997371 -0.00081297 -0.00720592 0.00081573 0.99999960 0.00038005 0.00720561 -0.00038592 0.99997396
0.99997511 0.00036447 -0.00704566 -0.00035652 0.99999930 0.00112849 0.00704606 -0.00112595 0.99997454
0.99997749 0.00031179 -0.00670203 -0.00029902 0.99999814 0.00190762 0.00670262 -0.00190557 0.99997572
0.99997959 0.00037297 -0.00637800 -0.00036303 0.99999872 0.00156073 0.00637857 -0.00155838 0.99997844
0.99997894 -0.00065921 -0.00645671 0.00065400 0.99999946 -0.00080780 0.00645724 0.00080356 0.99997883
0.99996962 -0.00268697 -0.00731651 0.00267889 0.99999579 -0.00111327 0.00731947 0.00109364 0.99997261
0.99997556 0.00038576 -0.00698031 -0.00039949 0.99999799 -0.00196567 0.00697954 0.00196841 0.99997371
0.99997358 0.00282379 -0.00669769 -0.00283568 0.99999442 -0.00176687 0.00669266 0.00178582 0.99997601
0.99997451 0.00139017 -0.00700357 -0.00139426 0.99999886 -0.00057988 0.00700276 0.00058963 0.99997531
0.99997758 0.00025704 -0.00669140 -0.00025373 0.99999984 0.00049574 0.00669153 -0.00049403 0.99997749
0.99998212 0.00110127 -0.00587756 -0.00108841 0.99999701 0.00219111 0.00587995 -0.00218468 0.99998033
0.99998451 0.00066854 -0.00552646 -0.00066283 0.99999924 0.00103483 0.00552715 -0.00103115 0.99998419
0.99998240 0.00005189 -0.00593278 -0.00005220 1.00000000 -0.00005196 0.00593278 0.00005227 0.99998240
0.99997094 -0.00104263 -0.00755140 0.00103434 0.99999886 -0.00110185 0.00755254 0.00109400 0.99997088
0.99996734 -0.00402715 -0.00700765 0.00402491 0.99999184 -0.00033327 0.00700893 0.00030506 0.99997539
0.99995129 -0.00299132 -0.00940530 0.00297676 0.99999435 -0.00156171 0.00940992 0.00153364 0.99995455
0.99995320 -0.00020470 -0.00967280 0.00018210 0.99999725 -0.00233762 0.00967325 0.00233575 0.99995048
0.99995854 -0.00002188 -0.00910605 0.00000633 0.99999854 -0.00170721 0.00910608 0.00170708 0.99995708
0.99995697 0.00151050 -0.00915326 -0.00149828 0.99999798 0.00134221 0.00915527 -0.00132843 0.99995721
0.99998602 0.00174843 -0.00499030 -0.00173774 0.99999619 0.00214583 0.00499404 -0.00213712 0.99998525
0.99999263 0.00129034 -0.00361716 -0.00128964 0.99999915 0.00019715 0.00361741 -0.00019248 0.99999344
0.99998918 -0.00199905 -0.00420033 0.00199875 0.99999800 -0.00007589 0.00420047 0.00006749 0.99999118
0.99999382 -0.00027531 -0.00350579 0.00026905 0.99999837 -0.00178806 0.00350628 0.00178710 0.99999226
0.99999299 -0.00180270 -0.00328230 0.00180132 0.99999829 -0.00042235 0.00328306 0.00041644 0.99999452
0.99998758 -0.00342603 -0.00361989 0.00342697 0.99999410 0.00025516 0.00361899 -0.00026756 0.99999342
0.99999597 -0.00080464 -0.00272190 0.00080184 0.99999915 -0.00102724 0.00272272 0.00102505 0.99999577
0.99999207 -0.00069269 -0.00392107 0.00069034 0.99999958 -0.00060164 0.00392149 0.00059893 0.99999213
0.99999432 -0.00028461 -0.00335761 0.00029027 0.99999854 0.00168691 0.00335712 -0.00168787 0.99999294
0.99999302 -0.00270590 -0.00257604 0.00271450 0.99999074 0.00334067 0.00256698 -0.00334764 0.99999110
0.99999149 0.00064153 -0.00407491 -0.00063988 0.99999971 0.00040521 0.00407517 -0.00040260 0.99999162
0.99998530 -0.00133076 -0.00525694 0.00131908 0.99999666 -0.00222450 0.00525988 0.00221754 0.99998371
0.99998128 -0.00103947 -0.00602964 0.00102216 0.99999535 -0.00287319 0.00603260 0.00286698 0.99997769
0.99999055 -0.00090840 -0.00425039 0.00091237 0.99999915 0.00093232 0.00424953 -0.00093619 0.99999053
0.99998483 -0.00086716 -0.00543940 0.00087406 0.99999882 0.00126623 0.00543829 -0.00127096 0.99998440
0.99996994 -0.00202582 -0.00748402 0.00203860 0.99999648 0.00170094 0.00748055 -0.00171615 0.99997055
0.99995066 -0.00376714 -0.00919150 0.00375370 0.99999186 -0.00147872 0.00919699 0.00144414 0.99995666
0.99992513 -0.00403117 -0.01155391 0.00402310 0.99999165 -0.00072126 0.01155673 0.00067472 0.99993299
0.99992187 -0.00335681 -0.01204081 0.00334425 0.99999384 -0.00106336 0.01204430 0.00102300 0.99992694
0.99994728 -0.00024586 -0.01026564 0.00028363 0.99999319 0.00367886 0.01026466 -0.00368158 0.99994054
0.99993648 -0.00121664 -0.01120542 0.00121953 0.99999922 0.00025096 0.01120510 -0.00026461 0.99993719
0.99994057 0.00440387 -0.00997269 -0.00441952 0.99998904 -0.00154746 0.00996577 0.00159145 0.99994907
0.99993534 -0.00076256 -0.01134585 0.00073676 0.99999713 -0.00227804 0.01134755 0.00226953 0.99993304
0.99994297 0.00182898 -0.01052162 -0.00183678 0.99999805 -0.00073186 0.01052026 0.00075114 0.99994438
0.99994067 0.00093154 -0.01085272 -0.00092704 0.99999948 0.00041933 0.01085310 -0.00040924 0.99994102
0.99994608 -0.00053310 -0.01037095 0.00054840 0.99999877 0.00147208 0.01037015 -0.00147769 0.99994514
0.99995667 -0.00029703 -0.00930465 0.00030935 0.99999908 0.00132263 0.00930425 -0.00132545 0.99995584
0.99996137 -0.00104665 -0.00872702 0.00105628 0.99999884 0.00109854 0.00872586 -0.00110771 0.99996132
0.99996535 0.00054976 -0.00830597 -0.00053610 0.99999850 0.00164739 0.00830686 -0.00164288 0.99996415
0.99997511 0.00015481 -0.00705402 -0.00015094 0.99999984 0.00054854 0.00705410 -0.00054746 0.99997497
0.99997011 -0.00110902 -0.00765163 0.00110403 0.99999917 -0.00065669 0.00765235 0.00064822 0.99997051
0.99997117 0.00178161 -0.00738155 -0.00179744 0.99999610 -0.00213783 0.00737772 0.00215104 0.99997047
0.99996161 -0.00068212 -0.00873593 0.00068631 0.99999965 0.00047635 0.00873560 -0.00048233 0.99996173
0.99996519 -0.00061413 -0.00832163 0.00061842 0.99999968 0.00051282 0.00832131 -0.00051795 0.99996524
0.99996212 0.00177280 -0.00852120 -0.00175267 0.99999566 0.00236929 0.00852536 -0.00235427 0.99996089
0.99996595 -0.00092160 -0.00819997 0.00094448 0.99999567 0.00278596 0.00819737 -0.00279361 0.99996250
0.99995941 -0.00098013 -0.00895662 0.00100957 0.99999410 0.00328243 0.00895335 -0.00329134 0.99995450
0.99996097 0.00261104 -0.00844044 -0.00260357 0.99999621 0.00089592 0.00844275 -0.00087391 0.99996398
0.99993462 -0.00075470 -0.01140981 0.00075274 0.99999970 -0.00017572 0.01140993 0.00016712 0.99993489
0.99996720 0.00138850 -0.00797967 -0.00138009 0.99999849 0.00105869 0.00798113 -0.00104764 0.99996760
0.99994041 0.00043159 -0.01090803 -0.00043202 0.99999991 -0.00003752 0.01090802 0.00004223 0.99994050
0.99997272 0.00046681 -0.00737184 -0.00046459 0.99999985 0.00030358 0.00737198 -0.00030015 0.99997278
0.99995068 -0.00150103 -0.00981799 0.00150753 0.99999865 0.00065433 0.00981700 -0.00066910 0.99995159
