1.00000000 0.00000000 0.00000000 0.00000000 1.00000000 0.00000000 0.00000000 0.00000000 1.00000000
0.99997787 -0.00229853 0.00624314 0.00229893 0.99999736 -0.00005646 -0.00624299 0.00007081 0.99998051
0.99999779 -0.00204954 0.00046094 0.00205031 0.99999646 -0.00169472 -0.00045746 0.00169566 0.99999846
0.99999481 -0.00205305 -0.00248433 0.00204651 0.99999444 -0.00263260 0.00248972 0.00262750 0.99999345
0.99997381 -0.00061910 -0.00721038 0.00061508 0.99999965 -0.00056041 0.00721072 0.00055596 0.99997385
0.99990636 -0.00000754 -0.01368445 -0.00000585 0.99999952 -0.00097882 0.01368445 0.00097881 0.99990588
0.99983632 0.00119516 -0.01805295 -0.00120432 0.99999915 -0.00049632 0.01805234 0.00051798 0.99983691
0.99976534 0.00527605 -0.02100998 -0.00524477 0.99998505 0.00154372 0.02101781 -0.00143317 0.99977807
0.99978006 0.00341760 -0.02069166 -0.00345274 0.99999266 -0.00166272 0.02068582 0.00173380 0.99978452
0.99980524 0.00063755 -0.01972507 -0.00061606 0.99999921 0.00109541 0.01972575 -0.00108305 0.99980484
0.99968257 -0.00113782 -0.02516875 0.00109794 0.99999812 -0.00159811 0.02517052 0.00156997 0.99968194
0.99979844 -0.00126519 -0.02003689 0.00130115 0.99999757 0.00178151 0.02003459 -0.00180722 0.99979765
0.99983302 0.00077794 -0.01825698 -0.00073244 0.99999661 0.00249868 0.01825887 -0.00248489 0.99983021
0.99985767 0.00102092 -0.01684057 -0.00099474 0.99999828 0.00156262 0.01684213 -0.00154565 0.99985697
0.99989346 0.00034194 -0.01459297 -0.00033602 0.99999986 0.00040786 0.01459310 -0.00040291 0.99989343
0.99990049 -0.00061761 -0.01409354 0.00057890 0.99999605 -0.00275034 0.01409518 0.00274191 0.99989690
0.99994235 -0.00351441 -0.01014601 0.00351224 0.99999381 -0.00023088 0.01014676 0.00019523 0.99994850
0.99996455 0.00268572 -0.00798009 -0.00269689 0.99999540 -0.00138869 0.00797632 0.00141016 0.99996719
0.99997132 0.00146103 -0.00743147 -0.00148066 0.99999543 -0.00263555 0.00742759 0.00264647 0.99996891
0.99996205 -0.00047571 -0.00869870 0.00045232 0.99999628 -0.00269021 0.00869995 0.00268618 0.99995855
0.99996322 -0.00394224 -0.00761642 0.00392980 0.99999092 -0.00164873 0.00762285 0.00161874 0.99996964
0.99994403 -0.00668794 -0.00819835 0.00667860 0.99997702 -0.00116601 0.00820596 0.00111119 0.99996571
0.99995874 -0.00035944 -0.00907734 0.00033926 0.99999747 -0.00222463 0.00907811 0.00222146 0.99995633
0.99994774 0.00539365 -0.00868473 -0.00543863 0.99997187 -0.00516454 0.00865663 0.00521150 0.99994895
0.99994464 0.00453531 -0.00949463 -0.00456877 0.99998342 -0.00350586 0.00947858 0.00354905 0.99994878
0.99996162 -0.00050120 -0.00874724 0.00047356 0.99999489 -0.00316210 0.00874878 0.00315783 0.99995674
0.99995825 -0.00265889 -0.00874220 0.00264075 0.99999434 -0.00208581 0.00874770 0.00206264 0.99995961
0.99996579 0.00187804 -0.00805601 -0.00190124 0.99999407 -0.00287294 0.00805056 0.00288815 0.99996342
0.99995881 0.00053385 -0.00906096 -0.00055876 0.99999607 -0.00274622 0.00905945 0.00275117 0.99995518
0.99997049 0.00118337 -0.00759109 -0.00122472 0.99998443 -0.00544506 0.00758453 0.00545419 0.99995636
0.99998167 0.00031658 -0.00604701 -0.00036225 0.99997140 -0.00755413 0.00604444 0.00755618 0.99995318
0.99998701 0.00275662 -0.00428798 -0.00279069 0.99996443 -0.00795988 0.00426589 0.00797174 0.99995913
0.99998340 0.00370570 -0.00441239 -0.00374506 0.99995297 -0.00894623 0.00437903 0.00896261 0.99995025
0.99998269 0.00369165 -0.00458087 -0.00373451 0.99994901 -0.00938272 0.00454600 0.00939967 0.99994549
0.99998877 0.00305201 -0.00362489 -0.00307869 0.99996804 -0.00737804 0.00360226 0.00738911 0.99996621
0.99997586 0.00494009 -0.00488552 -0.00497433 0.99996297 -0.00702265 0.00485065 0.00704679 0.99996341
0.99998103 0.00399952 -0.00468492 -0.00402658 0.99997518 -0.00578196 0.00466168 0.00580072 0.99997231
0.99986197 0.01590773 -0.00479492 -0.01590843 0.99987345 -0.00010797 0.00479259 0.00018424 0.99998850
0.99997389 0.00466376 -0.00551930 -0.00468626 0.99998073 -0.00407065 0.00550021 0.00409641 0.99997648
0.99998366 0.00217517 -0.00528696 -0.00218663 0.99999527 -0.00216360 0.00528223 0.00217513 0.99998368
0.99997779 0.00060249 -0.00663722 -0.00060099 0.99999979 0.00022897 0.00663736 -0.00022497 0.99997795
0.99997735 0.00044065 -0.00671540 -0.00043487 0.99999953 0.00086247 0.00671578 -0.00085953 0.99997708
0.99997549 -0.00193149 -0.00672959 0.00194205 0.99999689 0.00156308 0.00672655 -0.00157611 0.99997613
0.99995415 -0.00053890 -0.00956108 0.00056160 0.99999703 0.00237200 0.00955978 -0.00237726 0.99995148
0.99995881 -0.00028140 -0.00907175 0.00032861 0.99998641 0.00520356 0.00907016 -0.00520633 0.99994531
0.99995757 0.00227350 -0.00892679 -0.00223219 0.99998677 0.00463437 0.00893720 -0.00461424 0.99994942
0.99995649 0.00169226 -0.00917329 -0.00165983 0.99999235 0.00354140 0.00917921 -0.00352602 0.99995165
0.99995531 0.00016153 -0.00945266 -0.00014955 0.99999919 0.00126790 0.00945286 -0.00126642 0.99995452
0.99994095 -0.00054887 -0.01085370 0.00054866 0.99999985 -0.00002252 0.01085371 0.00001657 0.99994110
0.99995710 -0.00067504 -0.00923850 0.00068110 0.99999955 0.00065327 0.00923805 -0.00065953 0.99995711
0.99995899 -0.00339765 -0.00839504 0.00341050 0.99999303 0.00151763 0.00838982 -0.00154620 0.99996361
0.99996363 -0.00051078 -0.00851299 0.00052438 0.99999859 0.00159471 0.00851216 -0.00159912 0.99996249
0.99995937 -0.00081867 -0.00897661 0.00085613 0.99999094 0.00416993 0.00897311 -0.00417744 0.99995101
0.99997530 -0.00191418 -0.00676336 0.00194930 0.99998463 0.00518992 0.00675332 -0.00520298 0.99996366
0.99997314 0.00034342 -0.00732069 -0.00031421 0.99999199 0.00399047 0.00732201 -0.00398806 0.99996524
0.99996414 -0.00382083 -0.00755723 0.00383460 0.99999101 0.00180768 0.00755025 -0.00183660 0.99996981
0.99997485 -0.00091164 -0.00703283 0.00091480 0.99999948 0.00044527 0.00703242 -0.00045169 0.99997517
0.99998486 -0.00095444 -0.00541873 0.00096038 0.99999894 0.00109437 0.00541768 -0.00109956 0.99998472
0.99998784 0.00256557 -0.00421232 -0.00256402 0.99999664 0.00037401 0.00421326 -0.00036321 0.99999106
0.99979898 -0.00078455 -0.02003480 0.00083566 0.99999642 0.00254305 0.02003273 -0.00255928 0.99979605
0.99999062 -0.00304532 -0.00308042 0.00304167 0.99999467 -0.00118913 0.00308402 0.00117975 0.99999455
0.99999682 0.00078684 -0.00239694 -0.00078887 0.99999933 -0.00084593 0.00239627 0.00084782 0.99999677
0.99999926 -0.00015619 -0.00120567 0.00015723 0.99999961 0.00086735 0.00120553 -0.00086754 0.99999890
0.99999947 -0.00096833 0.00036031 0.00096784 0.99999863 0.00134305 -0.00036161 -0.00134270 0.99999903
0.99998593 -0.00527759 -0.00052687 0.00527822 0.99998536 0.00119120 0.00052058 -0.00119397 0.99999915
0.99999539 -0.00281926 -0.00112891 0.00281861 0.99999586 -0.00058244 0.00113055 0.00057926 0.99999919
0.99998899 -0.00425542 -0.00197602 0.00425387 0.99999064 -0.00078539 0.00197935 0.00077697 0.99999774
0.99999423 -0.00181625 -0.00287242 0.00182110 0.99999691 0.00168981 0.00286934 -0.00169503 0.99999445
0.99998983 -0.00246167 -0.00377764 0.00247577 0.99998996 0.00373405 0.00376841 -0.00374337 0.99998589
0.99998167 -0.00271155 -0.00541405 0.00273022 0.99999034 0.00344337 0.00540466 -0.00345809 0.99997942
0.99996893 -0.00131834 -0.00777225 0.00133171 0.99999764 0.00171546 0.00776997 -0.00172576 0.99996832
0.99994704 -0.00270395 -0.00993024 0.00267311 0.99999157 -0.00311741 0.00993858 0.00309070 0.99994583
0.99993551 -0.00241966 -0.01109571 0.00237850 0.99999025 -0.00372154 0.01110460 0.00369491 0.99993152
0.99993422 -0.00051240 -0.01145810 0.00051142 0.99999987 -0.00008849 0.01145815 0.00008263 0.99993435
0.99994650 0.00157202 -0.01022373 -0.00152012 0.99998593 0.00508269 0.01023158 -0.00506688 0.99993482
0.99995150 0.00295724 -0.00939462 -0.00292316 0.99998911 0.00363862 0.00940528 -0.00361098 0.99994925
0.99998041 0.00367020 -0.00506959 -0.00367924 0.99999166 -0.00177554 0.00506303 0.00179416 0.99998557
0.99998255 0.00087115 -0.00584262 -0.00090019 0.99998725 -0.00496870 0.00583822 0.00497388 0.99997059
0.99998138 0.00196428 -0.00577835 -0.00200879 0.99996828 -0.00770729 0.00576303 0.00771875 0.99995360
0.99998351 0.00100260 -0.00565417 -0.00101587 0.99999674 -0.00234456 0.00565180 0.00235026 0.99998127
0.99998162 0.00043523 -0.00604705 -0.00040154 0.99998440 0.00557094 0.00604938 -0.00556841 0.99996620
0.99998573 -0.00023627 -0.00533680 0.00026270 0.99998771 0.00495123 0.00533556 -0.00495256 0.99997350
0.99998449 0.00076245 -0.00551696 -0.00074885 0.99999668 0.00246703 0.00551882 -0.00246286 0.99998174
0.99998435 0.00150997 -0.00538743 -0.00151460 0.99999849 -0.00085547 0.00538613 0.00086362 0.99998512
0.99998008 0.00052298 -0.00629036 -0.00054242 0.99999508 -0.00308893 0.00628872 0.00309228 0.99997544
0.99997621 -0.00080087 -0.00685045 0.00078138 0.99999564 -0.00284662 0.00685270 0.00284120 0.99997248
0.99997453 -0.00107257 -0.00705571 0.00107088 0.99999940 -0.00024216 0.00705597 0.00023460 0.99997508
0.99997433 -0.00026425 -0.00715958 0.00026814 0.99999982 0.00054227 0.00715944 -0.00054417 0.99997422
0.99997377 -0.00025744 -0.00723845 0.00026190 0.99999978 0.00061535 0.00723829 -0.00061723 0.99997361
0.99996506 -0.00029465 -0.00835469 0.00027760 0.99999788 -0.00204140 0.00835527 0.00203901 0.99996302
0.99996745 0.00093611 -0.00801408 -0.00093761 0.99999954 -0.00018376 0.00801391 0.00019127 0.99996787
0.99996548 0.00056722 -0.00828968 -0.00057609 0.99999926 -0.00106760 0.00828906 0.00107234 0.99996507
0.99996382 -0.00007804 -0.00850593 0.00006242 0.99999831 -0.00183752 0.00850605 0.00183692 0.99996214
0.99996396 -0.00013782 -0.00848858 0.00012286 0.99999844 -0.00176362 0.00848881 0.00176251 0.99996242
0.99995691 -0.00091316 -0.00923801 0.00089663 0.99999799 -0.00179253 0.00923963 0.00178417 0.99995572
0.99995983 0.00049061 -0.00894946 -0.00048272 0.99999949 0.00088352 0.00894989 -0.00087917 0.99995956
0.99995629 0.00075006 -0.00931952 -0.00074607 0.99999963 0.00043188 0.00931984 -0.00042490 0.99995648
0.99995440 0.00022922 -0.00954688 -0.00024044 0.99999928 -0.00117466 0.00954661 0.00117690 0.99995374
0.99994542 0.00066247 -0.01042701 -0.00069796 0.99999398 -0.00340019 0.01042470 0.00340728 0.99993986
0.99997506 0.00037998 -0.00705262 -0.00037594 0.99999976 0.00057458 0.00705283 -0.00057191 0.99997496
0.99997409 0.00063076 -0.00717152 -0.00062839 0.99999975 0.00033274 0.00717173 -0.00032822 0.99997423
0.99998882 0.00008491 -0.00472828 -0.00007662 0.99999846 0.00175429 0.00472842 -0.00175391 0.99998728
0.99995785 0.00001412 -0.00918090 -0.00001403 1.00000000 0.00000993 0.00918090 -0.00000980 0.99995785
0.99997226 -0.00134421 -0.00732629 0.00132629 0.99999612 -0.00245048 0.00732956 0.00244070 0.99997016
0.99992031 -0.00135119 -0.01255209 0.00132690 0.99999723 -0.00194356 0.01255468 0.00192675 0.99991933
0.99997504 -0.00171284 -0.00685459 0.00170866 0.99999835 -0.00061483 0.00685564 0.00060310 0.99997632
0.99998296 0.00185188 -0.00553623 -0.00184655 0.99999783 0.00096804 0.00553801 -0.00095780 0.99998421
0.99997952 0.00139818 -0.00624542 -0.00139028 0.99999823 0.00126934 0.00624718 -0.00126063 0.99997969
0.99998278 0.00139536 -0.00570002 -0.00139874 0.99999885 -0.00058770 0.00569919 0.00059566 0.99998358
0.99997962 0.00509017 -0.00385384 -0.00509447 0.99998641 -0.00110823 0.00384814 0.00112784 0.99999196
0.99998211 -0.00184463 -0.00569058 0.00184700 0.99999821 0.00041080 0.00568982 -0.00042130 0.99998372
0.99998777 -0.00113269 -0.00481386 0.00113263 0.99999936 -0.00001484 0.00481387 0.00000939 0.99998841
0.99998327 -0.00313373 -0.00486153 0.00312593 0.99999382 -0.00161143 0.00486655 0.00159621 0.99998688
0.99997260 -0.00444468 -0.00591939 0.00442348 0.99998378 -0.00358889 0.00593525 0.00356261 0.99997604
0.99997086 -0.00463346 -0.00606760 0.00462441 0.99998818 -0.00150349 0.00607449 0.00147539 0.99998046
0.99994568 -0.00607362 -0.00847056 0.00607109 0.99998152 -0.00032384 0.00847237 0.00027240 0.99996407
0.99992626 -0.00587888 -0.01062569 0.00587246 0.99998256 -0.00063508 0.01062924 0.00057263 0.99994334
0.99994166 -0.00381224 -0.01010664 0.00382826 0.99999144 0.00156669 0.01010058 -0.00160529 0.99994770
0.99993381 -0.00164671 -0.01138737 0.00167625 0.99999525 0.00258504 0.01138306 -0.00260396 0.99993182
0.99998151 0.00054079 -0.00605752 -0.00054198 0.99999983 -0.00019447 0.00605742 0.00019775 0.99998163
0.99994664 0.00033435 -0.01032514 -0.00035168 0.99999853 -0.00167605 0.01032457 0.00167960 0.99994529
0.99992450 -0.00117225 -0.01223168 0.00114433 0.99999673 -0.00228890 0.01223432 0.00227473 0.99992257
0.99993371 -0.00198078 -0.01134288 0.00196245 0.99999675 -0.00162674 0.01134607 0.00160437 0.99993434
0.99992665 -0.00378105 -0.01150612 0.00380547 0.99999055 0.00210105 0.01149807 -0.00214468 0.99993160
0.99993432 -0.00163384 -0.01134367 0.00163793 0.99999860 0.00035155 0.01134308 -0.00037011 0.99993560
0.99992531 -0.00114465 -0.01216779 0.00114329 0.99999934 -0.00011862 0.01216792 0.00010470 0.99992596
0.99991993 -0.00243991 -0.01241698 0.00242048 0.99999582 -0.00157963 0.01242079 0.00154945 0.99992166
0.99992431 0.00120201 -0.01224489 -0.00121583 0.99999863 -0.00112106 0.01224353 0.00113587 0.99992440
0.99992772 -0.00051839 -0.01201190 0.00049605 0.99999814 -0.00186239 0.01201284 0.00185630 0.99992612
0.99992112 -0.00013493 -0.01255894 0.00013039 0.99999993 -0.00036189 0.01255898 0.00036022 0.99992107
0.99995013 0.00086651 -0.00994895 -0.00084663 0.99999764 0.00200160 0.00995066 -0.00199308 0.99994850
0.99996020 0.00046133 -0.00890998 -0.00044310 0.99999780 0.00204850 0.00891091 -0.00204447 0.99995821
0.99995965 -0.00065295 -0.00895900 0.00064711 0.99999958 -0.00065409 0.00895942 0.00064827 0.99995965
0.99997123 0.00030590 -0.00757966 -0.00033158 0.99999421 -0.00338601 0.00757858 0.00338843 0.99996554
0.99996286 -0.00384133 -0.00771563 0.00382210 0.99998956 -0.00250489 0.00772518 0.00247530 0.99996710
0.99997586 -0.00189148 -0.00668657 0.00187287 0.99999436 -0.00278847 0.00669181 0.00277588 0.99997376
0.99997910 -0.00271313 -0.00586768 0.00269698 0.99999256 -0.00275858 0.00587512 0.00274270 0.99997898
0.99998138 -0.00274346 -0.00545131 0.00274649 0.99999608 0.00054924 0.00544978 -0.00056420 0.99998499
0.99998965 -0.00078138 -0.00448136 0.00079820 0.99999264 0.00375398 0.00447839 -0.00375752 0.99998291
0.99998246 -0.00415051 -0.00422477 0.00416656 0.99998411 0.00379721 0.00420894 -0.00381475 0.99998387
0.99999295 -0.00160756 -0.00339292 0.00161449 0.99999661 0.00204156 0.00338962 -0.00204702 0.99999216
0.99999813 0.00030012 -0.00191245 -0.00029839 0.99999954 0.00090632 0.00191272 -0.00090575 0.99999776
0.99999738 -0.00146879 -0.00175553 0.00147192 0.99999733 0.00178087 0.00175291 -0.00178345 0.99999687
0.99999376 -0.00062418 0.00347738 0.00062092 0.99999937 0.00093720 -0.00347797 -0.00093504 0.99999351
0.99998361 0.00311637 -0.00480209 -0.00310652 0.99999306 0.00205745 0.00480847 -0.00204250 0.99998635
0.99999187 -0.00329221 -0.00232961 0.00329326 0.99999448 0.00044472 0.00232813 -0.00045239 0.99999719
0.99999008 -0.00421987 -0.00142427 0.00422001 0.99999109 0.00009460 0.00142385 -0.00010061 0.99999898
0.99995568 0.00381643 -0.00860605 -0.00384933 0.99998533 -0.00380963 0.00859139 0.00384258 0.99995571
0.99998624 -0.00201661 -0.00484269 0.00201012 0.99999708 -0.00134454 0.00484539 0.00133479 0.99998737
0.99999539 0.00280777 0.00115569 -0.00280542 0.99999400 -0.00203248 -0.00116139 0.00202922 0.99999727
0.99999880 0.00126136 0.00089861 -0.00126362 0.99999603 0.00251777 -0.00089543 -0.00251890 0.99999643
0.99999762 0.00204597 0.00075599 -0.00204519 0.99999737 -0.00103388 -0.00075810 0.00103233 0.99999918
0.99999586 0.00218624 0.00187064 -0.00218556 0.99999755 -0.00036472 -0.00187143 0.00036063 0.99999818
0.99985769 0.00031741 0.01686683 -0.00047628 0.99995555 0.00941637 -0.01686309 -0.00942306 0.99981340
0.99996556 0.00596393 0.00577088 -0.00597851 0.99997898 0.00251123 -0.00575578 -0.00254565 0.99998020
0.99997544 0.00637183 0.00291876 -0.00638586 0.99996799 0.00482130 -0.00288795 -0.00483982 0.99998412
0.99989537 0.00361500 -0.01400650 -0.00366866 0.99998602 -0.00380756 0.01399254 0.00385855 0.99989465
0.99997893 0.00074338 0.00644889 -0.00072479 0.99999558 -0.00288465 -0.00645101 0.00287991 0.99997504
0.99997057 0.00069102 0.00764057 -0.00069314 0.99999972 0.00027410 -0.00764038 -0.00027939 0.99997077
0.99996111 0.00094283 0.00876865 -0.00094275 0.99999956 -0.00001301 -0.00876866 0.00000474 0.99996155
0.99995189 0.00101232 0.00975713 -0.00097208 0.99999101 -0.00412805 -0.00976122 0.00411837 0.99994388
0.99991299 0.00386781 0.01261171 -0.00382888 0.99998784 -0.00310911 -0.01262358 0.00306055 0.99991564
0.99986853 0.00255386 0.01601267 -0.00249865 0.99999087 -0.00346698 -0.01602138 0.00342652 0.99986578
0.99995902 0.00351382 0.00834326 -0.00350793 0.99999359 -0.00071962 -0.00834573 0.00069033 0.99996494
0.99990243 0.00298290 0.01364669 -0.00298670 0.99999551 0.00025810 -0.01364586 -0.00029883 0.99990685
0.99985079 0.00159158 0.01720051 -0.00167009 0.99998825 0.00455088 -0.01719306 -0.00457893 0.99984170
0.99993562 -0.00062523 0.01132958 0.00065343 0.99999670 -0.00248523 -0.01132799 0.00249248 0.99993273
0.99986958 0.00477521 0.01542794 -0.00466047 0.99996128 -0.00746468 -0.01546299 0.00739180 0.99985312
0.99991624 0.00021848 0.01294102 -0.00020143 0.99999911 -0.00131872 -0.01294130 0.00131600 0.99991539
0.99994157 -0.00015106 0.01080878 0.00016228 0.99999945 -0.00103645 -0.01080862 0.00103814 0.99994105
0.99997577 0.00287917 0.00633817 -0.00282168 0.99995497 -0.00906120 -0.00636397 0.00904310 0.99993886
0.99993481 0.00165089 0.01129794 -0.00160839 0.99999160 -0.00376974 -0.01130407 0.00375132 0.99992907
0.99992069 -0.00107136 0.01254885 0.00102879 0.99999370 0.00339849 -0.01255242 -0.00338531 0.99991548
0.99992047 0.00248803 0.01236347 -0.00249447 0.99999676 0.00050560 -0.01236217 -0.00053640 0.99992344
0.99992183 0.00278039 0.01219001 -0.00276442 0.99999530 -0.00132722 -0.01219364 0.00129342 0.99992482
0.99992568 0.00240641 0.01195181 -0.00238536 0.99999558 -0.00177470 -0.01195603 0.00174606 0.99992700
0.99992169 0.00138965 0.01243720 -0.00139005 0.99999903 0.00002366 -0.01243716 -0.00004095 0.99992265
0.99992713 0.00112823 0.01201884 -0.00114643 0.99999821 0.00150693 -0.01201712 -0.00152060 0.99992664
0.99993610 0.00124426 0.01123584 -0.00126619 0.99999731 0.00194527 -0.01123339 -0.00195938 0.99993498
0.99994063 0.00077150 0.01086961 -0.00077819 0.99999951 0.00061116 -0.01086913 -0.00061958 0.99994074
0.99994365 0.00241349 0.01033751 -0.00240746 0.99999692 -0.00059521 -0.01033892 0.00057029 0.99994639
0.99994665 0.00187070 0.01015843 -0.00187408 0.99999819 0.00032330 -0.01015781 -0.00034232 0.99994835
0.99994936 0.00145034 0.00995866 -0.00147642 0.99999550 0.00261230 -0.00995482 -0.00262687 0.99994700
0.99994533 0.00152596 0.01034495 -0.00155050 0.99999600 0.00236471 -0.01034130 -0.00238062 0.99994369
0.99994502 0.00168824 0.01034879 -0.00169538 0.99999833 0.00068129 -0.01034762 -0.00069880 0.99994622
0.99994075 0.00170660 0.01075069 -0.00170566 0.99999854 -0.00009676 -0.01075084 0.00007842 0.99994220
0.99993007 0.00301795 0.01143475 -0.00302753 0.99999508 0.00082077 -0.01143221 -0.00085533 0.99993428
0.99990925 0.00179208 0.01335197 -0.00182642 0.99999506 0.00255976 -0.01334731 -0.00258392 0.99990758
0.99989259 0.00278313 0.01438995 -0.00282747 0.99999131 0.00306249 -0.01438130 -0.00310285 0.99989177
0.99988293 0.00381827 0.01481718 -0.00383797 0.99999179 0.00130180 -0.01481209 -0.00135851 0.99988937
0.99988398 0.00223069 0.01506818 -0.00221304 0.99999685 -0.00118827 -0.01507078 0.00115479 0.99988576
0.99988024 0.00065909 0.01546212 -0.00062717 0.99999766 -0.00206909 -0.01546344 0.00205914 0.99987831
0.99987193 0.00187317 0.01589400 -0.00187998 0.99999815 0.00041351 -0.01589319 -0.00044334 0.99987360
0.99986654 0.00112763 0.01629801 -0.00114834 0.99999854 0.00126168 -0.01629657 -0.00128022 0.99986638
0.99986046 0.00119113 0.01666246 -0.00123351 0.99999603 0.00253350 -0.01665938 -0.00255370 0.99985796
0.99986749 0.00050496 0.01627102 -0.00053736 0.99999788 0.00198688 -0.01626998 -0.00199536 0.99986564
0.99987324 0.00020822 0.01592037 -0.00024924 0.99999665 0.00257474 -0.01591978 -0.00257838 0.99986995
0.99989514 0.00012104 0.01448069 -0.00014762 0.99999831 0.00183410 -0.01448044 -0.00183604 0.99989347
0.99991046 -0.00097874 0.01334586 0.00096296 0.99999883 0.00118850 -0.01334700 -0.00117555 0.99991023
0.99992351 0.00052509 0.01235725 -0.00052468 0.99999986 -0.00003656 -0.01235727 0.00003007 0.99992365
0.99991823 0.00119866 0.01273204 -0.00119446 0.99999923 -0.00033779 -0.01273244 0.00032256 0.99991889
0.99991432 0.00240333 0.01286804 -0.00241116 0.99999692 0.00059326 -0.01286658 -0.00062424 0.99991703
0.99992407 0.00155320 0.01222443 -0.00155633 0.99999876 0.00024647 -0.01222404 -0.00026547 0.99992525
0.99993209 -0.00036143 0.01164878 0.00036552 0.99999987 -0.00034862 -0.01164866 0.00035285 0.99993209
0.99994427 -0.00038737 0.01055005 0.00040038 0.99999916 -0.00123138 -0.01054957 0.00123554 0.99994359
0.99995733 0.00007310 0.00923732 -0.00006511 0.99999962 -0.00086517 -0.00923738 0.00086453 0.99995696
0.99997261 0.00087293 0.00734969 -0.00087561 0.99999955 0.00036121 -0.00734937 -0.00036763 0.99997293
0.99997340 0.00100855 0.00722362 -0.00102952 0.99999527 0.00289966 -0.00722066 -0.00290702 0.99996971
0.99997225 0.00280805 0.00690034 -0.00283616 0.99998771 0.00406715 -0.00688884 -0.00408661 0.99996792
0.99996893 0.00190487 0.00764880 -0.00192514 0.99999465 0.00264433 -0.00764372 -0.00265897 0.99996725
0.99996802 0.00276880 0.00750275 -0.00278499 0.99999382 0.00214721 -0.00749676 -0.00216804 0.99996955
0.99996803 0.00128482 0.00789287 -0.00130230 0.99999671 0.00220942 -0.00789000 -0.00221962 0.99996641
0.99996135 0.00119216 0.00871038 -0.00121451 0.99999598 0.00256194 -0.00870729 -0.00257242 0.99995878
0.99996203 0.00005997 0.00871412 -0.00007499 0.99999851 0.00172320 -0.00871401 -0.00172379 0.99996055
0.99995793 -0.00021463 0.00917016 0.00020578 0.99999951 0.00096587 -0.00917036 -0.00096394 0.99995749
0.99995494 0.00001573 0.00949350 -0.00001455 0.99999999 -0.00012442 -0.00949350 0.00012427 0.99995493
0.99993442 -0.00137399 0.01136991 0.00139105 0.99999792 -0.00149299 -0.01136783 0.00150871 0.99993425
0.99994237 -0.00064187 0.01071672 0.00065657 0.99999885 -0.00136850 -0.01071583 0.00137546 0.99994164
0.99992980 0.00079708 0.01182171 -0.00076795 0.99999666 -0.00246860 -0.01182363 0.00245935 0.99992707
0.99989124 0.00326597 0.01438189 -0.00325815 0.99999453 -0.00056703 -0.01438366 0.00052011 0.99989641
0.99983840 0.00329872 0.01767152 -0.00331530 0.99999409 0.00090879 -0.01766842 -0.00096723 0.99984343
0.99980212 0.00262342 0.01971896 -0.00267663 0.99999285 0.00267218 -0.01971181 -0.00272443 0.99980199
0.99977448 0.00311679 0.02100654 -0.00315077 0.99999378 0.00158501 -0.02100147 -0.00165084 0.99977808
0.99975388 0.00121509 0.02215181 -0.00123229 0.99999895 0.00076274 -0.02215086 -0.00078985 0.99975433
0.99974872 0.00131191 0.02237784 -0.00134380 0.99999810 0.00141003 -0.02237595 -0.00143975 0.99974859
0.99975283 0.00063821 0.02222320 -0.00069662 0.99999632 0.00262050 -0.02222144 -0.00263534 0.99974960
0.99973979 0.00188520 0.02273342 -0.00196470 0.99999203 0.00347558 -0.02272669 -0.00351934 0.99973552
0.99973602 0.00178647 0.02290617 -0.00188519 0.99998903 0.00428862 -0.02289825 -0.00433067 0.99972842
0.99974241 0.00179648 0.02262508 -0.00187226 0.99999271 0.00332857 -0.02261893 -0.00337007 0.99973848
0.99973647 0.00243991 0.02282643 -0.00244146 0.99999702 0.00003990 -0.02282627 -0.00009562 0.99973944
0.99975027 -0.00036203 0.02234424 0.00039893 0.99999856 -0.00164737 -0.02234362 0.00165587 0.99974898
0.99977372 0.00062613 0.02126293 -0.00061318 0.99999962 -0.00061546 -0.02126331 0.00060228 0.99977373
0.99978791 -0.00100075 0.02056998 0.00095159 0.99999667 0.00239917 -0.02057232 -0.00237909 0.99978554
0.99979537 0.00068827 0.02021752 -0.00072850 0.99999777 0.00198252 -0.02021611 -0.00199684 0.99979364
0.99978594 0.00131433 0.02064841 -0.00133763 0.99999848 0.00111458 -0.02064691 -0.00114196 0.99978618
0.99978804 0.00206776 0.02048392 -0.00208565 0.99999746 0.00085225 -0.02048211 -0.00089480 0.99978982
0.99977684 0.00127614 0.02108648 -0.00129839 0.99999861 0.00104157 -0.02108512 -0.00106872 0.99977711
0.99977586 0.00385647 0.02081707 -0.00384390 0.99999240 -0.00064385 -0.02081939 0.00056369 0.99978309
0.99978604 0.00184287 0.02060286 -0.00182601 0.99999798 -0.00083679 -0.02060436 0.00079899 0.99978739
0.99979246 0.00066346 0.02036175 -0.00061653 0.99999714 -0.00231100 -0.02036323 0.00229797 0.99979001
0.99979941 0.00384532 0.01965597 -0.00378830 0.99998851 -0.00293769 -0.01966704 0.00286263 0.99980249
0.99979489 0.00156268 0.02019236 -0.00153471 0.99999784 -0.00140050 -0.02019451 0.00136922 0.99979513
0.99980604 0.00044868 0.01968957 -0.00039186 0.99999575 -0.00288966 -0.01969078 0.00288138 0.99980197
0.99961345 0.00278592 0.02766212 -0.00279076 0.99999610 0.00013626 -0.02766163 -0.00021340 0.99961732
0.99982608 0.00154116 0.01858566 -0.00142383 0.99997899 -0.00632430 -0.01859502 0.00629674 0.99980727
0.99984074 0.00250622 0.01766980 -0.00243288 0.99998834 -0.00417069 -0.01768005 0.00412703 0.99983518
0.99983220 0.00294902 0.01807981 -0.00290086 0.99999217 -0.00268980 -0.01808760 0.00263690 0.99983293
0.99984567 0.00245529 0.01739542 -0.00238930 0.99998988 -0.00381325 -0.01740461 0.00377110 0.99984142
0.99982270 0.00089426 0.01880874 -0.00090275 0.99999949 0.00044252 -0.01880833 -0.00045942 0.99982300
0.99981492 -0.00045488 0.01923348 0.00046629 0.99999972 -0.00058909 -0.01923321 0.00059795 0.99981485
0.99983639 -0.00030514 0.01808602 0.00039999 0.99998619 -0.00524088 -0.01808418 0.00524725 0.99982270
0.99982468 0.00141423 0.01867097 -0.00134234 0.99999164 -0.00386258 -0.01867627 0.00383684 0.99981822
0.99986434 0.00328877 0.01613983 -0.00327540 0.99999427 -0.00085463 -0.01614255 0.00080165 0.99986938
0.99980303 0.00382255 0.01947516 -0.00381496 0.99999263 -0.00042656 -0.01947665 0.00035218 0.99981025
0.99982609 0.00338976 0.01833872 -0.00334197 0.99999094 -0.00263620 -0.01834749 0.00257445 0.99982836
0.99982484 -0.00089254 0.01869454 0.00096628 0.99999179 -0.00393542 -0.01869088 0.00395280 0.99981750
0.99983416 0.00014345 0.01821092 -0.00010960 0.99999826 -0.00185998 -0.01821116 0.00185768 0.99983244
0.99982377 -0.00069617 0.01876009 0.00077956 0.99998985 -0.00443787 -0.01875681 0.00445171 0.99981416
0.99976590 0.00244910 0.02149752 -0.00231029 0.99997634 -0.00647947 -0.02151288 0.00642829 0.99974790
0.99969679 0.00397080 0.02430165 -0.00389413 0.99998729 -0.00320145 -0.02431406 0.00310585 0.99969955
0.99954022 0.00513891 0.02988195 -0.00514339 0.99998677 0.00007305 -0.02988118 -0.00022671 0.99955343
0.99959863 0.00566079 0.02775851 -0.00559092 0.99998101 -0.00259401 -0.02777267 0.00243777 0.99961129
0.99954866 0.00470638 0.02967034 -0.00462522 0.99998537 -0.00280344 -0.02968310 0.00266495 0.99955581
0.99955579 0.00470433 0.02942941 -0.00464005 0.99998670 -0.00225228 -0.02943962 0.00211473 0.99956432
0.99987195 0.00206388 0.01586885 -0.00197464 0.99998216 -0.00563743 -0.01588021 0.00560537 0.99985819
0.99953371 0.00283351 0.03040286 -0.00277386 0.99999415 -0.00200383 -0.03040836 0.00191856 0.99953572
0.99961121 0.00029419 0.02788070 -0.00017438 0.99999074 -0.00429950 -0.02788171 0.00429297 0.99960201
0.99961708 0.00028293 0.02766982 -0.00015064 0.99998855 -0.00478280 -0.02767086 0.00477680 0.99960568
0.99968564 0.00263929 0.02493295 -0.00255377 0.99999075 -0.00346111 -0.02494185 0.00339635 0.99968313
0.99960385 0.00198385 0.02807492 -0.00185712 0.99998797 -0.00453911 -0.02808359 0.00448517 0.99959552
0.99969614 0.00088343 0.02463443 -0.00086800 0.99999942 -0.00063692 -0.02463497 0.00061534 0.99969632
0.99965562 0.00256960 0.02611581 -0.00249260 0.99999245 -0.00298066 -0.02612327 0.00291454 0.99965448
0.99976991 0.00125200 0.02141388 -0.00118071 0.99999372 -0.00334149 -0.02141793 0.00331544 0.99976511
0.99973237 -0.00031128 0.02313187 0.00033368 0.99999948 -0.00096444 -0.02313156 0.00097190 0.99973196
0.99980211 0.00045003 0.01988790 -0.00037696 0.99999317 -0.00367751 -0.01988942 0.00366929 0.99979545
0.99977825 0.00126966 0.02102012 -0.00120835 0.99999498 -0.00292898 -0.02102374 0.00290293 0.99977476
0.99974657 0.00202904 0.02242046 -0.00200972 0.99999759 -0.00088418 -0.02242220 0.00083890 0.99974824
0.99976281 0.00358759 0.02148160 -0.00359441 0.99999350 0.00027874 -0.02148047 -0.00035589 0.99976920
0.99975166 0.00455004 0.02181533 -0.00459018 0.99998786 0.00179032 -0.02180692 -0.00189001 0.99976041
0.99971677 0.00543874 0.02316903 -0.00546859 0.99998430 0.00122534 -0.02316201 -0.00135169 0.99973081
0.99974027 0.00555034 0.02210409 -0.00557677 0.99998381 0.00113411 -0.02209744 -0.00125708 0.99975503
0.99944514 0.00406748 0.03305869 -0.00382400 0.99996512 -0.00742497 -0.03308773 0.00729443 0.99942583
0.99976014 0.00436081 0.02146261 -0.00433092 0.99998959 -0.00143926 -0.02146866 0.00134596 0.99976862
0.99972491 0.00319173 0.02323626 -0.00322784 0.99999364 0.00151677 -0.02323127 -0.00159136 0.99972885
0.99970703 0.00390893 0.02388670 -0.00398899 0.99998658 0.00330488 -0.02387346 -0.00339920 0.99970921
0.99970091 0.00292295 0.02428069 -0.00301046 0.99998910 0.00356829 -0.02426999 -0.00364031 0.99969881
0.99970958 0.00248512 0.02397058 -0.00255890 0.99999208 0.00304768 -0.02396281 -0.00310813 0.99970802
0.99971461 0.00074389 0.02387763 -0.00079696 0.99999723 0.00221330 -0.02387592 -0.00223170 0.99971244
0.99971504 0.00166209 0.02381355 -0.00168054 0.99999830 0.00075479 -0.02381226 -0.00079460 0.99971613
0.99971381 -0.00431738 0.02352981 0.00433482 0.99999037 -0.00069042 -0.02352661 0.00079222 0.99972290
0.99973078 -0.00048748 0.02319750 0.00049728 0.99999979 -0.00041680 -0.02319729 0.00042823 0.99973082
0.99971864 -0.00355206 0.02345248 0.00357218 0.99999329 -0.00081615 -0.02344942 0.00089970 0.99972462
0.99973348 0.00079542 0.02307233 -0.00083729 0.99999802 0.00180479 -0.02307084 -0.00182363 0.99973217
0.99973865 0.00272141 0.02269863 -0.00273139 0.99999619 0.00040844 -0.02269743 -0.00047033 0.99974227
0.99976460 0.00267517 0.02153131 -0.00258522 0.99998782 -0.00420435 -0.02154230 0.00414769 0.99975933
0.99979270 0.00234908 0.02022483 -0.00217620 0.99996094 -0.00856606 -0.02024417 0.00852027 0.99975876
0.99977605 0.00493034 0.02058029 -0.00478300 0.99996262 -0.00720240 -0.02061503 0.00710235 0.99976226
0.99977758 0.00527133 0.02042047 -0.00521167 0.99998200 -0.00297389 -0.02043578 0.00286680 0.99978706
0.99976631 0.00503082 0.02102402 -0.00504250 0.99998716 0.00050266 -0.02102122 -0.00060856 0.99977884
0.99974371 0.00741290 0.02139065 -0.00742158 0.99997241 0.00032663 -0.02138764 -0.00048530 0.99977114
0.99976495 0.00429345 0.02125103 -0.00426958 0.99999020 -0.00116808 -0.02125584 0.00107707 0.99977349
0.99978463 0.00304434 0.02052870 -0.00309345 0.99999243 0.00236102 -0.02052136 -0.00242402 0.99978648
0.99983352 0.00276838 0.01803543 -0.00277009 0.99999616 0.00006987 -0.01803517 -0.00011982 0.99983735
0.99981938 0.00185117 0.01891510 -0.00184916 0.99999828 -0.00012354 -0.01891530 0.00008854 0.99982109
0.99977370 0.00696038 0.02010251 -0.00692370 0.99997424 -0.00189347 -0.02011517 0.00175386 0.99979613
0.99981300 0.00279515 0.01913535 -0.00276894 0.99999519 -0.00139650 -0.01913916 0.00134326 0.99981593
0.99984130 0.00023955 0.01781332 -0.00028041 0.99999734 0.00229112 -0.01781273 -0.00229575 0.99983871
0.99991513 -0.00042822 0.01302097 0.00036650 0.99998869 0.00474187 -0.01302285 -0.00473670 0.99990398
0.99990163 0.00023083 0.01402413 -0.00029644 0.99998902 0.00467652 -0.01402290 -0.00468022 0.99989072
0.99992655 -0.00067731 0.01210114 0.00062352 0.99998991 0.00444832 -0.01210403 -0.00444045 0.99991688
0.99993716 0.00098238 0.01116711 -0.00097268 0.99999915 -0.00087394 -0.01116795 0.00086303 0.99993726
0.99996612 0.00144521 0.00810374 -0.00143007 0.99999722 -0.00187388 -0.00810643 0.00186222 0.99996541
0.99996824 0.00304066 0.00736668 -0.00303076 0.99999449 -0.00135449 -0.00737076 0.00133212 0.99997195
0.99998214 0.00164585 0.00574470 -0.00162029 0.99998878 -0.00445054 -0.00575196 0.00444115 0.99997360
0.99998463 0.00121571 0.00540988 -0.00116650 0.99995800 -0.00909055 -0.00542070 0.00908410 0.99994405
0.99997880 0.00315835 0.00569480 -0.00314291 0.99999137 -0.00271797 -0.00570333 0.00270001 0.99998009
0.99998730 0.00048521 0.00501599 -0.00053132 0.99995758 0.00919525 -0.00501132 -0.00919780 0.99994514
0.99999686 -0.00003645 0.00250616 0.00001152 0.99995056 0.00994408 -0.00250640 -0.00994402 0.99994742
0.99999991 0.00040536 0.00014112 -0.00040582 0.99999459 0.00326540 -0.00013980 -0.00326546 0.99999466
0.99999743 0.00223560 -0.00036860 -0.00223619 0.99999619 -0.00162006 0.00036497 0.00162088 0.99999862
0.99999976 0.00037675 0.00057442 -0.00037471 0.99999363 -0.00355093 -0.00057575 0.00355072 0.99999353
0.99999479 0.00317043 -0.00060844 -0.00317183 0.99999230 -0.00231159 0.00060110 0.00231351 0.99999714
0.99999405 0.00161955 -0.00304725 -0.00161668 0.99999824 0.00094707 0.00304877 -0.00094214 0.99999491
0.99999502 0.00175324 -0.00262326 -0.00175620 0.99999782 -0.00112876 0.00262127 0.00113336 0.99999592
0.99999274 0.00184641 -0.00333363 -0.00185000 0.99999771 -0.00107373 0.00333164 0.00107989 0.99999387
0.99999083 0.00130728 -0.00407729 -0.00131257 0.99999830 -0.00129676 0.00407559 0.00130210 0.99999085
0.99997464 0.00069660 -0.00708691 -0.00068369 0.99999810 0.00182405 0.00708817 -0.00181916 0.99997322
0.99997512 -0.00159796 -0.00687012 0.00160628 0.99999798 0.00120605 0.00686818 -0.00121705 0.99997567
0.99998035 -0.00237016 -0.00580339 0.00236846 0.99999715 -0.00030069 0.00580408 0.00028694 0.99998311
0.99997336 -0.00158255 -0.00712612 0.00157278 0.99999782 -0.00137656 0.00712828 0.00136531 0.99997366
0.99997345 0.00013117 -0.00728608 -0.00013358 0.99999994 -0.00033140 0.00728604 0.00033237 0.99997340
0.99997715 0.00007550 -0.00675950 -0.00006478 0.99999874 0.00158663 0.00675961 -0.00158616 0.99997590
0.99997096 -0.00057265 -0.00759967 0.00059478 0.99999559 0.00290936 0.00759797 -0.00291379 0.99996689
0.99997969 -0.00011663 -0.00637304 0.00012309 0.99999948 0.00101334 0.00637292 -0.00101411 0.99997918
0.99997522 -0.00010668 -0.00703892 0.00009549 0.99999873 -0.00159078 0.00703908 0.00159007 0.99997396
0.99996965 -0.00182436 -0.00757474 0.00181801 0.99999799 -0.00084499 0.00757627 0.00083120 0.99997095
0.99997808 -0.00023510 -0.00661676 0.00022123 0.99999778 -0.00209710 0.00661723 0.00209559 0.99997591
0.99997605 -0.00289917 -0.00628504 0.00289231 0.99999521 -0.00110027 0.00628820 0.00108206 0.99997964
0.99997809 0.00141427 -0.00646664 -0.00141816 0.99999882 -0.00059768 0.00646579 0.00060684 0.99997891
0.99997670 0.00051501 -0.00680700 -0.00051255 0.99999980 0.00036415 0.00680719 -0.00036065 0.99997677
0.99997614 -0.00156276 -0.00672884 0.00158181 0.99999475 0.00282735 0.00672439 -0.00283793 0.99997336
0.99997905 -0.00142567 -0.00631352 0.00143762 0.99999718 0.00188977 0.00631081 -0.00189881 0.99997828
0.99998066 -0.00160701 -0.00600845 0.00160819 0.99999869 0.00019048 0.00600814 -0.00020014 0.99998193
0.99997693 -0.00030530 -0.00678566 0.00029400 0.99999857 -0.00166598 0.00678616 0.00166395 0.99997559
0.99997000 -0.00283495 -0.00720815 0.00283167 0.99999588 -0.00046616 0.00720944 0.00044573 0.99997391
0.99996280 -0.00197406 -0.00839691 0.00195593 0.99999574 -0.00216710 0.00840115 0.00215060 0.99996240
0.99995464 -0.00132688 -0.00943153 0.00130316 0.99999597 -0.00252098 0.00943484 0.00250857 0.99995234
0.99995697 -0.00047945 -0.00926407 0.00046453 0.99999859 -0.00161297 0.00926483 0.00160860 0.99995579
0.99996261 0.00088006 -0.00860287 -0.00084626 0.99999192 0.00393106 0.00860626 -0.00392364 0.99995527
0.99998596 0.00175649 -0.00499941 -0.00174766 0.99999690 0.00177086 0.00500251 -0.00176210 0.99998593
0.99999000 0.00226719 -0.00385374 -0.00226822 0.99999739 -0.00026281 0.00385314 0.00027154 0.99999254
0.99999755 -0.00017038 -0.00220900 0.00016653 0.99999846 -0.00174603 0.00220930 0.00174566 0.99999604
0.99999680 -0.00068738 -0.00243527 0.00068320 0.99999829 -0.00171656 0.00243645 0.00171489 0.99999556
0.99999462 -0.00162379 -0.00285047 0.00162549 0.99999850 0.00059583 0.00284950 -0.00060046 0.99999576
0.99999701 -0.00199715 -0.00140984 0.00199721 0.99999800 0.00004494 0.00140975 -0.00004775 0.99999901
0.99999535 -0.00063901 -0.00298029 0.00063779 0.99999971 -0.00040963 0.00298055 0.00040773 0.99999548
0.99999380 -0.00077737 -0.00343433 0.00077036 0.99999762 -0.00204332 0.00343591 0.00204066 0.99999202
0.99999434 -0.00119602 -0.00314544 0.00120115 0.99999795 0.00163009 0.00314349 -0.00163386 0.99999372
0.99998598 -0.00364967 -0.00383744 0.00366337 0.99998692 0.00356832 0.00382437 -0.00358233 0.99998627
0.99999049 -0.00080991 -0.00428574 0.00081320 0.99999938 0.00076610 0.00428512 -0.00076958 0.99999052
0.99998377 -0.00238160 -0.00517623 0.00237000 0.99999467 -0.00224640 0.00518155 0.00223410 0.99998408
0.99997332 -0.00285749 -0.00672274 0.00284804 0.99999494 -0.00141467 0.00672675 0.00139548 0.99997640
0.99997565 -0.00058276 -0.00695382 0.00058667 0.99999967 0.00056154 0.00695349 -0.00056560 0.99997566
0.99996973 -0.00108055 -0.00770524 0.00107605 0.99999925 -0.00058832 0.00770587 0.00058001 0.99997014
0.99996761 -0.00110985 -0.00797201 0.00111339 0.99999928 0.00043913 0.00797152 -0.00044799 0.99996813
0.99994132 -0.00357670 -0.01022613 0.00355577 0.99999155 -0.00206409 0.01023343 0.00202761 0.99994558
0.99994482 -0.00272221 -0.01014583 0.00271283 0.99999588 -0.00093832 0.01014835 0.00091074 0.99994809
0.99993765 -0.00187281 -0.01100876 0.00186697 0.99999811 -0.00054076 0.01100975 0.00052017 0.99993926
0.99993583 0.00080781 -0.01130009 -0.00077713 0.99999600 0.00271919 0.01130224 -0.00271024 0.99993245
0.99993673 -0.00110144 -0.01119441 0.00110012 0.99999939 -0.00012368 0.01119454 0.00011135 0.99993733
0.99993684 0.00364256 -0.01063211 -0.00366104 0.99999182 -0.00171919 0.01062576 0.00175801 0.99994200
0.99996329 0.00107891 -0.00850053 -0.00110066 0.99999613 -0.00255390 0.00849774 0.00256316 0.99996061
0.99991324 0.00161733 -0.01307268 -0.00160769 0.99999843 0.00074760 0.01307387 -0.00072651 0.99991427
0.99997407 0.00124935 -0.00709219 -0.00124869 0.99999922 0.00009810 0.00709230 -0.00008924 0.99997485
0.99996032 0.00065587 -0.00888395 -0.00063805 0.99999778 0.00200806 0.00888525 -0.00200231 0.99995852
0.99996725 -0.00069716 -0.00806317 0.00070410 0.99999938 0.00085798 0.00806256 -0.00086363 0.99996712
0.99996618 0.00042292 -0.00821344 -0.00040333 0.99999707 0.00238627 0.00821443 -0.00238288 0.99996342
0.99997538 0.00105236 -0.00693835 -0.00103024 0.99999438 0.00319063 0.00694167 -0.00318340 0.99997084
0.99996486 0.00119763 -0.00829675 -0.00119896 0.99999927 -0.00015589 0.00829656 0.00016584 0.99996557
0.99996600 -0.00079779 -0.00820763 0.00078409 0.99999830 -0.00167149 0.00820895 0.00166499 0.99996492
0.99996054 -0.00033737 -0.00887721 0.00031916 0.99999784 -0.00205325 0.00887788 0.00205033 0.99995849
0.99996047 0.00035655 -0.00888428 -0.00035290 0.99999985 0.00041256 0.00888443 -0.00040941 0.99996045
0.99995429 -0.00153958 -0.00943701 0.00154618 0.99999857 0.00069229 0.00943593 -0.00070685 0.99995523
0.99995405 0.00052561 -0.00957191 -0.00050922 0.99999840 0.00171484 0.00957280 -0.00170989 0.99995272
0.99995610 -0.00073519 -0.00934091 0.00076397 0.99999497 0.00307821 0.00933860 -0.00308521 0.99995163
0.99994148 -0.00032244 -0.01081326 0.00035802 0.99999453 0.00328785 0.01081214 -0.00329153 0.99993613
0.99995135 0.00263591 -0.00950559 -0.00263066 0.99999638 0.00056493 0.00950705 -0.00053989 0.99995466
0.99996300 0.00048089 -0.00858890 -0.00048057 0.99999988 0.00003847 0.00858891 -0.00003435 0.99996311
0.99995622 0.00130987 -0.00926547 -0.00129387 0.99999766 0.00173261 0.00926772 -0.00172055 0.99995557
0.99995470 -0.00016088 -0.00951718 0.00016989 0.99999954 0.00094590 0.00951703 -0.00094748 0.99995426
0.99994692 -0.00074379 -0.01027643 0.00074004 0.99999966 -0.00036847 0.01027670 0.00036085 0.99994713
0.99995652 0.00008655 -0.00932444 -0.00009380 0.99999969 -0.00077688 0.00932437 0.00077772 0.99995622
