0.99987143 0.00136915 0.01597629 -0.00135118 0.99999844 -0.00113536 -0.01597782 0.00111362 0.99987173
0.99978283 0.00296826 0.02062713 -0.00297901 0.99999544 0.00049046 -0.02062558 -0.00055180 0.99978712
0.99966301 0.00145307 0.02591836 -0.00149987 0.99999728 0.00178642 -0.02591569 -0.00182469 0.99966247
0.99940998 0.00033337 0.03434507 -0.00039810 0.99999816 0.00187788 -0.03434438 -0.00189044 0.99940827
0.99952898 -0.00133630 0.03065993 0.00121899 0.99999187 0.00384466 -0.03066482 -0.00380547 0.99952248
0.99914173 -0.00202625 0.04137269 0.00201098 0.99999789 0.00041070 -0.04137344 -0.00032715 0.99914370
0.99893976 0.00150082 0.04601197 -0.00154068 0.99999847 0.00083079 -0.04601065 -0.00090080 0.99894054
0.99878484 0.00068575 0.04927845 -0.00080802 0.99999664 0.00246133 -0.04927660 -0.00249816 0.99878205
0.99873164 -0.00186260 0.05031540 0.00150283 0.99997304 0.00718718 -0.05032743 -0.00710245 0.99870752
0.99874545 -0.00722033 0.04955192 0.00682271 0.99994320 0.00818881 -0.04960823 -0.00784046 0.99873798
0.99847427 -0.00415020 0.05506285 0.00391184 0.99998251 0.00443592 -0.05508030 -0.00421375 0.99847304
0.99840906 0.00134543 0.05636967 -0.00151143 0.99999465 0.00290222 -0.05636546 -0.00298281 0.99840575
0.99826569 -0.00184153 0.05884068 0.00155540 0.99998674 0.00490825 -0.05884894 -0.00480822 0.99825532
0.99816991 -0.00409815 0.06033267 0.00391215 0.99998723 0.00320071 -0.06034502 -0.00295882 0.99817319
0.99813220 -0.00532939 0.06085807 0.00508464 0.99997835 0.00417587 -0.06087901 -0.00385863 0.99813769
0.99809724 -0.00221118 0.06161990 0.00215107 0.99999714 0.00104183 -0.06162203 -0.00090730 0.99809914
0.99821918 -0.00278701 0.05958783 0.00278857 0.99999611 0.00005684 -0.05958776 0.00010943 0.99822306
0.99831198 -0.00219565 0.05803771 0.00216650 0.99999749 0.00056519 -0.05803880 -0.00043850 0.99831423
0.99831561 0.00354002 0.05790862 -0.00367374 0.99999083 0.00220300 -0.05790029 -0.00241203 0.99831946
0.99869274 -0.00041379 0.05111400 0.00037166 0.99999958 0.00083376 -0.05111433 -0.00081368 0.99869248
0.99874356 -0.00209176 0.05006929 0.00207890 0.99999779 0.00030884 -0.05006983 -0.00020436 0.99874570
0.99899091 -0.00164180 0.04488272 0.00154234 0.99999628 0.00225055 -0.04488625 -0.00217905 0.99898973
0.99901941 0.00118083 0.04425860 -0.00120143 0.99999918 0.00043867 -0.04425805 -0.00049141 0.99902001
0.99918132 -0.00154822 0.04042638 0.00161304 0.99999747 -0.00157078 -0.04042385 0.00163471 0.99918128
0.99933346 -0.00316613 0.03636784 0.00327730 0.99999014 -0.00299760 -0.03635799 0.00311479 0.99933398
0.99947848 -0.00399326 0.03204407 0.00414577 0.99998039 -0.00469414 -0.03202470 0.00482454 0.99947543
0.99960950 -0.00236962 0.02784296 0.00246607 0.99999108 -0.00343026 -0.02783459 0.00349758 0.99960642
0.99978152 -0.00181663 0.02082316 0.00184578 0.99999734 -0.00138083 -0.02082060 0.00141896 0.99978222
0.99988107 -0.00164211 0.01533440 0.00164480 0.99999863 -0.00016271 -0.01533411 0.00018791 0.99988241
0.99994237 -0.00125037 0.01066251 0.00124957 0.99999922 0.00008126 -0.01066260 -0.00006793 0.99994315
0.99994346 -0.00027534 0.01063034 0.00025544 0.99999821 0.00187327 -0.01063084 -0.00187045 0.99994174
0.99993921 0.00099954 0.01098102 -0.00101890 0.99999794 0.00175762 -0.01097924 -0.00176870 0.99993816
0.99994725 0.00038947 0.01026414 -0.00041013 0.99999789 0.00201065 -0.01026334 -0.00201475 0.99994530
0.99995036 0.00064625 0.00994259 -0.00066899 0.99999717 0.00228427 -0.00994109 -0.00229081 0.99994796
0.99995407 -0.00074657 0.00955487 0.00073611 0.99999913 0.00109855 -0.00955568 -0.00109147 0.99995375
0.99992891 -0.00051321 0.01191233 0.00050501 0.99999963 0.00069126 -0.01191268 -0.00068520 0.99992881
0.99993640 0.00043700 0.01127009 -0.00047549 0.99999406 0.00341292 -0.01126853 -0.00341806 0.99993067
0.99994334 0.00093738 0.01060397 -0.00098168 0.99999081 0.00417310 -0.01059996 -0.00418327 0.99993507
0.99992578 -0.00078900 0.01215769 0.00074104 0.99999193 0.00394837 -0.01216071 -0.00393907 0.99991830
0.99991190 -0.00020789 0.01327207 0.00017554 0.99999701 0.00243828 -0.01327253 -0.00243573 0.99990895
0.99990392 -0.00076851 0.01384048 0.00076103 0.99999956 0.00054544 -0.01384090 -0.00053486 0.99990407
0.99989463 0.00014464 0.01451557 -0.00013231 0.99999963 -0.00085039 -0.01451569 0.00084838 0.99989428
0.99983999 -0.00032183 0.01788540 0.00034441 0.99999915 -0.00125954 -0.01788498 0.00126550 0.99983925
0.99975723 0.00190387 0.02195101 -0.00186410 0.99999658 -0.00183195 -0.02195442 0.00179059 0.99975737
0.99961087 0.00415041 0.02758398 -0.00408633 0.99998882 -0.00237904 -0.02759354 0.00226539 0.99961666
0.99961411 0.00045741 0.02777462 -0.00048034 0.99999955 0.00081897 -0.02777424 -0.00083200 0.99961388
0.99943822 0.00104307 0.03349854 -0.00103048 0.99999939 -0.00039313 -0.03349893 0.00035839 0.99943869
0.99939513 -0.00024343 0.03477529 0.00027570 0.99999954 -0.00092293 -0.03477505 0.00093196 0.99939473
0.99943209 -0.00296558 0.03356647 0.00302573 0.99999391 -0.00174121 -0.03356110 0.00184179 0.99943497
0.99945135 0.00027868 0.03311968 -0.00021192 0.99999794 -0.00201912 -0.03312017 0.00201100 0.99944935
0.99942621 0.00128619 0.03384654 -0.00120953 0.99999666 -0.00228538 -0.03384937 0.00224313 0.99942443
0.99945718 -0.00406607 0.03269264 0.00420614 0.99998226 -0.00421688 -0.03267492 0.00435210 0.99945656
0.99948481 -0.00444281 0.03178653 0.00460777 0.99997629 -0.00511832 -0.03176303 0.00526215 0.99948158
0.99950507 -0.00769117 0.03050335 0.00785111 0.99995604 -0.00512696 -0.03046258 0.00536390 0.99952152
0.99953696 -0.00696130 0.02962091 0.00706859 0.99996883 -0.00351896 -0.02959549 0.00372671 0.99955501
0.99956030 -0.00866023 0.02835860 0.00877107 0.99995436 -0.00378653 -0.02832452 0.00403360 0.99959064
0.99962052 -0.00621895 0.02683527 0.00645525 0.99994108 -0.00872786 -0.02677941 0.00889777 0.99960177
0.99967966 -0.00445342 0.02491470 0.00483126 0.99987393 -0.01512568 -0.02484419 0.01524120 0.99957515
0.99965337 -0.00019269 0.02632684 0.00067529 0.99983189 -0.01832336 -0.02631888 0.01833479 0.99948544
0.99965728 0.00079903 0.02616648 -0.00038185 0.99987281 -0.01594424 -0.02617589 0.01592878 0.99953044
0.99965725 -0.00322716 0.02598033 0.00348636 0.99994454 -0.00993761 -0.02594682 0.01002478 0.99961306
0.99966937 0.00029619 0.02571109 -0.00017716 0.99998926 -0.00463160 -0.02571219 0.00462551 0.99965869
0.99964870 -0.00190270 0.02643578 0.00186673 0.99999730 0.00138512 -0.02643835 -0.00133528 0.99964955
0.99975488 -0.00250482 0.02199806 0.00235829 0.99997488 0.00668481 -0.02201425 -0.00663130 0.99973566
0.99981678 -0.00719034 0.01773972 0.00712609 0.99996783 0.00368245 -0.01776562 -0.00355536 0.99983586
0.99987216 -0.00116427 0.01594708 0.00115886 0.99999927 0.00034834 -0.01594747 -0.00032981 0.99987278
0.99991087 -0.00316874 0.01296950 0.00320883 0.99999013 -0.00307148 -0.01295964 0.00311283 0.99991118
0.99994219 -0.00036628 0.01074586 0.00039870 0.99999538 -0.00301484 -0.01074471 0.00301895 0.99993772
0.99989585 0.00749351 0.01233453 -0.00745977 0.99996831 -0.00277890 -0.01235497 0.00268660 0.99992007
0.99991896 0.00128083 0.01266607 -0.00129243 0.99999875 0.00090720 -0.01266489 -0.00092350 0.99991937
0.99995657 -0.00107250 0.00925816 0.00108624 0.99999832 -0.00147906 -0.00925656 0.00148905 0.99995605
0.99995435 -0.00252235 0.00921657 0.00254163 0.99999461 -0.00208076 -0.00921128 0.00210409 0.99995536
0.99998572 -0.00167996 0.00507269 0.00169157 0.99999595 -0.00228694 -0.00506883 0.00229549 0.99998452
0.99999891 -0.00113959 -0.00094191 0.00113705 0.99999575 -0.00268593 0.00094497 0.00268486 0.99999595
0.99998816 -0.00243525 -0.00421416 0.00244040 0.99999628 0.00121655 0.00421118 -0.00122682 0.99999038
0.99997294 0.00129476 -0.00724150 -0.00129242 0.99999911 0.00032653 0.00724191 -0.00031716 0.99997373
0.99995565 0.00138663 -0.00931565 -0.00137704 0.99999852 0.00103547 0.00931708 -0.00102260 0.99995607
0.99996123 0.00054019 -0.00878942 -0.00053689 0.99999978 0.00037870 0.00878962 -0.00037397 0.99996130
0.99996592 0.00207047 -0.00799241 -0.00206845 0.99999783 0.00026060 0.00799293 -0.00024406 0.99996803
0.99998462 0.00412726 -0.00370503 -0.00413196 0.99999067 -0.00126357 0.00369978 0.00127886 0.99999234
0.99998605 0.00390026 -0.00356309 -0.00389856 0.99999228 0.00048533 0.00356496 -0.00047143 0.99999353
0.99999548 0.00300541 0.00003654 -0.00300545 0.99999490 0.00108047 -0.00003330 -0.00108057 0.99999942
0.99999846 0.00174539 -0.00019351 -0.00174553 0.99999824 -0.00068877 0.00019230 0.00068911 0.99999974
0.99999933 0.00043000 0.00107015 -0.00043092 0.99999954 0.00086065 -0.00106978 -0.00086111 0.99999906
1.00000000 0.00008015 -0.00000638 -0.00008015 0.99999991 0.00042717 0.00000641 -0.00042717 0.99999991
0.99999755 0.00086841 0.00203645 -0.00086977 0.99999940 0.00066649 -0.00203587 -0.00066826 0.99999770
0.99999645 0.00220798 0.00149049 -0.00220630 0.99999693 -0.00112763 -0.00149298 0.00112433 0.99999825
0.99999730 0.00227742 0.00045934 -0.00227761 0.99999732 0.00041068 -0.00045840 -0.00041173 0.99999981
0.99999933 0.00048917 0.00104821 -0.00049015 0.99999945 0.00093054 -0.00104775 -0.00093106 0.99999902
0.99999828 0.00175651 -0.00059055 -0.00175653 0.99999846 -0.00002772 0.00059050 0.00002876 0.99999983
0.99999903 0.00053348 -0.00128719 -0.00053145 0.99999862 0.00157363 0.00128802 -0.00157295 0.99999793
0.99999476 -0.00170974 -0.00275004 0.00171729 0.99999476 0.00274325 0.00274534 -0.00274796 0.99999246
0.99999472 -0.00013933 -0.00324545 0.00014455 0.99999870 0.00160714 0.00324523 -0.00160760 0.99999344
0.99999429 -0.00036430 -0.00335931 0.00036593 0.99999982 0.00048290 0.00335913 -0.00048412 0.99999424
0.99999756 0.00001951 -0.00220988 -0.00002047 0.99999990 -0.00043551 0.00220987 0.00043555 0.99999746
0.99999958 0.00073040 -0.00054479 -0.00073064 0.99999964 -0.00042778 0.00054448 0.00042817 0.99999976
0.99999945 0.00039537 0.00096981 -0.00039325 0.99999754 -0.00218152 -0.00097067 0.00218113 0.99999715
0.99998888 0.00102132 0.00460412 -0.00101141 0.99999717 -0.00215418 -0.00460631 0.00214950 0.99998708
0.99998441 0.00073785 0.00553562 -0.00073234 0.99999924 -0.00099657 -0.00553636 0.00099250 0.99998418
0.99997700 -0.00149787 0.00661426 0.00148461 0.99999688 0.00200847 -0.00661725 -0.00199860 0.99997611
0.99997088 0.00148751 0.00748521 -0.00151404 0.99999259 0.00354025 -0.00747989 -0.00355148 0.99996572
0.99998038 0.00210241 0.00590115 -0.00210820 0.99999730 0.00097576 -0.00589908 -0.00098819 0.99998211
0.99997050 -0.00105536 0.00760800 0.00107260 0.99999687 -0.00226185 -0.00760559 0.00226994 0.99996850
0.99998353 -0.00092964 0.00566363 0.00094409 0.99999630 -0.00255001 -0.00566124 0.00255532 0.99998071
0.99998189 0.00214522 0.00562227 -0.00213414 0.99999577 -0.00197631 -0.00562648 0.00196427 0.99998224
0.99998819 0.00175497 0.00453112 -0.00175123 0.99999812 -0.00082978 -0.00453257 0.00082183 0.99998939
0.99999205 -0.00182503 0.00354618 0.00181926 0.99999702 0.00162983 -0.00354914 -0.00162337 0.99999238
0.99999470 -0.00020453 0.00324920 0.00017790 0.99996643 0.00819215 -0.00325077 -0.00819153 0.99996116
0.99999689 0.00022415 0.00248433 -0.00025274 0.99993368 0.01151369 -0.00248159 -0.01151428 0.99993063
0.99999664 -0.00073305 0.00248450 0.00072808 0.99999774 0.00199902 -0.00248596 -0.00199721 0.99999492
0.99999805 0.00135975 0.00143445 -0.00135179 0.99998376 -0.00553611 -0.00144195 0.00553416 0.99998365
0.99999427 -0.00279174 0.00191548 0.00280394 0.99997561 -0.00639701 -0.00189757 0.00640235 0.99997770
0.99996689 -0.00813538 -0.00018660 0.00813535 0.99996690 -0.00015789 0.00018788 0.00015637 0.99999997
0.99998795 -0.00490186 0.00026180 0.00490156 0.99998732 0.00115933 -0.00026748 -0.00115804 0.99999929
0.99999985 0.00053271 -0.00011870 -0.00053224 0.99999196 0.00397351 0.00012081 -0.00397345 0.99999210
0.99999863 0.00062743 -0.00153213 -0.00061980 0.99998742 0.00497701 0.00153523 -0.00497605 0.99998644
0.99999185 0.00388415 -0.00110183 -0.00387874 0.99998063 0.00486858 0.00112071 -0.00486426 0.99998754
0.99995890 0.00906579 0.00003358 -0.00906584 0.99995618 0.00233262 -0.00001243 -0.00233283 0.99999728
0.99997242 0.00709883 -0.00218477 -0.00709512 0.99997338 0.00170288 0.00219680 -0.00168733 0.99999616
0.99998172 -0.00491386 -0.00352242 0.00491779 0.99998729 0.00110929 0.00351692 -0.00112659 0.99999318
0.99999240 -0.00315398 -0.00229191 0.00315152 0.99999446 -0.00107583 0.00229529 0.00106859 0.99999679
0.99998122 -0.00265316 -0.00552444 0.00263972 0.99999354 -0.00243912 0.00553088 0.00242449 0.99998177
0.99995953 -0.00376312 -0.00817221 0.00376464 0.99999290 0.00016985 0.00817152 -0.00020061 0.99996659
0.99993944 -0.00744422 -0.00810580 0.00744584 0.99997227 0.00016861 0.00810432 -0.00022895 0.99996713
0.99992474 0.00308550 -0.01187377 -0.00309045 0.99999515 -0.00039864 0.01187248 0.00043530 0.99992942
0.99991609 0.00208913 -0.01278493 -0.00206774 0.99999644 0.00168613 0.01278840 -0.00165955 0.99991685
0.99989152 0.00137074 -0.01466550 -0.00134419 0.99999744 0.00181984 0.01466795 -0.00179993 0.99989080
0.99992185 -0.00078246 -0.01247751 0.00079741 0.99999897 0.00119349 0.01247656 -0.00120334 0.99992144
0.99991018 -0.00017993 -0.01340175 0.00019276 0.99999952 0.00095634 0.01340157 -0.00095883 0.99990974
0.99990381 -0.00117609 -0.01381956 0.00116979 0.99999921 -0.00046420 0.01382009 0.00044799 0.99990440
0.99990525 0.00033512 -0.01376167 -0.00039483 0.99999052 -0.00433624 0.01376008 0.00434126 0.99989590
0.99991544 -0.00345980 -0.01253536 0.00334924 0.99995540 -0.00883087 0.01256536 0.00878814 0.99988243
0.99989283 0.00115142 -0.01459452 -0.00124265 0.99997973 -0.00624390 0.01458703 0.00626137 0.99987400
0.99992128 0.00265898 -0.01226196 -0.00261749 0.99999080 0.00339799 0.01227088 -0.00336563 0.99991905
0.99992067 0.00086222 -0.01256584 -0.00081332 0.99999208 0.00389584 0.01256910 -0.00388531 0.99991346
0.99993442 0.00263186 -0.01114573 -0.00265324 0.99999467 -0.00190351 0.01114066 0.00193296 0.99993607
0.99994716 0.00868278 -0.00550356 -0.00871776 0.99994174 -0.00636566 0.00544797 0.00641330 0.99996459
0.99997012 0.00639248 -0.00434685 -0.00642897 0.99994378 -0.00843180 0.00429270 0.00845949 0.99995500
0.99999115 0.00103612 -0.00407833 -0.00104782 0.99999534 -0.00286761 0.00407534 0.00287186 0.99998757
0.99997491 0.00585102 -0.00399205 -0.00585373 0.99998264 -0.00066789 0.00398807 0.00069124 0.99999181
0.99998814 0.00130677 -0.00469124 -0.00130904 0.99999903 -0.00048028 0.00469061 0.00048641 0.99998888
0.99997423 0.00295721 -0.00654190 -0.00292922 0.99998653 0.00428489 0.00655448 -0.00426562 0.99996942
0.99996782 -0.00146182 -0.00788768 0.00149953 0.99998746 0.00477717 0.00788060 -0.00478884 0.99995748
0.99998407 0.00218109 -0.00520645 -0.00216994 0.99999534 0.00214713 0.00521111 -0.00213580 0.99998414
0.99993806 0.00910520 -0.00640124 -0.00912128 0.99995531 -0.00248686 0.00637831 0.00254510 0.99997642
0.99993387 0.00822136 -0.00804165 -0.00825430 0.99995764 -0.00407177 0.00800784 0.00413788 0.99995938
0.99996809 -0.00284990 -0.00746283 0.00282320 0.99998958 -0.00358682 0.00747297 0.00356563 0.99996572
0.99996733 -0.00336073 -0.00735090 0.00333649 0.99998896 -0.00330761 0.00736194 0.00328298 0.99996751
0.99997577 0.00153663 -0.00679011 -0.00152660 0.99999774 0.00148163 0.00679237 -0.00147123 0.99997585
0.99996940 -0.00078372 -0.00778302 0.00082297 0.99998696 0.00504057 0.00777896 -0.00504682 0.99995701
0.99996542 0.00187921 -0.00810081 -0.00186551 0.99999682 0.00169816 0.00810398 -0.00168299 0.99996575
0.99997647 0.00149560 -0.00669555 -0.00152121 0.99999154 -0.00382163 0.00668978 0.00383173 0.99997028
0.99997082 -0.00263807 -0.00716973 0.00262102 0.99999372 -0.00238516 0.00717598 0.00236630 0.99997145
0.99997370 0.00094578 -0.00719110 -0.00095220 0.99999915 -0.00088898 0.00719025 0.00089581 0.99997375
0.99996405 -0.00025298 -0.00847593 0.00025793 0.99999980 0.00058252 0.00847578 -0.00058469 0.99996391
0.99994634 -0.00588535 -0.00852472 0.00589758 0.99998161 0.00141079 0.00851626 -0.00146099 0.99996267
0.99996066 -0.00493126 -0.00737363 0.00492960 0.99998782 -0.00024321 0.00737474 0.00020685 0.99997278
0.99997554 -0.00159139 -0.00681140 0.00158905 0.99999868 -0.00034984 0.00681195 0.00033901 0.99997674
0.99995637 0.00631569 -0.00688253 -0.00631429 0.99998004 0.00022594 0.00688382 -0.00018248 0.99997629
0.99997594 0.00429243 -0.00544923 -0.00428797 0.99999046 0.00082960 0.00545274 -0.00080621 0.99998481
0.99998473 -0.00311917 -0.00456147 0.00312182 0.99999496 0.00057284 0.00455966 -0.00058707 0.99998943
0.99998746 -0.00207177 -0.00456036 0.00207345 0.99999778 0.00036303 0.00455959 -0.00037249 0.99998954
0.99998755 -0.00057970 -0.00495656 0.00057458 0.99999930 -0.00103458 0.00495715 0.00103172 0.99998718
0.99995250 -0.00781200 -0.00582874 0.00781704 0.99996909 0.00084357 0.00582197 -0.00088909 0.99998266
0.99994861 -0.00833273 -0.00577452 0.00834739 0.99996199 0.00251821 0.00575331 -0.00256628 0.99998016
0.99998630 -0.00238618 -0.00466003 0.00239892 0.99999340 0.00272969 0.00465349 -0.00274083 0.99998542
0.99999120 0.00209963 -0.00363185 -0.00210852 0.99999479 -0.00244442 0.00362670 0.00245205 0.99999042
0.99999209 0.00163064 -0.00362794 -0.00163798 0.99999661 -0.00202257 0.00362463 0.00202850 0.99999137
0.99999369 0.00312391 -0.00168998 -0.00312605 0.99999431 -0.00126775 0.00168601 0.00127303 0.99999777
0.99999929 0.00081137 -0.00086948 -0.00081058 0.99999926 0.00091223 0.00087022 -0.00091153 0.99999921
0.99999902 -0.00099400 -0.00098869 0.00099848 0.99998918 0.00454409 0.00098417 -0.00454508 0.99998919
0.99999759 0.00111327 -0.00189287 -0.00110394 0.99998728 0.00492241 0.00189833 -0.00492031 0.99998609
0.99999879 0.00154575 -0.00020039 -0.00154534 0.99999678 0.00201487 0.00020351 -0.00201456 0.99999795
0.99999915 0.00067609 -0.00111176 -0.00068358 0.99997699 -0.00674956 0.00110717 0.00675032 0.99997660
0.99999972 0.00072054 0.00019838 -0.00071970 0.99999104 -0.00417227 -0.00020138 0.00417212 0.99999128
0.99999059 0.00433254 0.00020720 -0.00433267 0.99999039 0.00066516 -0.00020431 -0.00066605 0.99999976
0.99999580 0.00173452 -0.00232169 -0.00173464 0.99999849 -0.00005062 0.00232160 0.00005465 0.99999730
0.99996977 -0.00762622 -0.00151858 0.00762725 0.99997068 0.00067484 0.00151339 -0.00068640 0.99999862
0.99999623 0.00264404 -0.00073747 -0.00264641 0.99999126 -0.00323563 0.00072891 0.00323757 0.99999449
0.99996064 0.00887016 0.00019879 -0.00886948 0.99995567 -0.00316049 -0.00022682 0.00315860 0.99999499
0.99997545 0.00698225 -0.00058289 -0.00698379 0.99997200 -0.00268804 0.00056411 0.00269204 0.99999622
0.99998862 -0.00463621 -0.00112413 0.00463290 0.99998496 -0.00293449 0.00113772 0.00292925 0.99999506
0.99999746 -0.00221421 -0.00040987 0.00221414 0.99999753 -0.00017659 0.00041026 0.00017568 0.99999990
0.99999510 0.00259091 -0.00175743 -0.00259309 0.99999587 -0.00123578 0.00175422 0.00124033 0.99999769
0.99995590 -0.00890402 -0.00298559 0.00890923 0.99995881 0.00173566 0.00297001 -0.00176218 0.99999404
0.99997136 -0.00624939 -0.00426918 0.00626747 0.99997140 0.00423405 0.00424260 -0.00426068 0.99998192
0.99998780 -0.00450952 -0.00201668 0.00452115 0.99997296 0.00579977 0.00199047 -0.00580881 0.99998115
0.99999366 -0.00041070 -0.00353712 0.00041212 0.99999983 0.00040129 0.00353696 -0.00040275 0.99999366
0.99998239 -0.00197884 -0.00559424 0.00195281 0.99998727 -0.00465338 0.00560337 0.00464237 0.99997352
0.99998105 0.00054654 -0.00613212 -0.00056113 0.99999702 -0.00237704 0.00613081 0.00238043 0.99997837
0.99995882 -0.00087385 -0.00903313 0.00087097 0.99999957 -0.00032234 0.00903341 0.00031446 0.99995915
0.99995529 -0.00172394 -0.00929787 0.00176780 0.99998734 0.00471139 0.00928963 -0.00472761 0.99994567
0.99992074 -0.00311025 -0.01220032 0.00313053 0.99999375 0.00164311 0.01219513 -0.00168118 0.99992422
0.99990603 -0.00389142 -0.01314458 0.00386231 0.99999003 -0.00223895 0.01315316 0.00218797 0.99991110
0.99990405 0.00229911 -0.01366052 -0.00232875 0.99999497 -0.00215406 0.01365550 0.00218567 0.99990437
0.99991508 -0.00193959 -0.01288705 0.00192615 0.99999759 -0.00105533 0.01288907 0.00103041 0.99991640
0.99991199 -0.00051345 -0.01325705 0.00049277 0.99999866 -0.00156313 0.01325783 0.00155646 0.99991090
0.99989981 0.00215427 -0.01399015 -0.00224864 0.99997480 -0.00673337 0.01397529 0.00676416 0.99987946
0.99988632 0.00592640 -0.01386453 -0.00605581 0.99993832 -0.00931031 0.01380850 0.00939322 0.99986054
0.99990101 0.00359272 -0.01360391 -0.00370239 0.99996079 -0.00804474 0.01357448 0.00809431 0.99987510
0.99988526 0.00035284 -0.01514402 -0.00034274 0.99999972 0.00066956 0.01514425 -0.00066429 0.99988510
0.99992408 0.00202854 -0.01215396 -0.00198115 0.99999039 0.00391047 0.01216177 -0.00388609 0.99991849
0.99993638 0.00452193 -0.01033408 -0.00450353 0.99998823 0.00180284 0.01034211 -0.00175619 0.99994498
0.99995987 0.00427604 -0.00787252 -0.00433236 0.99996505 -0.00715052 0.00784167 0.00718434 0.99994345
0.99997699 -0.00098639 -0.00671142 0.00093407 0.99996919 -0.00779447 0.00671890 0.00778802 0.99994710
0.99999625 0.00223506 -0.00158233 -0.00224118 0.99998997 -0.00387791 0.00157365 0.00388144 0.99999123
0.99999455 0.00320106 0.00081307 -0.00320459 0.99998530 0.00437385 -0.00079906 -0.00437643 0.99999010
0.99999837 0.00069237 0.00166909 -0.00069928 0.99999119 0.00414011 -0.00166621 -0.00414127 0.99999004
0.99999389 -0.00055198 0.00345155 0.00054292 0.99999641 0.00262354 -0.00345298 -0.00262165 0.99999060
0.99998301 -0.00500141 0.00299567 0.00500385 0.99998715 -0.00080799 -0.00299159 0.00082296 0.99999519
0.99999395 -0.00175127 0.00300603 0.00175065 0.99999845 0.00020980 -0.00300639 -0.00020454 0.99999546
0.99998852 0.00155660 0.00453176 -0.00156490 0.99999710 0.00182907 -0.00452890 -0.00183615 0.99998806
0.99997601 0.00266960 0.00639168 -0.00266678 0.99999634 -0.00044920 -0.00639285 0.00043214 0.99997947
0.99996815 0.00242544 0.00760358 -0.00243909 0.99999543 0.00178614 -0.00759921 -0.00180463 0.99996950
0.99996584 0.00052890 0.00824834 -0.00055337 0.99999545 0.00296463 -0.00824673 -0.00296909 0.99996159
0.99998720 0.00084292 0.00498880 -0.00084650 0.99999939 0.00071563 -0.00498820 -0.00071984 0.99998730
0.99999227 -0.00125126 0.00372711 0.00125077 0.99999921 0.00013208 -0.00372727 -0.00012742 0.99999305
0.99999327 0.00031774 0.00365444 -0.00031166 0.99999857 -0.00166301 -0.00365497 0.00166186 0.99999194
0.99999837 -0.00080119 0.00161967 0.00080472 0.99999731 -0.00217771 -0.00161792 0.00217901 0.99999632
0.99999671 -0.00201223 0.00159242 0.00201416 0.99999724 -0.00121338 -0.00158997 0.00121658 0.99999800
0.99999625 -0.00271347 -0.00038069 0.00271409 0.99999498 0.00163780 0.00037624 -0.00163882 0.99999859
0.99998769 -0.00269320 -0.00416615 0.00270914 0.99998901 0.00382503 0.00415581 -0.00383627 0.99998401
0.99997212 0.00019694 -0.00746503 -0.00019861 0.99999996 -0.00022374 0.00746498 0.00022521 0.99997211
0.99993153 -0.00255296 -0.01142021 0.00254206 0.99999630 -0.00096869 0.01142264 0.00093960 0.99993432
0.99988615 -0.00448206 -0.01440839 0.00448267 0.99998995 0.00001061 0.01440820 -0.00007520 0.99989619
0.99988283 0.00170956 -0.01521224 -0.00168477 0.99999723 0.00164210 0.01521500 -0.00161627 0.99988294
0.99986015 0.00387876 -0.01626734 -0.00380497 0.99998234 0.00456470 0.01628476 -0.00450217 0.99985726
0.99987874 0.00035262 -0.01556855 -0.00025341 0.99997965 0.00637402 0.01557048 -0.00636930 0.99985849
0.99983767 -0.00027237 -0.01801535 0.00039282 0.99997759 0.00668270 0.01801313 -0.00668869 0.99981538
0.99984267 0.00099703 -0.01770967 -0.00087532 0.99997596 0.00687910 0.01771610 -0.00686251 0.99981951
0.99985195 -0.00017603 -0.01720606 0.00028768 0.99997892 0.00648674 0.01720456 -0.00649073 0.99983092
0.99982907 0.00171581 -0.01840874 -0.00168020 0.99999669 0.00195010 0.01841203 -0.00191884 0.99982864
0.99983465 -0.00157876 -0.01811589 0.00159702 0.99999823 0.00099349 0.01811429 -0.00102226 0.99983540
0.99984912 0.00117151 -0.01733115 -0.00115365 0.99999879 0.00104087 0.01733234 -0.00102071 0.99984926
0.99985340 0.00383547 -0.01668739 -0.00381676 0.99999205 0.00115257 0.01669168 -0.00108871 0.99986009
0.99988988 0.00293749 -0.01454665 -0.00286829 0.99998448 0.00477549 0.01456045 -0.00473324 0.99988279
0.99993365 -0.00216915 -0.01131342 0.00220214 0.99999336 0.00290395 0.01130705 -0.00292867 0.99993178
0.99992066 -0.00463908 -0.01171086 0.00463266 0.99998910 -0.00057553 0.01171340 0.00052123 0.99993126
0.99993756 0.00338099 -0.01065116 -0.00340961 0.99999062 -0.00266989 0.01064204 0.00270604 0.99993971
0.99996241 0.00260185 -0.00827068 -0.00264841 0.99998068 -0.00562345 0.00825589 0.00564515 0.99994999
0.99994349 0.00094392 -0.01058915 -0.00105323 0.99994617 -0.01032238 0.01057883 0.01033295 0.99989065
0.99994749 -0.00644574 -0.00796728 0.00638849 0.99995374 -0.00719010 0.00801325 0.00713883 0.99994241
0.99998748 0.00040859 -0.00498809 -0.00039953 0.99999827 0.00181736 0.00498882 -0.00181534 0.99998591
0.99997978 0.00295163 -0.00563314 -0.00290803 0.99996587 0.00773350 0.00565577 -0.00771696 0.99995423
0.99997741 0.00516753 -0.00429783 -0.00511644 0.99991711 0.01181476 0.00435852 -0.01179251 0.99992097
0.99999715 -0.00065554 -0.00229711 0.00067569 0.99996120 0.00878308 0.00229127 -0.00878461 0.99995879
0.99999418 -0.00316219 -0.00128437 0.00316176 0.99999495 -0.00033435 0.00128542 0.00033029 0.99999912
0.99999372 -0.00327110 -0.00136604 0.00326660 0.99998927 -0.00328473 0.00137677 0.00328025 0.99999367
0.99999652 -0.00258441 -0.00052586 0.00258408 0.99999647 -0.00062321 0.00052747 0.00062185 0.99999967
0.99999787 0.00125908 -0.00163349 -0.00125410 0.99999459 0.00304206 0.00163731 -0.00304000 0.99999404
0.99999791 0.00063201 -0.00194622 -0.00062390 0.99999113 0.00416536 0.00194883 -0.00416413 0.99998943
0.99999417 -0.00089384 -0.00329527 0.00091148 0.99998525 0.00535449 0.00329043 -0.00535746 0.99998024
0.99999600 -0.00132156 -0.00249985 0.00132977 0.99999372 0.00328418 0.00249549 -0.00328749 0.99999148
0.99999258 0.00016613 -0.00384751 -0.00016412 0.99999985 0.00052228 0.00384759 -0.00052165 0.99999246
0.99996348 -0.00176384 -0.00836190 0.00179101 0.99999314 0.00324226 0.00835613 -0.00325712 0.99995978
0.99990858 -0.00382004 -0.01297044 0.00383230 0.99999223 0.00092095 0.01296682 -0.00097057 0.99991546
0.99994313 0.00029659 -0.01066061 -0.00032120 0.99999729 -0.00230663 0.01065990 0.00230992 0.99994051
0.99992516 0.00096348 -0.01219605 -0.00100601 0.99999343 -0.00348149 0.01219262 0.00349350 0.99991956
0.99991848 0.00194015 -0.01262003 -0.00197930 0.99999327 -0.00309041 0.01261395 0.00311514 0.99991559
0.99986243 -0.00299702 -0.01631404 0.00297209 0.99999438 -0.00155222 0.01631860 0.00150352 0.99986571
0.99993018 -0.00189495 -0.01166410 0.00193285 0.99999289 0.00323930 0.01165788 -0.00326162 0.99992673
0.99992576 0.00121022 -0.01212461 -0.00118976 0.99999786 0.00169423 0.01212663 -0.00167968 0.99992506
0.99993663 0.00209491 -0.01106127 -0.00207610 0.99999638 0.00171171 0.01106482 -0.00168863 0.99993736
0.99993879 0.00367726 -0.01043510 -0.00364687 0.99998906 0.00292909 0.01044576 -0.00289086 0.99994126
0.99996372 0.00325460 -0.00787203 -0.00325438 0.99999470 0.00004138 0.00787212 -0.00001576 0.99996901
0.99998691 0.00076715 -0.00505970 -0.00075511 0.99999688 0.00237977 0.00506151 -0.00237592 0.99998437
0.99999367 -0.00283176 -0.00215434 0.00283840 0.99999122 0.00308314 0.00214559 -0.00308923 0.99999293
0.99998971 -0.00448902 -0.00066224 0.00448760 0.99998766 -0.00212884 0.00067178 0.00212584 0.99999751
0.99999927 -0.00092513 0.00077808 0.00092542 0.99999950 -0.00037733 -0.00077773 0.00037805 0.99999963
0.99999358 -0.00352427 0.00064580 0.00352620 0.99998923 -0.00301729 -0.00063516 0.00301955 0.99999524
0.99999547 -0.00300528 0.00016196 0.00300520 0.99999538 0.00045077 -0.00016332 -0.00045028 0.99999989
0.99999234 -0.00386146 0.00063504 0.00385812 0.99997914 0.00518113 -0.00065503 -0.00517864 0.99998638
0.99999814 -0.00126464 0.00145895 0.00125813 0.99998930 0.00445066 -0.00146457 -0.00444882 0.99998903
0.99999833 -0.00122948 0.00135243 0.00122699 0.99999755 0.00184110 -0.00135469 -0.00183944 0.99999739
0.99999752 0.00093269 0.00202190 -0.00093416 0.99999930 0.00072701 -0.00202123 -0.00072890 0.99999769
0.99999769 0.00047971 0.00209588 -0.00048131 0.99999959 0.00076526 -0.00209551 -0.00076627 0.99999751
0.99999846 0.00088240 0.00151407 -0.00087991 0.99999826 -0.00164211 -0.00151551 0.00164078 0.99999751
0.99999774 -0.00105256 0.00184696 0.00106034 0.99999055 -0.00421658 -0.00184251 0.00421853 0.99998940
0.99999925 0.00038959 0.00116071 -0.00038185 0.99997773 -0.00666240 -0.00116328 0.00666195 0.99997713
0.99999742 0.00217647 0.00065159 -0.00217537 0.99999621 -0.00168670 -0.00065526 0.00168528 0.99999837
0.99998952 0.00400406 0.00221810 -0.00401293 0.99998392 0.00400701 -0.00220202 -0.00401587 0.99998951
0.99999759 0.00186582 0.00116104 -0.00187048 0.99999014 0.00402685 -0.00115351 -0.00402902 0.99999122
0.99999323 0.00245223 0.00274176 -0.00245382 0.99999682 0.00057787 -0.00274033 -0.00058459 0.99999607
0.99999134 0.00223421 0.00351008 -0.00223545 0.99999744 0.00035088 -0.00350929 -0.00035872 0.99999378
0.99997840 -0.00066344 0.00653976 0.00065935 0.99999959 0.00062619 -0.00654018 -0.00062186 0.99997842
0.99995821 0.00116137 0.00906752 -0.00115810 0.99999926 -0.00036490 -0.00906794 0.00035438 0.99995882
0.99994337 -0.00204114 0.01044441 0.00207233 0.99999342 -0.00297596 -0.01043827 0.00299744 0.99994103
0.99993447 0.00082285 0.01141808 -0.00078607 0.99999449 -0.00322522 -0.01142067 0.00321603 0.99992961
0.99993097 0.00232718 0.01151699 -0.00234811 0.99999562 0.00180385 -0.01151274 -0.00183077 0.99993205
0.99992060 -0.00612980 0.01101009 0.00606063 0.99996176 0.00630422 -0.01104832 -0.00623699 0.99991951
0.99995484 -0.00305442 0.00899906 0.00297786 0.99995937 0.00850847 -0.00902468 -0.00848129 0.99992331
0.99997390 0.00012135 0.00722413 -0.00016083 0.99998506 0.00546373 -0.00722336 -0.00546475 0.99995898
0.99995351 0.00650220 0.00712086 -0.00652599 0.99997319 0.00332264 -0.00709906 -0.00336896 0.99996913
0.99999697 0.00026113 0.00244734 -0.00026472 0.99999889 0.00146606 -0.00244695 -0.00146671 0.99999593
0.99999638 -0.00219731 0.00155465 0.00219520 0.99999667 0.00135675 -0.00155762 -0.00135333 0.99999787
0.99999922 0.00076241 0.00098924 -0.00076088 0.99999852 -0.00154415 -0.00099042 0.00154340 0.99999832
0.99998842 0.00471706 0.00095644 -0.00471611 0.99998838 -0.00100043 -0.00096115 0.00099590 0.99999904
0.99999598 0.00236688 0.00156075 -0.00236694 0.99999720 0.00003156 -0.00156067 -0.00003526 0.99999878
0.99999887 0.00071490 -0.00132476 -0.00071274 0.99999842 0.00162836 0.00132592 -0.00162742 0.99999780
0.99999840 -0.00134251 -0.00118242 0.00134438 0.99999784 0.00158385 0.00118029 -0.00158544 0.99999805
0.99999706 -0.00167748 -0.00175016 0.00167758 0.99999859 0.00005252 0.00175007 -0.00005546 0.99999847
0.99999379 -0.00045397 -0.00349342 0.00045752 0.99999938 0.00101554 0.00349295 -0.00101713 0.99999338
0.99999154 0.00198900 -0.00360036 -0.00198017 0.99999503 0.00245431 0.00360523 -0.00244716 0.99999051
0.99998105 0.00151866 -0.00596637 -0.00148748 0.99998524 0.00522609 0.00597421 -0.00521712 0.99996854
0.99998659 0.00182725 -0.00484558 -0.00180721 0.99998981 0.00413726 0.00485309 -0.00412844 0.99997970
0.99999243 0.00075792 -0.00381563 -0.00075546 0.99999951 0.00064497 0.00381611 -0.00064208 0.99999251
0.99997471 0.00540749 -0.00461989 -0.00542221 0.99998025 -0.00317916 0.00460260 0.00320413 0.99998427
0.99997962 0.00376445 -0.00515735 -0.00378800 0.99998241 -0.00456429 0.00514008 0.00458373 0.99997628
0.99997138 0.00613109 -0.00443274 -0.00614173 0.99997828 -0.00239002 0.00441799 0.00241718 0.99998732
0.99998259 0.00311080 -0.00501440 -0.00310746 0.99999495 0.00067265 0.00501646 -0.00065706 0.99998720
0.99998402 0.00219583 -0.00520965 -0.00220376 0.99999642 -0.00151679 0.00520630 0.00152824 0.99998528
0.99999540 0.00052266 -0.00298918 -0.00052875 0.99999778 -0.00203797 0.00298811 0.00203954 0.99999346
0.99999174 0.00134352 -0.00383472 -0.00134364 0.99999910 -0.00002881 0.00383468 0.00003396 0.99999265
0.99998881 0.00078566 -0.00466499 -0.00077783 0.99999829 0.00167897 0.00466631 -0.00167532 0.99998771
0.99998163 -0.00395522 -0.00459276 0.00395083 0.99999173 -0.00096354 0.00459653 0.00094537 0.99998899
0.99998712 -0.00223144 -0.00455823 0.00222452 0.99999637 -0.00152172 0.00456161 0.00151156 0.99998845
0.99999062 0.00099387 -0.00421473 -0.00100140 0.99999791 -0.00178416 0.00421295 0.00178836 0.99998953
0.99998256 0.00469460 -0.00358269 -0.00468877 0.99998767 0.00163518 0.00359032 -0.00161835 0.99999225
0.99998301 0.00351796 -0.00464749 -0.00351087 0.99999266 0.00153204 0.00465285 -0.00151570 0.99998803
0.99998492 -0.00267936 -0.00479354 0.00266019 0.99998846 -0.00400085 0.00480420 0.00398804 0.99998051
0.99999066 -0.00130459 -0.00411940 0.00127365 0.99997102 -0.00750554 0.00412907 0.00750022 0.99996335
0.99996698 0.00666807 -0.00464509 -0.00668899 0.99996748 -0.00450432 0.00461491 0.00453524 0.99997907
0.99997418 0.00662169 -0.00279083 -0.00661132 0.99997127 0.00370829 0.00281530 -0.00368974 0.99998923
0.99999797 0.00087834 -0.00181244 -0.00085778 0.99993563 0.01131343 0.00182226 -0.01131185 0.99993436
0.99999533 -0.00253845 -0.00170363 0.00255804 0.99992950 0.01159517 0.00167408 -0.01159947 0.99993132
0.99999841 0.00039842 -0.00174012 -0.00038198 0.99995539 0.00943746 0.00174381 -0.00943678 0.99995395
0.99999550 0.00205717 -0.00218577 -0.00205149 0.99999452 0.00259840 0.00219110 -0.00259390 0.99999424
0.99999431 0.00124173 -0.00313798 -0.00125785 0.99998600 -0.00514000 0.00313155 0.00514392 0.99998187
0.99999068 -0.00052612 -0.00428537 0.00049727 0.99997723 -0.00672921 0.00428882 0.00672701 0.99996818
0.99998861 -0.00030534 -0.00476275 0.00028198 0.99998793 -0.00490429 0.00476419 0.00490290 0.99997663
0.99998798 -0.00013051 -0.00490086 0.00011879 0.99999713 -0.00239184 0.00490115 0.00239123 0.99998513
0.99998986 -0.00104554 -0.00438000 0.00103498 0.99999656 -0.00241193 0.00438251 0.00240737 0.99998750
0.99999311 0.00021679 -0.00370687 -0.00021384 0.99999966 0.00079594 0.00370704 -0.00079514 0.99999281
0.99998926 -0.00157806 -0.00435774 0.00159823 0.99998801 0.00462887 0.00435038 -0.00463578 0.99997979
0.99998922 -0.00298153 -0.00356023 0.00300388 0.99997572 0.00628743 0.00354140 -0.00629806 0.99997390
0.99999430 -0.00212154 -0.00262538 0.00213820 0.99997749 0.00636045 0.00261183 -0.00636603 0.99997633
0.99999638 -0.00160014 -0.00216363 0.00161073 0.99998669 0.00490156 0.00215575 -0.00490503 0.99998565
0.99999706 -0.00186177 -0.00155381 0.00187237 0.99997477 0.00685200 0.00154102 -0.00685489 0.99997532
0.99999869 0.00087173 -0.00136384 -0.00086988 0.99999869 0.00136263 0.00136502 -0.00136145 0.99999814
0.99993054 0.01175760 0.00081883 -0.01175081 0.99990015 -0.00784955 -0.00091104 0.00783938 0.99996886
0.99999950 0.00093295 -0.00035918 -0.00093776 0.99990684 -0.01361715 0.00034645 0.01361748 0.99990722
0.99999751 0.00112470 -0.00192553 -0.00114384 0.99994966 -0.00996832 0.00191423 0.00997050 0.99994846
0.99999913 -0.00080077 -0.00104674 0.00080288 0.99999765 0.00201152 0.00104513 -0.00201236 0.99999743
0.99999906 0.00132825 -0.00032883 -0.00132609 0.99997806 0.00649074 0.00033745 -0.00649030 0.99997888
0.99999950 -0.00085814 0.00051502 0.00085772 0.99999929 0.00082879 -0.00051573 -0.00082835 0.99999952
0.99999191 -0.00389500 -0.00100389 0.00389393 0.99999186 -0.00106045 0.00100801 0.00105653 0.99999893
0.99998789 -0.00469665 -0.00146793 0.00469908 0.99998758 0.00165872 0.00146012 -0.00166559 0.99999755
0.99999691 0.00244135 -0.00047258 -0.00243910 0.99998590 0.00471603 0.00048409 -0.00471487 0.99998877
0.99999922 0.00119280 -0.00035898 -0.00119137 0.99999145 0.00396032 0.00036370 -0.00395989 0.99999209
0.99999901 0.00047714 -0.00132672 -0.00047783 0.99999975 -0.00052069 0.00132647 0.00052133 0.99999898
0.99999872 -0.00119258 -0.00106445 0.00118793 0.99998977 -0.00436509 0.00106965 0.00436382 0.99998991
0.99999803 -0.00049827 -0.00192014 0.00049504 0.99999846 -0.00168561 0.00192097 0.00168466 0.99999674
0.99999605 -0.00162803 -0.00229178 0.00163052 0.99999808 0.00108517 0.00229000 -0.00108890 0.99999679
0.99999218 -0.00048199 -0.00392482 0.00049436 0.99999491 0.00315292 0.00392328 -0.00315483 0.99998733
0.99999249 0.00011721 -0.00387366 -0.00010811 0.99999724 0.00234854 0.00387392 -0.00234811 0.99998974
0.99998639 -0.00224083 -0.00471236 0.00223800 0.99999731 -0.00060419 0.00471370 0.00059363 0.99998871
0.99998267 0.00178352 -0.00560984 -0.00179266 0.99999707 -0.00162391 0.00560693 0.00163394 0.99998295
0.99998295 0.00475950 -0.00338376 -0.00476949 0.99998427 -0.00295191 0.00336965 0.00296799 0.99998992
0.99998874 -0.00081459 -0.00467577 0.00079263 0.99998865 -0.00469783 0.00467954 0.00469407 0.99997803
0.99995437 -0.00319734 -0.00900190 0.00317550 0.99999198 -0.00244024 0.00900963 0.00241155 0.99995650
0.99994004 -0.00439253 -0.01003089 0.00438138 0.99998976 -0.00113338 0.01003577 0.00108937 0.99994905
0.99987831 -0.00667302 -0.01410066 0.00668867 0.99997707 0.00106308 0.01409324 -0.00115727 0.99990002
0.99988711 -0.00274250 -0.01477303 0.00275234 0.99999600 0.00064584 0.01477119 -0.00068643 0.99989066
0.99987688 0.00110130 -0.01565308 -0.00106479 0.99999669 0.00234040 0.01565561 -0.00232345 0.99987474
0.99988018 -0.00138357 -0.01541761 0.00145435 0.99998845 0.00458102 0.01541109 -0.00460290 0.99987065
0.99987600 0.00201610 -0.01561768 -0.00194386 0.99998735 0.00463915 0.01562684 -0.00460822 0.99986727
0.99993154 0.00712842 -0.00927902 -0.00713874 0.99997394 -0.00107886 0.00927109 0.00114502 0.99995637
0.99991293 0.00683299 -0.01128944 -0.00685401 0.99997485 -0.00182426 0.01127669 0.00190148 0.99993461
0.99995621 0.00661710 -0.00661702 -0.00663712 0.99997345 -0.00300887 0.00659693 0.00305266 0.99997358
0.99997819 0.00645712 -0.00138882 -0.00645823 0.99997883 -0.00079781 0.00138364 0.00080677 0.99999872
0.99995429 0.00905963 0.00305594 -0.00905415 0.99995739 -0.00180138 -0.00307213 0.00177363 0.99999371
0.99994325 0.00640878 0.00850985 -0.00637674 0.99997250 -0.00378719 -0.00853388 0.00373271 0.99995662
0.99992856 0.00175295 0.01182364 -0.00169798 0.99998771 -0.00465742 -0.01183166 0.00463701 0.99991925
0.99989333 -0.00591787 0.01335307 0.00594326 0.99998060 -0.00186241 -0.01334178 0.00194157 0.99990911
0.99993180 -0.00234835 0.01144050 0.00231612 0.99999331 0.00282944 -0.01144707 -0.00280275 0.99993055
0.99993055 0.00327606 0.01132090 -0.00329530 0.99999316 0.00168066 -0.01131532 -0.00171785 0.99993450
0.99994644 -0.00290460 0.00993375 0.00288661 0.99999417 0.00182550 -0.00993899 -0.00179673 0.99994899
0.99994493 -0.00491569 0.00927234 0.00493954 0.99998455 -0.00255035 -0.00925966 0.00259601 0.99995376
0.99994029 -0.00230844 0.01068125 0.00232169 0.99999655 -0.00122839 -0.01067838 0.00125311 0.99994220
0.99996252 0.00220649 0.00837239 -0.00218882 0.99999536 -0.00211861 -0.00837703 0.00210020 0.99996271
0.99995944 0.00368858 0.00821643 -0.00370382 0.99999145 0.00184015 -0.00820958 -0.00187051 0.99996455
0.99998105 0.00267783 0.00554335 -0.00270541 0.99998397 0.00497488 -0.00552994 -0.00498978 0.99997226
0.99998033 0.00149115 0.00609282 -0.00153045 0.99997803 0.00644998 -0.00608306 -0.00645917 0.99996064
0.99998899 -0.00098840 0.00458764 0.00096959 0.99999112 0.00410128 -0.00459166 -0.00409679 0.99998107
0.99998941 0.00323634 0.00327082 -0.00322716 0.99999085 -0.00280744 -0.00327988 0.00279686 0.99999071
0.99997882 0.00595032 0.00263718 -0.00592823 0.99994793 -0.00830653 -0.00268647 0.00829072 0.99996202
0.99999726 0.00161595 0.00169107 -0.00159465 0.99992033 -0.01252134 -0.00171117 0.01251861 0.99992017
0.99999434 -0.00265952 0.00206289 0.00267301 0.99997487 -0.00656561 -0.00204538 0.00657109 0.99997632
0.99999852 0.00126342 0.00116808 -0.00126533 0.99999786 0.00163769 -0.00116601 -0.00163917 0.99999798
0.99999782 0.00149921 0.00145580 -0.00150482 0.99999142 0.00385870 -0.00145000 -0.00386088 0.99999150
0.99999902 -0.00139698 0.00005184 0.00139685 0.99999600 0.00245781 -0.00005527 -0.00245774 0.99999698
0.99999404 -0.00344384 -0.00025478 0.00344428 0.99999250 0.00177151 0.00024867 -0.00177238 0.99999840
