1.00000000 0.00000000 0.00000000 0.00000000 1.00000000 0.00000000 0.00000000 0.00000000 1.00000000
0.99975992 0.00365735 0.02160392 -0.00365808 0.99999331 -0.00000603 -0.02160380 -0.00007300 0.99976661
0.99962187 0.00233920 0.02739792 -0.00237347 0.99999644 0.00121854 -0.02739497 -0.00128311 0.99962386
0.99940618 0.00081605 0.03444727 -0.00087037 0.99999840 0.00156192 -0.03444594 -0.00159098 0.99940530
0.99923885 -0.00203378 0.03895610 0.00195816 0.99999612 0.00197917 -0.03895998 -0.00190138 0.99923896
0.99915881 -0.00201002 0.04095897 0.00200707 0.99999798 0.00011329 -0.04095911 -0.00003099 0.99916082
0.99895262 0.00071393 0.04575093 -0.00076213 0.99999917 0.00103609 -0.04575015 -0.00106987 0.99895234
0.99875270 0.00273495 0.04985535 -0.00295060 0.99998661 0.00425239 -0.04984305 -0.00439419 0.99874740
0.99878949 -0.00134407 0.04917053 0.00100272 0.99997523 0.00696621 -0.04917868 -0.00690848 0.99876610
0.99871419 -0.00654877 0.05027006 0.00618811 0.99995401 0.00732673 -0.05031573 -0.00700623 0.99870879
0.99847389 -0.00331226 0.05512631 0.00315210 0.99999056 0.00299197 -0.05513570 -0.00281364 0.99847491
0.99831764 0.00074667 0.05797697 -0.00091784 0.99999530 0.00292572 -0.05797451 -0.00297401 0.99831363
0.99831226 0.00034030 0.05807343 -0.00055778 0.99999289 0.00372887 -0.05807175 -0.00375497 0.99830535
0.99819657 -0.00263817 0.05997202 0.00241550 0.99998992 0.00378506 -0.05998140 -0.00363337 0.99819288
0.99810210 -0.00403920 0.06144829 0.00389119 0.99998923 0.00252811 -0.06145784 -0.00228421 0.99810707
0.99819245 -0.00284432 0.06003120 0.00275043 0.99999486 0.00164650 -0.06003557 -0.00147841 0.99819514
0.99826704 -0.00304329 0.05876772 0.00303708 0.99999537 0.00019490 -0.05876804 -0.00001608 0.99827166
0.99831260 -0.00126770 0.05805461 0.00125579 0.99999918 0.00024160 -0.05805486 -0.00016829 0.99831338
0.99840349 0.00268620 0.05642035 -0.00275981 0.99999544 0.00122686 -0.05641680 -0.00138061 0.99840635
0.99860026 0.00046728 0.05288947 -0.00050683 0.99999960 0.00073442 -0.05288910 -0.00076019 0.99860010
0.99877818 0.00029126 0.04941724 -0.00030520 0.99999992 0.00027458 -0.04941716 -0.00028932 0.99877818
0.99895793 -0.00109314 0.04562744 0.00101383 0.99999793 0.00176132 -0.04562927 -0.00171323 0.99895697
0.99907411 0.00076783 0.04301546 -0.00075596 0.99999967 -0.00029203 -0.04301567 0.00025924 0.99907436
0.99914319 -0.00085264 0.04137814 0.00091617 0.99999843 -0.00151635 -0.04137678 0.00155296 0.99914241
0.99932531 -0.00268717 0.03662921 0.00280634 0.99999094 -0.00320223 -0.03662027 0.00330286 0.99932379
0.99948904 -0.00318363 0.03180451 0.00330755 0.99998714 -0.00384446 -0.03179186 0.00394769 0.99948671
0.99963695 -0.00199966 0.02686964 0.00208849 0.99999245 -0.00327799 -0.02686288 0.00333292 0.99963357
0.99977335 -0.00217356 0.02117836 0.00221183 0.99999596 -0.00178393 -0.02117440 0.00183037 0.99977412
0.99988221 -0.00135956 0.01528800 0.00136467 0.99999902 -0.00032355 -0.01528754 0.00034437 0.99988308
0.99992845 -0.00126845 0.01189463 0.00126118 0.99999901 0.00061810 -0.01189541 -0.00060305 0.99992907
0.99993685 0.00094078 0.01119902 -0.00096241 0.99999768 0.00192640 -0.01119718 -0.00193705 0.99993543
0.99994361 0.00080529 0.01058887 -0.00082355 0.99999818 0.00171944 -0.01058747 -0.00172806 0.99994246
0.99994831 0.00044289 0.01015820 -0.00045951 0.99999856 0.00163405 -0.01015746 -0.00163864 0.99994707
0.99994543 0.00056368 0.01043137 -0.00058142 0.99999839 0.00169736 -0.01043039 -0.00170333 0.99994415
0.99994286 -0.00034345 0.01068417 0.00033001 0.99999915 0.00126015 -0.01068459 -0.00125655 0.99994213
0.99994232 -0.00038881 0.01073341 0.00038084 0.99999965 0.00074430 -0.01073369 -0.00074017 0.99994212
0.99993865 0.00088358 0.01104159 -0.00091210 0.99999626 0.00257819 -0.01103927 -0.00258810 0.99993572
0.99993385 0.00100833 0.01145743 -0.00104742 0.99999365 0.00340669 -0.01145393 -0.00341846 0.99992856
0.99992661 0.00015122 0.01211415 -0.00019392 0.99999377 0.00352336 -0.01211354 -0.00352545 0.99992041
0.99991013 0.00006871 0.01340648 -0.00009578 0.99999796 0.00201905 -0.01340632 -0.00202015 0.99990809
0.99989983 -0.00044850 0.01414692 0.00044375 0.99999984 0.00033864 -0.01414707 -0.00033233 0.99989987
0.99989176 0.00061362 0.01470012 -0.00059566 0.99999907 -0.00122618 -0.01470086 0.00121729 0.99989120
0.99986077 -0.00018090 0.01668561 0.00020189 0.99999919 -0.00125655 -0.01668537 0.00125974 0.99986000
0.99978103 0.00120755 0.02089077 -0.00117474 0.99999806 -0.00158311 -0.02089264 0.00155822 0.99978051
0.99965866 0.00349636 0.02589084 -0.00345813 0.99999286 -0.00152102 -0.02589598 0.00143097 0.99966362
0.99952497 0.00221876 0.03073951 -0.00220376 0.99999744 -0.00052195 -0.03074059 0.00045396 0.99952729
0.99943757 0.00129213 0.03350932 -0.00128038 0.99999911 -0.00037197 -0.03350977 0.00032886 0.99943834
0.99941052 -0.00023973 0.03433003 0.00027794 0.99999935 -0.00110816 -0.03432974 0.00111705 0.99940994
0.99942729 -0.00102255 0.03382366 0.00107489 0.99999825 -0.00152928 -0.03382204 0.00156476 0.99942665
0.99944537 0.00031887 0.03329937 -0.00025300 0.99999800 -0.00198219 -0.03329994 0.00197267 0.99944346
0.99945959 0.00121740 0.03284891 -0.00111394 0.99999436 -0.00316783 -0.03285258 0.00312952 0.99945531
0.99946407 -0.00412553 0.03247391 0.00426620 0.99998181 -0.00426377 -0.03245573 0.00440002 0.99946349
0.99947341 -0.00626710 0.03183734 0.00643424 0.99996604 -0.00514992 -0.03180398 0.00535205 0.99947980
0.99950292 -0.00699049 0.03074159 0.00715753 0.99996020 -0.00532695 -0.03070313 0.00554433 0.99951317
0.99954430 -0.00644311 0.02949031 0.00658529 0.99996715 -0.00472655 -0.02945889 0.00491860 0.99955389
0.99955277 -0.00839453 0.02870188 0.00851617 0.99995525 -0.00411860 -0.02866602 0.00436118 0.99957953
0.99961836 -0.00550045 0.02707179 0.00574506 0.99994330 -0.00896601 -0.02702093 0.00911812 0.99959328
0.99963719 -0.00371665 0.02667711 0.00410491 0.99988624 -0.01451420 -0.02662013 0.01461845 0.99953873
0.99966067 -0.00058823 0.02604213 0.00106540 0.99983174 -0.01831255 -0.02602697 0.01833408 0.99949310
0.99964138 0.00082823 0.02676597 -0.00039457 0.99986864 -0.01620348 -0.02677587 0.01618711 0.99951040
0.99965215 -0.00277381 0.02622750 0.00304237 0.99994330 -0.01020532 -0.02619771 0.01028157 0.99960391
0.99967375 -0.00170176 0.02548530 0.00179396 0.99999193 -0.00359509 -0.02547897 0.00363963 0.99966873
0.99969700 -0.00251668 0.02448604 0.00248476 0.99999602 0.00133403 -0.02448930 -0.00127278 0.99969928
0.99973999 -0.00295083 0.02261072 0.00281965 0.99997902 0.00583121 -0.02262745 -0.00576594 0.99972734
0.99977212 -0.00696125 0.02018065 0.00686689 0.99996518 0.00474128 -0.02021295 -0.00460163 0.99978511
0.99987530 -0.00148052 0.01572208 0.00147984 0.99999890 0.00005461 -0.01572214 -0.00003134 0.99987640
0.99991090 -0.00315274 0.01297158 0.00319443 0.99998980 -0.00319457 -0.01296138 0.00323572 0.99991076
0.99993835 -0.00036237 0.01109829 0.00039567 0.99999543 -0.00299859 -0.01109716 0.00300280 0.99993392
0.99990293 0.00669230 0.01222089 -0.00665208 0.99997234 -0.00332810 -0.01224282 0.00324648 0.99991978
0.99991516 0.00107502 0.01298108 -0.00108152 0.99999929 0.00049378 -0.01298054 -0.00050778 0.99991562
0.99994653 -0.00155799 0.01022299 0.00156769 0.99999833 -0.00094156 -0.01022151 0.00095753 0.99994730
0.99995915 -0.00260202 0.00865642 0.00261922 0.99999462 -0.00197587 -0.00865123 0.00199846 0.99996058
0.99999002 -0.00035792 0.00445375 0.00037210 0.99999486 -0.00318351 -0.00445258 0.00318514 0.99998501
0.99999969 0.00078700 0.00009036 -0.00078671 0.99999479 -0.00312986 -0.00009283 0.00312979 0.99999510
0.99999259 -0.00171318 -0.00344668 0.00171594 0.99999821 0.00079752 0.00344531 -0.00080343 0.99999374
0.99997606 0.00165396 -0.00671830 -0.00165411 0.99999863 -0.00001767 0.00671826 0.00002878 0.99997743
0.99996613 0.00203166 -0.00797603 -0.00203164 0.99999794 0.00001059 0.00797603 0.00000562 0.99996819
0.99996568 0.00133930 -0.00817568 -0.00134437 0.99999891 -0.00061490 0.00817485 0.00062587 0.99996639
0.99996916 0.00276157 -0.00735236 -0.00276198 0.99999618 -0.00004496 0.00735221 0.00006526 0.99997297
0.99997845 0.00433702 -0.00492802 -0.00433759 0.99999059 -0.00010607 0.00492751 0.00012744 0.99998785
0.99998971 0.00420059 -0.00171593 -0.00419987 0.99999109 0.00042558 0.00171771 -0.00041837 0.99999844
0.99999469 0.00322628 0.00044886 -0.00322670 0.99999434 0.00095248 -0.00044578 -0.00095393 0.99999945
0.99999913 0.00087649 0.00099009 -0.00087691 0.99999953 0.00042397 -0.00098972 -0.00042484 0.99999942
0.99999979 0.00006225 0.00064799 -0.00006268 0.99999979 0.00065182 -0.00064795 -0.00065186 0.99999958
0.99999995 -0.00022935 0.00022002 0.00022927 0.99999991 0.00035969 -0.00022010 -0.00035964 0.99999991
0.99999900 -0.00137022 0.00034271 0.00137002 0.99999888 0.00060310 -0.00034353 -0.00060263 0.99999976
0.99999996 -0.00029144 0.00000429 0.00029144 0.99999989 -0.00036001 -0.00000418 0.00036001 0.99999994
0.99999840 0.00176605 0.00026859 -0.00176617 0.99999834 0.00045513 -0.00026779 -0.00045560 0.99999986
0.99999981 0.00060788 0.00002294 -0.00060788 0.99999981 0.00009356 -0.00002288 -0.00009357 1.00000000
0.99999898 0.00116062 -0.00083123 -0.00116070 0.99999932 -0.00009337 0.00083112 0.00009433 0.99999965
0.99999898 0.00002529 -0.00143118 -0.00002322 0.99999896 0.00144294 0.00143121 -0.00144291 0.99999793
0.99999679 -0.00082514 -0.00239521 0.00083139 0.99999624 0.00261138 0.00239305 -0.00261336 0.99999372
0.99999657 -0.00059917 -0.00255087 0.00060345 0.99999841 0.00167956 0.00254986 -0.00168110 0.99999534
0.99999659 0.00007243 -0.00260962 -0.00007245 1.00000000 -0.00000753 0.00260962 0.00000772 0.99999659
0.99999719 -0.00055843 -0.00230341 0.00055796 0.99999982 -0.00020125 0.00230352 0.00019996 0.99999733
0.99999916 -0.00035289 -0.00124942 0.00035193 0.99999965 -0.00076509 0.00124969 0.00076465 0.99999893
0.99999892 0.00042918 0.00140620 -0.00042591 0.99999720 -0.00232722 -0.00140719 0.00232661 0.99999630
0.99999413 0.00075227 0.00334128 -0.00074263 0.99999556 -0.00288650 -0.00334344 0.00288400 0.99999025
0.99998660 0.00106450 0.00506555 -0.00105739 0.99999845 -0.00140649 -0.00506704 0.00140112 0.99998618
0.99997724 -0.00127415 0.00662534 0.00125747 0.99999603 0.00252145 -0.00662853 -0.00251306 0.99997487
0.99997836 -0.00126709 0.00645483 0.00124403 0.99999283 0.00357574 -0.00645932 -0.00356763 0.99997277
0.99997226 0.00300373 0.00681602 -0.00301150 0.99999483 0.00113089 -0.00681258 -0.00115138 0.99997613
0.99997754 -0.00200031 0.00639690 0.00201843 0.99999397 -0.00282663 -0.00639120 0.00283947 0.99997554
0.99998242 -0.00050306 0.00590819 0.00051134 0.99999889 -0.00139922 -0.00590748 0.00140222 0.99998157
0.99998450 0.00064003 0.00553172 -0.00062646 0.99999680 -0.00245298 -0.00553327 0.00244948 0.99998169
0.99999115 0.00118196 0.00403699 -0.00117639 0.99999835 -0.00138135 -0.00403862 0.00137659 0.99999090
0.99999126 -0.00106720 0.00404174 0.00106216 0.99999866 0.00124769 -0.00404306 -0.00124339 0.99999105
0.99999645 -0.00096807 0.00248188 0.00094716 0.99996414 0.00841534 -0.00248994 -0.00841296 0.99996151
0.99999693 0.00076561 0.00235545 -0.00078880 0.99995108 0.00985952 -0.00234779 -0.00986135 0.99994862
0.99999798 -0.00120422 0.00161206 0.00120059 0.99999673 0.00225659 -0.00161477 -0.00225465 0.99999615
0.99999915 0.00065266 0.00112682 -0.00064597 0.99998222 -0.00592730 -0.00113067 0.00592657 0.99998180
0.99999776 -0.00176509 0.00116984 0.00177318 0.99997426 -0.00695284 -0.00115754 0.00695490 0.99997514
0.99998546 -0.00536733 0.00052008 0.00536806 0.99998460 -0.00140689 -0.00051252 0.00140966 0.99999888
0.99999293 -0.00375768 -0.00015361 0.00375772 0.99999290 0.00029422 0.00015251 -0.00029480 0.99999994
0.99999885 0.00147308 -0.00035237 -0.00147212 0.99999520 0.00272552 0.00035638 -0.00272499 0.99999622
0.99999898 0.00136307 -0.00043636 -0.00136109 0.99998892 0.00450641 0.00044250 -0.00450581 0.99998975
0.99999305 0.00365712 -0.00072873 -0.00365289 0.99997697 0.00571952 0.00074964 -0.00571682 0.99998338
0.99996404 0.00846151 -0.00056295 -0.00846098 0.99996376 0.00093896 0.00057087 -0.00093416 0.99999940
0.99996767 0.00787446 -0.00163120 -0.00787241 0.99996822 0.00126041 0.00164107 -0.00124753 0.99999788
0.99999106 -0.00330516 -0.00263848 0.00330794 0.99999398 0.00104899 0.00263500 -0.00105771 0.99999597
0.99998642 -0.00371169 -0.00365895 0.00370614 0.99999197 -0.00152192 0.00366457 0.00150834 0.99999215
0.99998430 -0.00114802 -0.00548395 0.00113189 0.99999503 -0.00294353 0.00548730 0.00293728 0.99998063
0.99994838 -0.00484813 -0.00892896 0.00485118 0.99998818 0.00032031 0.00892730 -0.00036361 0.99996008
0.99993280 -0.00725779 -0.00904001 0.00726112 0.99997358 0.00033569 0.00903734 -0.00040131 0.99995908
0.99993382 0.00261269 -0.01120363 -0.00261867 0.99999644 -0.00051888 0.01120224 0.00054818 0.99993710
0.99992260 0.00251741 -0.01218442 -0.00250386 0.99999623 0.00112736 0.01218721 -0.00109677 0.99992513
0.99991620 0.00000487 -0.01294593 0.00004126 0.99999365 0.00356335 0.01294587 -0.00356359 0.99990985
0.99991886 0.00070657 -0.01271881 -0.00070241 0.99999970 0.00033137 0.01271904 -0.00032241 0.99991906
0.99991255 -0.00048741 -0.01321595 0.00050124 0.99999933 0.00104320 0.01321543 -0.00104973 0.99991212
0.99990664 -0.00120468 -0.01361137 0.00119587 0.99999907 -0.00065516 0.01361214 0.00063882 0.99990715
0.99991152 0.00022382 -0.01330063 -0.00028013 0.99999101 -0.00423206 0.01329956 0.00423541 0.99990259
0.99992110 -0.00244751 -0.01232063 0.00232854 0.99995062 -0.00966057 0.01234367 0.00963112 0.99987743
0.99990247 0.00027840 -0.01396310 -0.00035379 0.99998537 -0.00539690 0.01396139 0.00540131 0.99988795
0.99992557 0.00186145 -0.01205790 -0.00182473 0.99999367 0.00305519 0.01206351 -0.00303296 0.99992263
0.99991843 0.00157448 -0.01267493 -0.00153108 0.99999294 0.00343300 0.01268024 -0.00341331 0.99991378
0.99994744 0.00259940 -0.00991791 -0.00262071 0.99999428 -0.00213658 0.00991230 0.00216246 0.99994853
0.99996409 0.00495987 -0.00687118 -0.00500749 0.99996345 -0.00693056 0.00683655 0.00696472 0.99995238
0.99997344 0.00498935 -0.00531360 -0.00502966 0.99995847 -0.00759979 0.00527546 0.00762631 0.99995700
0.99999199 0.00186319 -0.00354271 -0.00187302 0.99999440 -0.00277348 0.00353752 0.00278009 0.99998988
0.99999310 0.00061180 -0.00366492 -0.00061276 0.99999978 -0.00026056 0.00366476 0.00026280 0.99999325
0.99998559 0.00011991 -0.00536750 -0.00012389 0.99999972 -0.00074039 0.00536741 0.00074104 0.99998532
0.99998104 0.00206033 -0.00580239 -0.00203895 0.99999112 0.00368755 0.00580994 -0.00367565 0.99997637
0.99998230 -0.00048457 -0.00593048 0.00050908 0.99999133 0.00413180 0.00592843 -0.00413474 0.99997388
0.99997687 0.00150580 -0.00663325 -0.00148970 0.99999594 0.00243068 0.00663689 -0.00242074 0.99997505
0.99994431 0.00838867 -0.00640416 -0.00839688 0.99996396 -0.00125554 0.00639340 0.00130924 0.99997870
0.99995277 0.00674497 -0.00699686 -0.00676498 0.99997309 -0.00283973 0.00697751 0.00288693 0.99997149
0.99997167 -0.00217674 -0.00720570 0.00214869 0.99999009 -0.00389870 0.00721412 0.00388310 0.99996644
0.99996611 -0.00361283 -0.00739716 0.00360398 0.99999277 -0.00120977 0.00740148 0.00118307 0.99997191
0.99997811 0.00031219 -0.00660937 -0.00030025 0.99999832 0.00180722 0.00660992 -0.00180520 0.99997652
0.99997615 -0.00074859 -0.00686539 0.00078942 0.99998201 0.00594639 0.00686082 -0.00595167 0.99995875
0.99996555 -0.00071559 -0.00827010 0.00074699 0.99999252 0.00379472 0.00826732 -0.00380076 0.99995860
0.99997534 0.00129800 -0.00690215 -0.00132074 0.99999371 -0.00329111 0.00689784 0.00330014 0.99997076
0.99997682 -0.00143965 -0.00665436 0.00142380 0.99999614 -0.00238615 0.00665777 0.00237662 0.99997501
0.99997489 0.00166043 -0.00688860 -0.00166947 0.99999775 -0.00130697 0.00688641 0.00131844 0.99997542
0.99997251 -0.00058126 -0.00739229 0.00058508 0.99999970 0.00051503 0.00739199 -0.00051934 0.99997254
0.99995784 -0.00424674 -0.00814099 0.00425719 0.99999014 0.00126594 0.00813553 -0.00130054 0.99996606
0.99996534 -0.00259413 -0.00791189 0.00259184 0.99999660 -0.00029980 0.00791264 0.00027928 0.99996866
0.99997633 -0.00109977 -0.00679135 0.00109820 0.99999937 -0.00023395 0.00679160 0.00022648 0.99997691
0.99995444 0.00600165 -0.00742257 -0.00600031 0.99998198 0.00020257 0.00742365 -0.00015802 0.99997243
0.99997256 0.00431267 -0.00602408 -0.00430803 0.99999041 0.00078372 0.00602740 -0.00075775 0.99998155
0.99998674 -0.00253364 -0.00448388 0.00253572 0.99999668 0.00045647 0.00448270 -0.00046783 0.99998984
0.99998748 -0.00173793 -0.00469188 0.00173913 0.99999846 0.00025002 0.00469144 -0.00025818 0.99998896
0.99998560 -0.00107455 -0.00525746 0.00106760 0.99999855 -0.00132561 0.00525888 0.00131998 0.99998530
0.99996128 -0.00638217 -0.00605886 0.00639498 0.99997735 0.00209740 0.00604534 -0.00213607 0.99997945
0.99995676 -0.00751450 -0.00547819 0.00752820 0.99996858 0.00248373 0.00545936 -0.00252487 0.99998191
0.99998484 -0.00169894 -0.00523785 0.00170529 0.99999782 0.00120737 0.00523579 -0.00121628 0.99998555
0.99998980 0.00173654 -0.00416965 -0.00174611 0.99999585 -0.00229157 0.00416565 0.00229882 0.99998868
0.99999202 0.00137057 -0.00375200 -0.00137801 0.99999709 -0.00198043 0.00374927 0.00198559 0.99999100
0.99999491 0.00260670 -0.00184228 -0.00260662 0.99999660 0.00004283 0.00184239 -0.00003803 0.99999830
0.99999941 0.00031510 -0.00103852 -0.00031399 0.99999939 0.00106210 0.00103885 -0.00106178 0.99999890
0.99999878 -0.00100096 -0.00120305 0.00100654 0.99998870 0.00464533 0.00119839 -0.00464654 0.99998849
0.99999813 0.00148943 -0.00123744 -0.00148354 0.99998764 0.00474522 0.00124449 -0.00474337 0.99998798
0.99999939 0.00036933 -0.00104218 -0.00036770 0.99999871 0.00156613 0.00104275 -0.00156574 0.99999823
0.99999906 0.00054936 -0.00125670 -0.00055557 0.99998762 -0.00494439 0.00125397 0.00494508 0.99998699
0.99999994 0.00027922 -0.00019413 -0.00028004 0.99999097 -0.00424048 0.00019294 0.00424053 0.99999099
0.99999389 0.00349099 0.00017141 -0.00349098 0.99999390 -0.00007646 -0.00017167 0.00007586 0.99999998
0.99999844 0.00169353 -0.00050378 -0.00169316 0.99999829 0.00074139 0.00050503 -0.00074054 0.99999960
0.99998857 -0.00476145 -0.00044054 0.00476144 0.99998866 -0.00001534 0.00044061 0.00001324 0.99999990
0.99999941 0.00077869 -0.00075116 -0.00078085 0.99999555 -0.00287926 0.00074892 0.00287985 0.99999557
0.99996160 0.00875752 0.00033605 -0.00875659 0.99995801 -0.00270036 -0.00035969 0.00269731 0.99999630
0.99998330 0.00576002 -0.00047627 -0.00576128 0.99997976 -0.00269864 0.00046071 0.00270134 0.99999625
0.99999527 -0.00305182 -0.00039176 0.00305055 0.99999021 -0.00320600 0.00040154 0.00320479 0.99999478
0.99999899 -0.00139084 -0.00028293 0.00139060 0.99999866 -0.00086618 0.00028413 0.00086578 0.99999958
0.99999875 0.00023252 -0.00156448 -0.00023446 0.99999920 -0.00123957 0.00156419 0.00123993 0.99999801
0.99996008 -0.00883066 -0.00136154 0.00883377 0.99995835 0.00229587 0.00134121 -0.00230780 0.99999644
0.99997946 -0.00524659 -0.00368135 0.00526016 0.99997938 0.00368489 0.00366194 -0.00370418 0.99998643
0.99998819 -0.00460050 -0.00156484 0.00460894 0.99997462 0.00543333 0.00153980 -0.00544048 0.99998401
0.99999251 -0.00176279 -0.00344596 0.00176512 0.99999822 0.00067290 0.00344477 -0.00067898 0.99999384
0.99998509 -0.00059295 -0.00542823 0.00056352 0.99998514 -0.00542304 0.00543137 0.00541990 0.99997056
0.99997529 -0.00203757 -0.00672864 0.00201739 0.99999345 -0.00300544 0.00673472 0.00299179 0.99997285
0.99996569 0.00013132 -0.00828227 -0.00014155 0.99999923 -0.00123482 0.00828210 0.00123595 0.99996494
0.99995026 -0.00270988 -0.00959865 0.00275539 0.99998501 0.00473113 0.00958569 -0.00475734 0.99994274
0.99991957 -0.00438316 -0.01190144 0.00440464 0.99998872 0.00177880 0.01189351 -0.00183108 0.99992759
0.99989258 -0.00523063 -0.01369212 0.00519828 0.99998361 -0.00239749 0.01370443 0.00232606 0.99990338
0.99989939 0.00038084 -0.01417985 -0.00039450 0.99999946 -0.00096078 0.01417948 0.00096628 0.99989900
0.99990487 -0.00215974 -0.01362313 0.00215710 0.99999765 -0.00020837 0.01362355 0.00017896 0.99990718
0.99991134 -0.00063337 -0.01330087 0.00060975 0.99999823 -0.00177952 0.01330197 0.00177125 0.99990996
0.99990478 0.00278145 -0.01351624 -0.00287487 0.99997208 -0.00689699 0.01349668 0.00693519 0.99988486
0.99989302 0.00708874 -0.01279478 -0.00721331 0.99992678 -0.00971653 0.01272497 0.00980778 0.99987093
0.99989756 0.00359637 -0.01385412 -0.00371496 0.99995660 -0.00854351 0.01382279 0.00859410 0.99986753
0.99991713 0.00027446 -0.01287057 -0.00029016 0.99999922 -0.00121810 0.01287023 0.00122173 0.99991643
0.99992510 0.00291721 -0.01188620 -0.00287229 0.99998868 0.00379429 0.01189713 -0.00375986 0.99992216
0.99993702 0.00301501 -0.01081089 -0.00298893 0.99999259 0.00242768 0.01081813 -0.00239522 0.99993861
0.99995422 0.00356715 -0.00887922 -0.00362739 0.99997045 -0.00677768 0.00885478 0.00680958 0.99993761
0.99996989 0.00275458 -0.00725426 -0.00281189 0.99996482 -0.00790215 0.00723223 0.00792231 0.99994246
0.99999246 0.00252690 -0.00294854 -0.00253587 0.99999216 -0.00304163 0.00294083 0.00304909 0.99999103
0.99999606 0.00278978 0.00032078 -0.00279106 0.99998790 0.00405188 -0.00030947 -0.00405276 0.99999174
0.99999738 0.00150546 0.00172403 -0.00151261 0.99999023 0.00415397 -0.00171776 -0.00415656 0.99998989
0.99999461 -0.00174848 0.00277856 0.00174193 0.99999570 0.00235841 -0.00278268 -0.00235356 0.99999336
0.99999263 -0.00147787 0.00354348 0.00147985 0.99999875 -0.00055576 -0.00354265 0.00056100 0.99999357
0.99999237 -0.00090134 0.00380031 0.00090232 0.99999956 -0.00025605 -0.00380008 0.00025947 0.99999275
0.99998620 0.00185336 0.00491551 -0.00185924 0.99999756 0.00119161 -0.00491329 -0.00120074 0.99998721
0.99998747 0.00068439 0.00495917 -0.00068177 0.99999963 -0.00052926 -0.00495953 0.00052588 0.99998756
0.99998390 0.00144166 0.00548764 -0.00145199 0.99999718 0.00187858 -0.00548491 -0.00188652 0.99998318
0.99998310 -0.00227873 0.00534832 0.00226483 0.99999405 0.00260270 -0.00535422 -0.00259054 0.99998231
0.99999089 0.00039329 0.00425010 -0.00039395 0.99999991 0.00015524 -0.00425004 -0.00015691 0.99999096
0.99998255 0.00190057 0.00559358 -0.00189412 0.99999754 -0.00115761 -0.00559577 0.00114700 0.99998369
0.99999511 0.00026254 0.00311768 -0.00025556 0.99999746 -0.00223925 -0.00311826 0.00223844 0.99999263
0.99999604 -0.00018755 0.00280924 0.00019477 0.99999668 -0.00256781 -0.00280875 0.00256835 0.99999276
0.99999465 -0.00301270 0.00127239 0.00301470 0.99999421 -0.00157539 -0.00126764 0.00157922 0.99999795
0.99999448 -0.00323352 -0.00076322 0.00323476 0.99999345 0.00162133 0.00075797 -0.00162379 0.99999839
0.99998641 -0.00269801 -0.00446136 0.00271452 0.99998947 0.00369956 0.00445133 -0.00371162 0.99998320
0.99997337 -0.00190568 -0.00704448 0.00190831 0.99999811 0.00036644 0.00704377 -0.00037987 0.99997512
0.99993567 -0.00365707 -0.01073686 0.00364696 0.99999289 -0.00096175 0.01074030 0.00092253 0.99994190
0.99989499 -0.00324128 -0.01412430 0.00323628 0.99999469 -0.00037688 0.01412545 0.00033113 0.99990018
0.99987994 0.00031512 -0.01549188 -0.00028080 0.99999750 0.00221739 0.01549254 -0.00221278 0.99987753
0.99985968 0.00421643 -0.01621267 -0.00413659 0.99997917 0.00495519 0.01623322 -0.00488743 0.99985629
0.99986447 0.00109136 -0.01642740 -0.00098721 0.99997937 0.00634716 0.01643399 -0.00633008 0.99984491
0.99984877 -0.00048694 -0.01738396 0.00061163 0.99997412 0.00716810 0.01738002 -0.00717765 0.99982319
0.99984398 -0.00003210 -0.01766415 0.00016149 0.99997317 0.00732372 0.01766344 -0.00732543 0.99981715
0.99984911 0.00130919 -0.01732187 -0.00120722 0.99998189 0.00589582 0.01732928 -0.00587402 0.99983258
0.99984078 0.00081871 -0.01782552 -0.00077818 0.99999710 0.00228071 0.01782733 -0.00226647 0.99983851
0.99983729 -0.00196184 -0.01793174 0.00197411 0.99999783 0.00066697 0.01793039 -0.00070226 0.99983899
0.99984880 0.00110647 -0.01735350 -0.00109455 0.99999916 0.00069635 0.01735425 -0.00067725 0.99984917
0.99985678 0.00500753 -0.01616642 -0.00497554 0.99998559 0.00201804 0.01617629 -0.00193731 0.99986728
0.99989532 0.00199146 -0.01433090 -0.00193807 0.99999114 0.00373779 0.01433822 -0.00370962 0.99989032
0.99991939 -0.00343340 -0.01222428 0.00347626 0.99998788 0.00348652 0.01221216 -0.00352873 0.99991920
0.99993541 -0.00205574 -0.01117769 0.00206598 0.99999746 0.00090511 0.01117580 -0.00092814 0.99993712
0.99994478 0.00354362 -0.00989299 -0.00356730 0.99999081 -0.00237692 0.00988447 0.00241208 0.99994824
0.99994796 0.00425874 -0.00927094 -0.00432057 0.99996849 -0.00666005 0.00924228 0.00669976 0.99993484
0.99995611 0.00003988 -0.00936854 -0.00013588 0.99994748 -0.01024768 0.00936763 0.01024850 0.99990360
0.99995313 -0.00522787 -0.00814930 0.00516574 0.99995758 -0.00762578 0.00818882 0.00758333 0.99993772
0.99997780 -0.00025794 -0.00665773 0.00026778 0.99999887 0.00147792 0.00665734 -0.00147967 0.99997674
0.99997775 0.00298261 -0.00596728 -0.00293314 0.99996141 0.00828112 0.00599175 -0.00826343 0.99994791
0.99997474 0.00560515 -0.00437105 -0.00555361 0.99991596 0.01171466 0.00443635 -0.01169009 0.99992183
0.99999822 0.00020691 -0.00187806 -0.00019111 0.99996461 0.00841073 0.00187974 -0.00841035 0.99996287
0.99999308 -0.00360963 -0.00089599 0.00360936 0.99999344 -0.00030486 0.00089708 0.00030162 0.99999955
0.99999500 -0.00289825 -0.00126244 0.00289411 0.99999047 -0.00326862 0.00127190 0.00326495 0.99999386
0.99999631 -0.00227666 -0.00148349 0.00227554 0.99999713 -0.00075564 0.00148521 0.00075226 0.99999861
0.99999486 0.00285661 -0.00145300 -0.00285292 0.99999273 0.00253047 0.00146022 -0.00252631 0.99999574
0.99999588 0.00105069 -0.00267175 -0.00104038 0.99999202 0.00385829 0.00267579 -0.00385550 0.99998899
0.99999535 0.00019420 -0.00304180 -0.00017904 0.99998756 0.00498477 0.00304273 -0.00498420 0.99998295
0.99998946 -0.00031767 -0.00457967 0.00032811 0.99999735 0.00227885 0.00457893 -0.00228033 0.99998692
0.99997943 -0.00090423 -0.00634952 0.00091441 0.99999830 0.00159951 0.00634806 -0.00160528 0.99997856
0.99996146 -0.00090731 -0.00873247 0.00092951 0.99999635 0.00253832 0.00873013 -0.00254634 0.99995865
0.99994692 -0.00129612 -0.01022175 0.00130530 0.99999875 0.00089147 0.01022058 -0.00090477 0.99994736
0.99992819 0.00245221 -0.01173002 -0.00247400 0.99999524 -0.00184336 0.01172544 0.00187225 0.99992950
0.99992336 0.00212821 -0.01219605 -0.00217340 0.99999082 -0.00369277 0.01218808 0.00371900 0.99991881
0.99991763 0.00195040 -0.01268604 -0.00199452 0.99999201 -0.00346571 0.01267918 0.00349073 0.99991352
0.99992163 -0.00043174 -0.01251175 0.00041641 0.99999916 -0.00122775 0.01251227 0.00122245 0.99992097
0.99992663 0.00010887 -0.01211257 -0.00007393 0.99999583 0.00288534 0.01211283 -0.00288424 0.99992248
0.99992673 0.00234971 -0.01187500 -0.00232878 0.99999571 0.00177660 0.01187913 -0.00174881 0.99992791
0.99992357 0.00256014 -0.01209521 -0.00254487 0.99999595 0.00127743 0.01209843 -0.00124655 0.99992603
0.99993674 0.00489714 -0.01012554 -0.00486688 0.99998362 0.00301083 0.01014012 -0.00296136 0.99994420
0.99995965 0.00461413 -0.00770830 -0.00461185 0.99998932 0.00031299 0.00770966 -0.00027743 0.99997024
0.99998892 0.00085419 -0.00462883 -0.00084057 0.99999531 0.00294371 0.00463132 -0.00293978 0.99998495
0.99999484 -0.00212469 -0.00240913 0.00213115 0.99999413 0.00268288 0.00240341 -0.00268800 0.99999350
0.99999406 -0.00343842 -0.00023008 0.00343776 0.99999009 -0.00282944 0.00023981 0.00282863 0.99999597
0.99999910 -0.00054987 0.00122028 0.00055123 0.99999922 -0.00112015 -0.00121967 0.00112082 0.99999863
0.99999547 -0.00291200 0.00076558 0.00291432 0.99999114 -0.00303835 -0.00075673 0.00304057 0.99999509
0.99999745 -0.00222576 0.00038183 0.00222561 0.99999745 0.00037955 -0.00038267 -0.00037870 0.99999986
0.99999638 -0.00258430 0.00075485 0.00258071 0.99998557 0.00471212 -0.00076702 -0.00471015 0.99998861
0.99999933 0.00017773 0.00114787 -0.00018126 0.99999526 0.00307486 -0.00114732 -0.00307506 0.99999461
0.99999837 -0.00029716 0.00178305 0.00029320 0.99999749 0.00222069 -0.00178370 -0.00222016 0.99999594
0.99999827 0.00117495 0.00143950 -0.00117540 0.99999926 0.00031708 -0.00143913 -0.00031878 0.99999891
0.99999603 0.00179626 0.00216908 -0.00179753 0.99999821 0.00058269 -0.00216802 -0.00058659 0.99999748
0.99999795 0.00072935 0.00188845 -0.00072717 0.99999907 -0.00115334 -0.00188929 0.00115196 0.99999755
0.99999865 -0.00130954 0.00099664 0.00131356 0.99999095 -0.00404706 -0.00099133 0.00404836 0.99999131
0.99999952 0.00048905 0.00084967 -0.00048344 0.99997815 -0.00659282 -0.00085287 0.00659241 0.99997791
0.99999704 0.00216110 0.00111500 -0.00215861 0.99999518 -0.00223296 -0.00111982 0.00223055 0.99999689
0.99999787 0.00099222 0.00180952 -0.00099777 0.99999479 0.00307050 -0.00180646 -0.00307230 0.99999365
0.99999348 0.00333541 0.00138222 -0.00334135 0.99998510 0.00431695 -0.00136780 -0.00432154 0.99998973
0.99998474 0.00457153 0.00310180 -0.00457262 0.99998949 0.00034339 -0.00310019 -0.00035757 0.99999513
0.99998181 0.00308518 0.00518293 -0.00308800 0.99999509 0.00053508 -0.00518125 -0.00055107 0.99998643
0.99997407 -0.00001867 0.00720166 0.00000965 0.99999921 0.00125341 -0.00720168 -0.00125331 0.99997328
0.99995325 -0.00058197 0.00965221 0.00057996 0.99999981 0.00021127 -0.00965233 -0.00020567 0.99995339
0.99994199 -0.00282498 0.01039444 0.00284887 0.99999333 -0.00228390 -0.01038792 0.00231338 0.99994337
0.99993305 0.00086926 0.01153822 -0.00082916 0.99999360 -0.00347899 -0.01154117 0.00346919 0.99992738
0.99992593 0.00235720 0.01194064 -0.00236525 0.99999699 0.00065982 -0.01193905 -0.00068801 0.99992849
0.99992238 -0.00561022 0.01112432 0.00553885 0.99996395 0.00643633 -0.01116003 -0.00637422 0.99991741
0.99995184 -0.00458954 0.00867530 0.00452592 0.99996283 0.00733853 -0.00870866 -0.00729892 0.99993544
0.99997243 -0.00110740 0.00734212 0.00106796 0.99998499 0.00537319 -0.00734796 -0.00536520 0.99995861
0.99997244 0.00569285 0.00476608 -0.00570487 0.99998057 0.00251096 -0.00475169 -0.00253809 0.99998549
0.99999593 -0.00140596 0.00248330 0.00140253 0.99999806 0.00138421 -0.00248524 -0.00138072 0.99999596
0.99999867 -0.00057565 0.00152612 0.00057501 0.99999975 0.00042165 -0.00152637 -0.00042078 0.99999875
0.99999946 0.00041634 0.00095175 -0.00041423 0.99999748 -0.00220848 -0.00095267 0.00220808 0.99999711
0.99999380 0.00342097 0.00083656 -0.00341994 0.99999340 -0.00122332 -0.00084074 0.00122045 0.99999890
0.99999866 0.00143964 -0.00078369 -0.00143865 0.99999817 0.00125977 0.00078551 -0.00125864 0.99999890
0.99999777 0.00109451 -0.00180750 -0.00109160 0.99999811 0.00161018 0.00180926 -0.00160820 0.99999707
0.99999851 -0.00083716 -0.00150909 0.00083976 0.99999816 0.00172468 0.00150764 -0.00172594 0.99999737
0.99999423 -0.00287687 -0.00180870 0.00287714 0.99999585 0.00014210 0.00180828 -0.00014731 0.99999835
0.99999520 -0.00028338 -0.00308599 0.00028785 0.99999891 0.00144670 0.00308557 -0.00144758 0.99999419
0.99998871 0.00243719 -0.00407878 -0.00242755 0.99999425 0.00236674 0.00408452 -0.00235681 0.99998888
0.99998076 0.00223857 -0.00578525 -0.00220722 0.99998288 0.00541883 0.00579728 -0.00540595 0.99996858
0.99998490 0.00130205 -0.00533929 -0.00127856 0.99998950 0.00440142 0.00534497 -0.00439453 0.99997606
0.99998871 0.00154480 -0.00449407 -0.00154247 0.99999867 0.00052232 0.00449487 -0.00051539 0.99998977
0.99997440 0.00553720 -0.00453159 -0.00554978 0.99998077 -0.00276699 0.00451618 0.00279207 0.99998590
0.99997795 0.00499743 -0.00437389 -0.00501766 0.99997670 -0.00462738 0.00435066 0.00464922 0.99997973
0.99998012 0.00419942 -0.00470357 -0.00420884 0.99998915 -0.00199611 0.00469514 0.00201586 0.99998695
0.99998644 0.00215015 -0.00474332 -0.00214406 0.99999687 0.00128912 0.00474607 -0.00127893 0.99998792
0.99999078 0.00166987 -0.00395543 -0.00167699 0.99999698 -0.00179916 0.00395241 0.00180577 0.99999056
0.99999172 0.00052237 -0.00403638 -0.00053320 0.99999626 -0.00268282 0.00403497 0.00268495 0.99998825
0.99998921 0.00035833 -0.00463099 -0.00035923 0.99999992 -0.00019380 0.00463092 0.00019546 0.99998926
0.99998913 0.00001039 -0.00466182 -0.00000332 0.99999885 0.00151512 0.00466183 -0.00151509 0.99998799
0.99998083 -0.00402982 -0.00470182 0.00402498 0.99999136 -0.00103810 0.00470596 0.00101915 0.99998841
0.99998399 -0.00335423 -0.00455681 0.00334827 0.99999353 -0.00131479 0.00456119 0.00129951 0.99998875
0.99999026 0.00109891 -0.00427463 -0.00110560 0.99999817 -0.00156397 0.00427291 0.00156868 0.99998964
0.99997577 0.00512666 -0.00470972 -0.00511577 0.99998422 0.00232123 0.00472155 -0.00229708 0.99998622
0.99998370 0.00346456 -0.00453836 -0.00345711 0.99999267 0.00164797 0.00454403 -0.00163226 0.99998834
0.99998727 -0.00249301 -0.00438773 0.00247459 0.99998812 -0.00419899 0.00439815 0.00418808 0.99998156
0.99998927 -0.00014572 -0.00462994 0.00010839 0.99996750 -0.00806180 0.00463097 0.00806121 0.99995678
0.99997197 0.00674020 -0.00326168 -0.00675587 0.99996557 -0.00481903 0.00322909 0.00484093 0.99998307
0.99997522 0.00628448 -0.00317371 -0.00627262 0.99997337 0.00373125 0.00319707 -0.00371125 0.99998800
0.99999544 -0.00062485 -0.00295316 0.00065663 0.99994176 0.01077199 0.00294625 -0.01077388 0.99993762
0.99999129 -0.00351550 -0.00224777 0.00354143 0.99992601 0.01163756 0.00220670 -0.01164542 0.99992975
0.99999708 0.00154602 -0.00185886 -0.00152980 0.99996102 0.00869621 0.00187223 -0.00869334 0.99996046
0.99999486 0.00237802 -0.00215180 -0.00237285 0.99999430 0.00240233 0.00215750 -0.00239721 0.99999480
0.99999535 -0.00039667 -0.00302469 0.00038160 0.99998752 -0.00498136 0.00302663 0.00498019 0.99998302
0.99999039 -0.00010826 -0.00438228 0.00007711 0.99997474 -0.00710699 0.00438294 0.00710658 0.99996514
0.99998722 0.00065353 -0.00501403 -0.00067829 0.99998758 -0.00493816 0.00501074 0.00494150 0.99997524
0.99998947 -0.00135557 -0.00438378 0.00134353 0.99999532 -0.00274802 0.00438749 0.00274211 0.99998662
0.99999089 0.00006249 -0.00426724 -0.00007351 0.99999666 -0.00258211 0.00426706 0.00258240 0.99998756
0.99999046 -0.00070568 -0.00431136 0.00071009 0.99999923 0.00102076 0.00431063 -0.00102382 0.99999019
0.99999081 -0.00156550 -0.00399110 0.00158568 0.99998596 0.00505719 0.00398312 -0.00506347 0.99997925
0.99999334 -0.00156642 -0.00329594 0.00158494 0.99998294 0.00562126 0.00328708 -0.00562644 0.99997877
0.99999636 -0.00062314 -0.00262436 0.00063781 0.99998416 0.00559224 0.00262083 -0.00559390 0.99998092
0.99999717 -0.00120068 -0.00205582 0.00121101 0.99998661 0.00503126 0.00204975 -0.00503374 0.99998523
0.99999813 -0.00115841 -0.00154823 0.00116903 0.99997569 0.00687397 0.00154023 -0.00687576 0.99997518
0.99999816 0.00060639 -0.00181794 -0.00060473 0.99999940 0.00091489 0.00181850 -0.00091379 0.99999793
0.99995681 0.00918502 -0.00141740 -0.00919642 0.99992361 -0.00825802 0.00134144 0.00827070 0.99996490
0.99999851 0.00157886 -0.00070478 -0.00158853 0.99990164 -0.01393543 0.00068271 0.01393653 0.99990265
0.99999945 0.00009385 -0.00104150 -0.00010257 0.99996489 -0.00837889 0.00104067 0.00837899 0.99996435
0.99999998 -0.00016533 0.00008554 0.00016512 0.99999696 0.00245852 -0.00008595 -0.00245851 0.99999697
0.99999976 0.00056350 -0.00039681 -0.00056109 0.99998155 0.00604782 0.00040021 -0.00604760 0.99998163
0.99999830 -0.00119214 -0.00140348 0.00119369 0.99999868 0.00110652 0.00140216 -0.00110819 0.99999840
0.99999503 -0.00294641 -0.00112224 0.00294461 0.99999438 -0.00160444 0.00112696 0.00160112 0.99999808
0.99998949 -0.00425650 -0.00170367 0.00425717 0.99999086 0.00039068 0.00170199 -0.00039793 0.99999847
0.99999868 -0.00023761 -0.00160446 0.00024527 0.99998858 0.00477332 0.00160331 -0.00477370 0.99998732
0.99999814 0.00162976 -0.00103357 -0.00162680 0.99999460 0.00285629 0.00103822 -0.00285460 0.99999539
0.99999813 0.00144326 -0.00128982 -0.00144400 0.99999880 -0.00056858 0.00128899 0.00057045 0.99999901
0.99999829 -0.00136347 -0.00124562 0.00135791 0.99998915 -0.00445642 0.00125168 0.00445473 0.99998929
0.99999798 -0.00073143 -0.00187061 0.00072814 0.99999819 -0.00176028 0.00187189 0.00175891 0.99999670
0.99999322 -0.00284135 -0.00234037 0.00284488 0.99999482 0.00150601 0.00233608 -0.00151266 0.99999613
0.99999155 0.00026904 -0.00410208 -0.00025663 0.99999539 0.00302559 0.00410287 -0.00302451 0.99998701
0.99999051 -0.00012017 -0.00435425 0.00012933 0.99999778 0.00210387 0.00435398 -0.00210441 0.99998831
0.99998711 -0.00139872 -0.00488054 0.00139339 0.99999843 -0.00109450 0.00488206 0.00108769 0.99998749
0.99998570 0.00226038 -0.00484661 -0.00226885 0.99999591 -0.00174396 0.00484265 0.00175493 0.99998673
0.99997499 0.00523970 -0.00474962 -0.00525667 0.99997982 -0.00356723 0.00473083 0.00359211 0.99998236
0.99998193 -0.00017297 -0.00600974 0.00014552 0.99998956 -0.00456749 0.00601047 0.00456653 0.99997151
0.99996031 -0.00238311 -0.00858519 0.00235854 0.99999310 -0.00287164 0.00859197 0.00285128 0.99995902
0.99994502 -0.00289422 -0.01007855 0.00287569 0.99999415 -0.00185235 0.01008385 0.00182326 0.99994749
0.99992027 -0.00475543 -0.01169766 0.00475702 0.99998868 0.00010808 0.01169701 -0.00016371 0.99993157
0.99989163 -0.00099846 -0.01468755 0.00098334 0.99999898 -0.00103659 0.01468857 0.00102203 0.99989159
0.99988030 0.00187511 -0.01535824 -0.00184714 0.99999661 0.00183552 0.01536163 -0.00180693 0.99988037
0.99988162 0.00001801 -0.01538640 0.00004831 0.99999071 0.00430958 0.01538634 -0.00430982 0.99987233
0.99988768 0.00287633 -0.01470888 -0.00282015 0.99998866 0.00383871 0.01471975 -0.00379680 0.99988445
0.99990568 0.00578046 -0.01245894 -0.00577628 0.99998325 0.00037133 0.01246088 -0.00029933 0.99992232
0.99992234 0.00717604 -0.01018898 -0.00720613 0.99996977 -0.00291942 0.01016772 0.00299262 0.99994383
0.99996126 0.00586037 -0.00656765 -0.00587580 0.99998002 -0.00233288 0.00655385 0.00237138 0.99997571
0.99997525 0.00695306 -0.00107703 -0.00695434 0.99997511 -0.00118996 0.00106873 0.00119742 0.99999871
0.99995642 0.00829979 0.00427466 -0.00828971 0.99996283 -0.00236940 -0.00429417 0.00233386 0.99998806
0.99993169 0.00747136 0.00898892 -0.00743295 0.99996313 -0.00429924 -0.00902071 0.00423213 0.99995036
0.99993236 0.00271968 0.01130860 -0.00266952 0.99998654 -0.00444804 -0.01132055 0.00441755 0.99992616
0.99990290 -0.00619544 0.01248218 0.00621641 0.99997933 -0.00164159 -0.01247175 0.00171902 0.99992075
0.99993002 -0.00183580 0.01168687 0.00180573 0.99999503 0.00258303 -0.01169155 -0.00256174 0.99992837
0.99992149 0.00363953 0.01199063 -0.00364922 0.99999303 0.00078676 -0.01198768 -0.00083045 0.99992780
0.99993925 -0.00322128 0.01054131 0.00320763 0.99999399 0.00131213 -0.01054547 -0.00127824 0.99994358
0.99994552 -0.00448519 0.00942580 0.00450991 0.99998644 -0.00260345 -0.00941400 0.00264581 0.99995219
0.99994383 -0.00174242 0.01045429 0.00175823 0.99999732 -0.00150315 -0.01045164 0.00152145 0.99994422
0.99995802 0.00241774 0.00883838 -0.00240384 0.99999586 -0.00158230 -0.00884217 0.00156099 0.99995969
0.99996710 0.00333195 0.00739562 -0.00334702 0.99999235 0.00202601 -0.00738881 -0.00205070 0.99997060
0.99997774 0.00306830 0.00592543 -0.00309828 0.99998241 0.00505689 -0.00590981 -0.00507513 0.99996966
0.99998108 0.00176682 0.00589142 -0.00180450 0.99997792 0.00639591 -0.00587999 -0.00640642 0.99996219
0.99998886 -0.00053428 0.00468902 0.00051588 0.99999217 0.00392330 -0.00469108 -0.00392083 0.99998131
0.99998584 0.00404358 0.00345962 -0.00403491 0.99998871 -0.00250980 -0.00346973 0.00249580 0.99999087
0.99997833 0.00586024 0.00300081 -0.00583665 0.99995245 -0.00781280 -0.00304645 0.00779512 0.99996498
0.99999629 0.00198853 0.00186260 -0.00196491 0.99991874 -0.01259572 -0.00188749 0.01259202 0.99991894
0.99999851 -0.00068513 0.00158557 0.00069789 0.99996724 -0.00806428 -0.00157999 0.00806537 0.99996623
0.99999731 0.00187558 0.00136336 -0.00187662 0.99999795 0.00076543 -0.00136192 -0.00076798 0.99999878
0.99999739 0.00152972 0.00169506 -0.00153688 0.99998987 0.00423144 -0.00168857 -0.00423404 0.99998961
0.99999846 -0.00175197 -0.00011297 0.00175227 0.99999485 0.00268944 0.00010826 -0.00268963 0.99999638
0.99999625 -0.00269511 -0.00048201 0.00269580 0.99999532 0.00144499 0.00047811 -0.00144629 0.99999884
