0.99975947 -0.00314138 -0.02170540 0.00315838 0.99999473 0.00074877 0.02170294 -0.00081715 0.99976413
0.99976183 -0.00105908 -0.02179843 0.00105082 0.99999937 -0.00039061 0.02179883 0.00036761 0.99976231
0.99975270 -0.00221176 -0.02212798 0.00222270 0.99999742 0.00047012 0.02212688 -0.00051919 0.99975504
0.99968793 -0.00226323 -0.02487828 0.00220806 0.99999504 -0.00224449 0.02488324 0.00218885 0.99968797
0.99969076 -0.00750882 -0.02370642 0.00746262 0.99997008 -0.00203655 0.02372101 0.00185900 0.99971689
0.99973725 -0.00706269 -0.02180704 0.00704852 0.99997489 -0.00072667 0.02181162 0.00057278 0.99976193
0.99971698 0.00172961 -0.02372697 -0.00165635 0.99999380 0.00310677 0.02373220 -0.00306659 0.99971365
0.99965620 0.00168237 -0.02616592 -0.00164073 0.99999735 0.00161290 0.02616856 -0.00156942 0.99965631
0.99974108 -0.00213935 -0.02265372 0.00210143 0.99999635 -0.00169761 0.02265727 0.00164956 0.99974193
0.99960309 -0.00539897 -0.02765001 0.00528666 0.99997748 -0.00413343 0.02767170 0.00398562 0.99960912
0.99973748 -0.00523455 -0.02230619 0.00510023 0.99996854 -0.00607443 0.02233728 0.00595907 0.99973273
0.99973991 -0.00444322 -0.02236882 0.00439590 0.99998800 -0.00216446 0.02237817 0.00206557 0.99974744
0.99979148 -0.00319717 -0.02016864 0.00313215 0.99998980 -0.00325452 0.02017884 0.00319067 0.99979130
0.99987517 0.00180539 -0.01569666 -0.00182318 0.99999771 -0.00111908 0.01569460 0.00114756 0.99987617
0.99976563 -0.00476533 -0.02111826 0.00472357 0.99998679 -0.00202669 0.02112764 0.00192646 0.99977493
0.99980165 -0.00987164 -0.01729781 0.00988879 0.99995069 0.00090605 0.01728801 -0.00107692 0.99984997
0.99968163 -0.01125171 -0.02258409 0.01127653 0.99993595 0.00097223 0.02257171 -0.00122659 0.99974447
0.99973753 -0.00464014 -0.02243510 0.00462722 0.99998910 -0.00062765 0.02243776 0.00052367 0.99974810
0.99972027 -0.00656394 -0.02272210 0.00655032 0.99997832 -0.00067364 0.02272603 0.00052462 0.99974159
0.99973627 -0.00201784 -0.02287617 0.00197664 0.99999638 -0.00182319 0.02287977 0.00177749 0.99973664
0.99968763 -0.00311986 -0.02479740 0.00305962 0.99999228 -0.00246679 0.02480491 0.00239015 0.99968945
0.99979173 0.00426356 -0.01995809 -0.00435113 0.99998109 -0.00434612 0.01993919 0.00443206 0.99979137
0.99960093 -0.00210020 -0.02817048 0.00195249 0.99998421 -0.00527011 0.02818110 0.00521300 0.99958924
0.99958141 -0.00836844 -0.02769422 0.00819846 0.99994689 -0.00624576 0.02774502 0.00601610 0.99959693
0.99969719 -0.00768437 -0.02337704 0.00756042 0.99995691 -0.00538604 0.02341742 0.00520767 0.99971221
0.99969950 -0.00214345 -0.02441943 0.00201620 0.99998427 -0.00523459 0.02443027 0.00518378 0.99968810
0.99973210 0.00111066 -0.02311911 -0.00116449 0.99999664 -0.00231479 0.02311647 0.00234109 0.99973004
0.99981166 0.00508286 -0.01872971 -0.00510620 0.99998624 -0.00119859 0.01872336 0.00129401 0.99982387
0.99986540 0.00273860 -0.01617642 -0.00277670 0.99999342 -0.00233353 0.01616992 0.00237814 0.99986643
0.99989396 -0.00023794 -0.01456056 0.00021969 0.99999919 -0.00125545 0.01456085 0.00125212 0.99989320
0.99992843 -0.00390272 -0.01130942 0.00389250 0.99999200 -0.00092561 0.01131294 0.00088153 0.99993562
0.99981160 -0.00605732 -0.01844103 0.00606384 0.99998157 0.00029745 0.01843889 -0.00040922 0.99982991
0.99984270 -0.00084114 -0.01771603 0.00086790 0.99999849 0.00150287 0.01771474 -0.00151801 0.99984193
0.99991315 0.00176222 -0.01306103 -0.00178310 0.99999715 -0.00158699 0.01305820 0.00161014 0.99991344
0.99987978 -0.00090324 -0.01547903 0.00084244 0.99999191 -0.00393383 0.01548246 0.00392032 0.99987245
0.99986014 -0.00335056 -0.01638511 0.00330468 0.99999055 -0.00282641 0.01639443 0.00277186 0.99986176
0.99990725 -0.00117111 -0.01356882 0.00114983 0.99999810 -0.00157653 0.01357064 0.00156078 0.99990670
0.99992909 0.00061812 -0.01189238 -0.00062654 0.99999956 -0.00070416 0.01189194 0.00071156 0.99992904
0.99998349 -0.00273415 -0.00505390 0.00272756 0.99999542 -0.00131145 0.00505746 0.00129764 0.99998637
0.99998301 0.00068372 -0.00578913 -0.00071428 0.99998581 -0.00527890 0.00578544 0.00528295 0.99996931
0.99999876 0.00155779 0.00021185 -0.00155677 0.99998763 -0.00472409 -0.00021920 0.00472375 0.99998882
0.99998081 0.00339137 -0.00518403 -0.00341550 0.99998335 -0.00465186 0.00516817 0.00466948 0.99997574
0.99999691 -0.00146553 0.00200616 0.00147195 0.99999378 -0.00320442 -0.00200146 0.00320737 0.99999285
0.99998847 -0.00098802 0.00469941 0.00099230 0.99999909 -0.00090988 -0.00469851 0.00091453 0.99998854
0.99997523 0.00499049 0.00496254 -0.00498661 0.99998725 -0.00079431 -0.00496644 0.00076955 0.99998737
0.99997864 0.00535033 0.00375327 -0.00535230 0.99998554 0.00051664 -0.00375045 -0.00053671 0.99999282
0.99996402 0.00574375 0.00624252 -0.00574626 0.99998342 0.00038397 -0.00624021 -0.00041983 0.99998044
0.99995886 0.00256215 0.00870187 -0.00255574 0.99999645 -0.00074740 -0.00870376 0.00072513 0.99996186
0.99996677 0.00273083 0.00768170 -0.00272257 0.99999571 -0.00108443 -0.00768463 0.00106348 0.99996991
0.99998551 0.00051209 0.00535869 -0.00051312 0.99999985 0.00019148 -0.00535859 -0.00019422 0.99998562
0.99997688 -0.00297297 0.00611521 0.00295984 0.99999330 0.00215489 -0.00612157 -0.00213674 0.99997898
0.99999593 -0.00007753 0.00285199 0.00007897 0.99999987 -0.00050528 -0.00285195 0.00050550 0.99999581
0.99999017 0.00225446 0.00381752 -0.00223404 0.99998323 -0.00534312 -0.00382950 0.00533454 0.99997844
0.99996269 0.00807149 0.00307579 -0.00805836 0.99995847 -0.00425656 -0.00311002 0.00423161 0.99998621
0.99999003 0.00210545 0.00393772 -0.00211144 0.99999662 0.00151845 -0.00393451 -0.00152675 0.99999109
0.99998728 -0.00012433 0.00504227 0.00011921 0.99999948 0.00101545 -0.00504239 -0.00101484 0.99998677
0.99998670 0.00463198 0.00226883 -0.00463514 0.99998829 0.00138926 -0.00226236 -0.00139976 0.99999646
0.99998561 -0.00472649 0.00253857 0.00473099 0.99998724 -0.00176933 -0.00253017 0.00178131 0.99999521
0.99998585 -0.00466454 0.00255580 0.00466651 0.99998882 -0.00076463 -0.00255220 0.00077655 0.99999644
0.99999583 -0.00224350 0.00181869 0.00224470 0.99999726 -0.00066106 -0.00181720 0.00066514 0.99999813
0.99998755 0.00498731 -0.00017154 -0.00498699 0.99998583 0.00186010 0.00018081 -0.00185922 0.99999826
0.99999686 0.00007495 0.00250568 -0.00008332 0.99999442 0.00334034 -0.00250542 -0.00334054 0.99999128
0.99999360 0.00332270 0.00132740 -0.00332731 0.99998839 0.00348511 -0.00131580 -0.00348950 0.99999305
0.99999516 0.00123993 0.00285409 -0.00124386 0.99999828 0.00137365 -0.00285238 -0.00137720 0.99999498
0.99999283 -0.00317032 -0.00207068 0.00317018 0.99999497 -0.00007197 0.00207090 0.00006540 0.99999785
0.99998622 0.00096284 -0.00516116 -0.00095996 0.99999938 0.00055944 0.00516169 -0.00055447 0.99998652
0.99999235 0.00092982 -0.00379886 -0.00091575 0.99999272 0.00370310 0.00380228 -0.00369959 0.99998593
0.99998699 -0.00045126 -0.00508064 0.00044769 0.99999965 -0.00070415 0.00508095 0.00070186 0.99998685
0.99999059 0.00391479 -0.00186789 -0.00391863 0.99999020 -0.00205826 0.00185982 0.00206556 0.99999614
0.99999220 0.00271397 -0.00287124 -0.00271458 0.99999629 -0.00020785 0.00287066 0.00021564 0.99999586
0.99999274 0.00367992 -0.00099237 -0.00367735 0.99998991 0.00258147 0.00100186 -0.00257780 0.99999618
0.99999964 -0.00082032 0.00021562 0.00081987 0.99999746 0.00209817 -0.00021734 -0.00209800 0.99999778
0.99999955 -0.00038719 0.00086900 0.00038584 0.99999871 0.00155946 -0.00086960 -0.00155913 0.99999841
0.99999893 -0.00004034 0.00146216 0.00003930 0.99999974 0.00071541 -0.00146219 -0.00071535 0.99999868
0.99999694 -0.00195730 0.00150999 0.00195381 0.99999541 0.00231450 -0.00151451 -0.00231155 0.99999618
0.99999529 -0.00285334 0.00112857 0.00285561 0.99999388 -0.00202224 -0.00112279 0.00202545 0.99999732
0.99999763 -0.00213885 -0.00039714 0.00213919 0.99999734 0.00086691 0.00039529 -0.00086776 0.99999955
0.99999905 0.00122242 -0.00063913 -0.00122144 0.99999808 0.00153551 0.00064100 -0.00153473 0.99999862
0.99999960 0.00046233 0.00076354 -0.00046361 0.99999849 0.00167580 -0.00076277 -0.00167615 0.99999830
0.99999400 -0.00333658 -0.00093130 0.00333672 0.99999442 0.00015344 0.00093078 -0.00015654 0.99999955
0.99999886 0.00035490 0.00146610 -0.00035060 0.99999563 -0.00293509 -0.00146714 0.00293457 0.99999462
0.99999789 0.00175396 -0.00107101 -0.00175520 0.99999779 -0.00115976 0.00106897 0.00116164 0.99999875
0.99999061 0.00344017 -0.00263380 -0.00344440 0.99999278 -0.00160320 0.00262827 0.00161225 0.99999525
0.99999957 -0.00061481 -0.00069403 0.00061275 0.99999542 -0.00296435 0.00069585 0.00296392 0.99999537
0.99999785 -0.00169197 -0.00119545 0.00169202 0.99999857 0.00004003 0.00119538 -0.00004205 0.99999928
0.99999964 -0.00065816 0.00053748 0.00065679 0.99999655 0.00254213 -0.00053915 -0.00254177 0.99999662
0.99999275 0.00359065 -0.00126916 -0.00358884 0.99999255 0.00142054 0.00127425 -0.00141597 0.99999819
0.99999617 0.00252047 -0.00114340 -0.00251972 0.99999661 0.00065854 0.00114505 -0.00065565 0.99999913
0.99999881 -0.00136122 -0.00072083 0.00136115 0.99999907 -0.00009129 0.00072095 0.00009031 0.99999974
0.99999861 0.00163931 0.00031155 -0.00163960 0.99999823 0.00092735 -0.00031003 -0.00092786 0.99999952
0.99999723 0.00217097 0.00090397 -0.00217056 0.99999754 -0.00044812 -0.00090494 0.00044615 0.99999949
0.99999717 0.00047164 0.00233133 -0.00047970 0.99999391 0.00345546 -0.00232969 -0.00345657 0.99999131
0.99999987 -0.00043856 0.00026301 0.00043718 0.99998614 0.00524639 -0.00026531 -0.00524628 0.99998620
0.99999865 -0.00045887 0.00157508 0.00045117 0.99998797 0.00488456 -0.00157730 -0.00488385 0.99998683
0.99997675 0.00681632 -0.00019993 -0.00681592 0.99997491 0.00192697 0.00021306 -0.00192557 0.99999812
0.99997150 0.00749800 0.00088683 -0.00749802 0.99997189 0.00001813 -0.00088667 -0.00002478 0.99999961
0.99999735 0.00170510 0.00154780 -0.00170077 0.99999464 -0.00279671 -0.00155256 0.00279407 0.99999489
0.99998613 -0.00469948 -0.00237935 0.00468958 0.99998038 -0.00415190 0.00239881 0.00414068 0.99998855
0.99997765 -0.00667241 -0.00041913 0.00667199 0.99997727 -0.00097503 0.00042562 0.00097221 0.99999944
0.99998610 0.00425523 0.00311283 -0.00426036 0.99998957 0.00164406 -0.00310580 -0.00165730 0.99999380
0.99996988 0.00686118 0.00362784 -0.00687091 0.99997281 0.00267703 -0.00360937 -0.00270187 0.99998984
0.99998277 0.00064703 0.00583383 -0.00067544 0.99998792 0.00486861 -0.00583061 -0.00487247 0.99997113
0.99997803 -0.00395925 0.00531608 0.00392748 0.99997444 0.00597463 -0.00533960 -0.00595362 0.99996802
0.99996354 -0.00389966 0.00759696 0.00389388 0.99999212 0.00077579 -0.00759993 -0.00074618 0.99997084
0.99997495 -0.00452171 0.00544636 0.00452482 0.99998961 -0.00055725 -0.00544379 0.00058188 0.99998501
0.99997750 -0.00382966 0.00550725 0.00383275 0.99999250 -0.00054995 -0.00550510 0.00057104 0.99998468
0.99997902 -0.00056211 0.00645272 0.00055516 0.99999926 0.00107828 -0.00645332 -0.00107467 0.99997860
0.99998665 0.00048832 0.00514458 -0.00048926 0.99999986 0.00018089 -0.00514450 -0.00018340 0.99998675
0.99997860 0.00242625 0.00607479 -0.00241880 0.99999631 -0.00123302 -0.00607776 0.00121830 0.99998079
0.99998758 -0.00302035 0.00396367 0.00302237 0.99999530 -0.00050530 -0.00396213 0.00051728 0.99999202
0.99998509 -0.00479887 0.00260588 0.00480415 0.99998641 -0.00202367 -0.00259614 0.00203616 0.99999456
0.99999577 -0.00143937 0.00252906 0.00143881 0.99999894 0.00022484 -0.00252938 -0.00022121 0.99999678
0.99999316 -0.00002098 0.00369836 0.00000860 0.99999439 0.00334961 -0.00369841 -0.00334956 0.99998755
0.99999848 0.00090940 0.00148836 -0.00091570 0.99999059 0.00424050 -0.00148449 -0.00424186 0.99998990
0.99999682 -0.00169807 0.00186472 0.00169344 0.99999548 0.00248546 -0.00186893 -0.00248230 0.99999517
0.99999980 -0.00054477 0.00030610 0.00054441 0.99999914 0.00119517 -0.00030675 -0.00119500 0.99999924
0.99999708 -0.00209048 -0.00121285 0.00209072 0.99999779 0.00020124 0.00121243 -0.00020377 0.99999924
0.99999613 -0.00012654 -0.00277808 0.00012407 0.99999960 -0.00088952 0.00277819 0.00088917 0.99999575
0.99998003 -0.00308520 -0.00551543 0.00308175 0.99999505 -0.00063531 0.00551737 0.00061830 0.99998459
0.99997225 -0.00384424 -0.00638137 0.00385306 0.99999164 0.00136982 0.00637606 -0.00139437 0.99997870
0.99998574 -0.00039033 -0.00532544 0.00040353 0.99999685 0.00247755 0.00532446 -0.00247966 0.99998275
0.99997475 0.00087014 -0.00705227 -0.00083410 0.99998659 0.00511149 0.00705662 -0.00510548 0.99996207
0.99997077 0.00062666 -0.00762044 -0.00059392 0.99999058 0.00429851 0.00762306 -0.00429386 0.99996173
0.99995059 -0.00303611 -0.00946581 0.00304249 0.99999515 0.00066018 0.00946376 -0.00068895 0.99995498
0.99993790 -0.00236274 -0.01089144 0.00235352 0.99999686 -0.00085924 0.01089344 0.00083356 0.99994032
0.99993372 -0.00000237 -0.01151295 -0.00004130 0.99999281 -0.00379265 0.01151288 0.00379287 0.99992653
0.99988028 0.00119899 -0.01542657 -0.00121238 0.99999890 -0.00085867 0.01542552 0.00087727 0.99988063
0.99987795 -0.00043224 -0.01561719 0.00042673 0.99999985 -0.00035590 0.01561734 0.00034919 0.99987798
0.99987336 -0.00074528 -0.01589651 0.00082397 0.99998744 0.00494431 0.01589262 -0.00495678 0.99986142
0.99988506 0.00151013 -0.01508613 -0.00141984 0.99998103 0.00599370 0.01509489 -0.00597159 0.99986823
0.99989091 0.00483357 -0.01395689 -0.00475256 0.99997170 0.00583130 0.01398469 -0.00576433 0.99988559
0.99985462 0.00236716 -0.01688616 -0.00235171 0.99999680 0.00093501 0.01688832 -0.00089517 0.99985698
0.99983053 -0.00217524 -0.01828039 0.00212766 0.99999430 -0.00262156 0.01828599 0.00258222 0.99982946
0.99985560 0.00065234 -0.01698096 -0.00073549 0.99998777 -0.00489081 0.01697757 0.00490259 0.99984385
0.99984156 0.00215271 -0.01766990 -0.00222984 0.99998807 -0.00434639 0.01766034 0.00438510 0.99983443
0.99992006 0.00499058 -0.01161762 -0.00499822 0.99998731 -0.00062845 0.01161434 0.00068646 0.99993232
0.99995497 0.00378077 -0.00870396 -0.00374251 0.99998328 0.00440743 0.00872048 -0.00437466 0.99995241
0.99998047 0.00494905 -0.00381630 -0.00491748 0.99995397 0.00823859 0.00385690 -0.00821966 0.99995878
0.99999960 -0.00082773 0.00033415 0.00082551 0.99997791 0.00659524 -0.00033960 -0.00659497 0.99997820
0.99999673 0.00024121 0.00254484 -0.00024011 0.99999988 -0.00043100 -0.00254494 0.00043038 0.99999667
0.99996166 0.00430661 0.00762394 -0.00428211 0.99998562 -0.00322803 -0.00763773 0.00319525 0.99996573
0.99994604 -0.00060798 0.01037015 0.00065489 0.99998956 -0.00452154 -0.01036730 0.00452809 0.99993601
0.99991980 0.00057577 0.01265142 -0.00056886 0.99999969 -0.00054982 -0.01265174 0.00054258 0.99991982
0.99988726 -0.00113860 0.01497240 0.00110090 0.99999620 0.00252598 -0.01497522 -0.00250921 0.99988472
0.99987093 -0.00229859 0.01590099 0.00224420 0.99999157 0.00343759 -0.01590876 -0.00340146 0.99986766
0.99986389 -0.00441344 0.01589751 0.00438866 0.99998910 0.00159301 -0.01590437 -0.00152303 0.99987236
0.99987266 -0.00108483 0.01592142 0.00102122 0.99999147 0.00400277 -0.01592563 -0.00398600 0.99986523
0.99986435 0.00182701 0.01636877 -0.00192567 0.99998007 0.00601316 -0.01635746 -0.00604386 0.99984794
0.99988228 0.00189990 0.01522529 -0.00202323 0.99996524 0.00808893 -0.01520939 -0.00811878 0.99985137
0.99990124 -0.00246832 0.01383533 0.00238556 0.99997919 0.00599473 -0.01384983 -0.00596113 0.99988632
0.99994147 -0.00371031 0.01016279 0.00368352 0.99998969 0.00265404 -0.01017253 -0.00261645 0.99994484
0.99995988 -0.00503807 0.00740697 0.00503515 0.99998724 0.00041270 -0.00740895 -0.00037539 0.99997248
0.99998362 0.00009907 0.00572241 -0.00009248 0.99999933 -0.00115147 -0.00572252 0.00115093 0.99998296
0.99999182 -0.00032581 0.00403195 0.00030393 0.99998523 0.00542569 -0.00403365 -0.00542442 0.99997715
0.99999649 0.00111755 0.00240405 -0.00113868 0.99996055 0.00880909 -0.00239411 -0.00881180 0.99995831
0.99998659 -0.00358463 0.00373739 0.00355850 0.99996934 0.00697542 -0.00376228 -0.00696203 0.99996869
0.99998706 -0.00252735 0.00441455 0.00252975 0.99999666 -0.00053871 -0.00441317 0.00054987 0.99999011
0.99999068 -0.00088753 0.00422607 0.00089630 0.99999745 -0.00207468 -0.00422422 0.00207845 0.99998892
0.99999805 0.00021638 0.00196352 -0.00022378 0.99999287 0.00376931 -0.00196269 -0.00376974 0.99999097
0.99998952 0.00008130 0.00457727 -0.00011813 0.99996762 0.00804595 -0.00457647 -0.00804641 0.99995715
0.99998311 0.00165145 0.00557206 -0.00170771 0.99994746 0.01010775 -0.00555508 -0.01011710 0.99993339
0.99998564 -0.00098509 0.00526773 0.00096053 0.99998867 0.00466318 -0.00527226 -0.00465805 0.99997525
0.99997990 -0.00211104 0.00597864 0.00210380 0.99999705 0.00121647 -0.00598119 -0.00120387 0.99998139
0.99998293 -0.00033142 0.00583271 0.00032057 0.99999822 0.00186156 -0.00583331 -0.00185966 0.99998126
0.99997402 0.00162453 0.00702297 -0.00165497 0.99998926 0.00432976 -0.00701586 -0.00434127 0.99996596
0.99998402 -0.00379965 0.00418641 0.00377165 0.99997060 0.00667691 -0.00421166 -0.00666101 0.99996895
0.99997633 -0.00418676 0.00546019 0.00417948 0.99999036 0.00134462 -0.00546577 -0.00132176 0.99998419
0.99996838 -0.00593057 0.00529777 0.00593693 0.99998167 -0.00118559 -0.00529064 0.00121700 0.99998526
0.99999181 -0.00183396 0.00360860 0.00183326 0.99999830 0.00019730 -0.00360895 -0.00019068 0.99999347
0.99999474 -0.00044091 0.00321397 0.00043525 0.99999836 0.00176029 -0.00321474 -0.00175889 0.99999329
0.99999352 0.00021960 0.00359440 -0.00024083 0.99998252 0.00590725 -0.00359304 -0.00590807 0.99997609
0.99999803 0.00001255 0.00198260 -0.00002064 0.99999168 0.00407951 -0.00198253 -0.00407954 0.99998971
0.99998887 -0.00458320 0.00112062 0.00458212 0.99998904 0.00096341 -0.00112503 -0.00095826 0.99999891
0.99999887 -0.00133017 -0.00070069 0.00132935 0.99999843 -0.00117236 0.00070225 0.00117143 0.99999907
0.99999950 0.00060388 -0.00079739 -0.00060530 0.99999824 -0.00177581 0.00079631 0.00177629 0.99999811
0.99999352 -0.00358651 -0.00031388 0.00358768 0.99998630 0.00381281 0.00030020 -0.00381391 0.99999268
0.99999194 -0.00281362 -0.00286370 0.00282873 0.99998202 0.00528751 0.00284877 -0.00529557 0.99998192
0.99998910 -0.00419882 -0.00204113 0.00420974 0.99997667 0.00537898 0.00201850 -0.00538752 0.99998345
0.99998942 -0.00125341 -0.00442556 0.00126215 0.99999726 0.00197167 0.00442308 -0.00197724 0.99998826
0.99998723 -0.00085524 -0.00498177 0.00085606 0.99999962 0.00016083 0.00498163 -0.00016509 0.99998758
0.99997047 -0.00293974 -0.00710113 0.00294465 0.99999543 0.00068138 0.00709910 -0.00070227 0.99997455
0.99996954 0.00149067 -0.00766123 -0.00145986 0.99999083 0.00402560 0.00766716 -0.00401430 0.99996255
0.99996719 -0.00189269 -0.00787601 0.00190027 0.99999774 0.00095529 0.00787419 -0.00097023 0.99996853
0.99995237 -0.00314809 -0.00923847 0.00315390 0.99999484 0.00061419 0.00923648 -0.00064330 0.99995714
0.99997124 0.00339765 -0.00678068 -0.00338717 0.99999305 0.00155693 0.00678593 -0.00153392 0.99997580
0.99996981 -0.00176878 -0.00756653 0.00177832 0.99999763 0.00125460 0.00756429 -0.00126802 0.99997059
0.99995347 -0.00620910 -0.00738288 0.00621180 0.99998065 0.00034345 0.00738061 -0.00038929 0.99997269
0.99997722 -0.00211048 -0.00641134 0.00209206 0.99999367 -0.00287942 0.00641737 0.00286594 0.99997530
0.99997966 -0.00198584 -0.00606113 0.00197600 0.99999672 -0.00162826 0.00606434 0.00161625 0.99998031
0.99999015 -0.00141001 -0.00420844 0.00140323 0.99999771 -0.00161341 0.00421071 0.00160749 0.99998984
0.99998670 -0.00350244 -0.00378701 0.00350415 0.99999376 0.00044499 0.00378543 -0.00045826 0.99999273
0.99998714 -0.00486469 -0.00143482 0.00486928 0.99998299 0.00321199 0.00141917 -0.00321893 0.99999381
0.99998943 -0.00311285 -0.00338359 0.00311460 0.99999502 0.00051085 0.00338198 -0.00052138 0.99999415
0.99999580 0.00214582 -0.00194874 -0.00215719 0.99998055 -0.00585129 0.00193615 0.00585547 0.99998098
0.99999669 0.00252145 -0.00050491 -0.00252430 0.99998046 -0.00571908 0.00049048 0.00572034 0.99998352
0.99999316 0.00363680 0.00067629 -0.00363719 0.99999322 0.00057296 -0.00067420 -0.00057541 0.99999961
0.99998042 0.00606105 0.00155399 -0.00606694 0.99997431 0.00381818 -0.00153081 -0.00382754 0.99999150
0.99999793 0.00127674 0.00158338 -0.00127957 0.99999759 0.00178444 -0.00158109 -0.00178646 0.99999715
0.99999476 -0.00223382 0.00234425 0.00223576 0.99999716 -0.00082673 -0.00234239 0.00083197 0.99999691
0.99999212 0.00279194 0.00282309 -0.00276486 0.99995056 -0.00955166 -0.00284962 0.00954378 0.99995040
0.99998425 0.00527573 0.00191300 -0.00525808 0.99994461 -0.00911784 -0.00196099 0.00910763 0.99995660
0.99999410 -0.00327284 0.00104669 0.00327831 0.99998078 -0.00526278 -0.00102944 0.00526618 0.99998560
0.99999649 -0.00092185 0.00248362 0.00092461 0.99999896 -0.00110872 -0.00248260 0.00111101 0.99999630
0.99998924 -0.00413940 0.00209561 0.00413847 0.99999134 0.00044500 -0.00209744 -0.00043632 0.99999771
0.99998941 -0.00434004 0.00153329 0.00433791 0.99998963 0.00138649 -0.00153929 -0.00137982 0.99999786
0.99998993 -0.00435274 0.00109373 0.00435721 0.99998203 -0.00411709 -0.00107579 0.00412182 0.99999093
0.99999683 -0.00234666 0.00091813 0.00235103 0.99998575 -0.00479393 -0.00090687 0.00479608 0.99998809
0.99999277 0.00374422 0.00066693 -0.00374450 0.99999290 0.00041937 -0.00066536 -0.00042187 0.99999969
0.99999313 0.00333135 0.00162439 -0.00333588 0.99999052 0.00279786 -0.00161506 -0.00280326 0.99999477
0.99999677 0.00237098 0.00091503 -0.00237118 0.99999717 0.00021640 -0.00091451 -0.00021857 0.99999956
0.99999939 0.00106717 0.00028596 -0.00106776 0.99999729 0.00207094 -0.00028375 -0.00207125 0.99999781
0.99999675 0.00210380 0.00143739 -0.00210746 0.99999453 0.00255038 -0.00143202 -0.00255340 0.99999571
0.99999977 -0.00068277 -0.00001854 0.00068269 0.99999224 -0.00387911 0.00002119 0.00387910 0.99999248
0.99999972 0.00074442 0.00002384 -0.00074423 0.99997420 -0.00714457 -0.00002915 0.00714455 0.99997448
0.99999891 -0.00143525 -0.00035014 0.00143342 0.99998562 -0.00516792 0.00035755 0.00516741 0.99998658
0.99999872 -0.00159021 -0.00017206 0.00159036 0.99999833 0.00089945 0.00017063 -0.00089972 0.99999958
0.99999275 0.00380304 0.00018531 -0.00380282 0.99999208 -0.00117097 -0.00018976 0.00117026 0.99999930
0.99999954 -0.00090584 -0.00031891 0.00090363 0.99997600 -0.00686835 0.00032512 0.00686806 0.99997636
0.99999982 -0.00046968 -0.00037038 0.00046568 0.99994214 -0.01074714 0.00037540 0.01074696 0.99994218
0.99999870 -0.00038430 0.00156729 0.00039492 0.99997693 -0.00678048 -0.00156465 0.00678109 0.99997578
0.99999749 -0.00216737 0.00056093 0.00216652 0.99999650 0.00152072 -0.00056422 -0.00151951 0.99999869
0.99998483 -0.00549748 0.00034369 0.00549627 0.99997903 0.00342447 -0.00036251 -0.00342253 0.99999408
0.99999405 -0.00341707 0.00048300 0.00341650 0.99999347 0.00117638 -0.00048702 -0.00117472 0.99999919
0.99999430 -0.00293186 0.00167230 0.00293451 0.99999444 -0.00158659 -0.00166764 0.00159149 0.99999734
0.99999640 0.00267334 -0.00022437 -0.00267418 0.99998908 -0.00383323 0.00021412 0.00383382 0.99999263
0.99999315 0.00337512 0.00151646 -0.00337148 0.99999144 -0.00239735 -0.00152454 0.00239222 0.99999598
0.99999098 0.00394440 0.00157664 -0.00394908 0.99998776 0.00298115 -0.00156487 -0.00298735 0.99999431
0.99999570 0.00245347 0.00160625 -0.00246150 0.99998440 0.00501461 -0.00159392 -0.00501854 0.99998614
0.99999455 -0.00089985 0.00317612 0.00089078 0.99999552 0.00285631 -0.00317868 -0.00285347 0.99999088
0.99999319 0.00002361 0.00369113 -0.00001454 0.99999698 -0.00245896 -0.00369117 0.00245889 0.99999016
0.99999421 -0.00169204 0.00295395 0.00170735 0.99998508 -0.00518869 -0.00294513 0.00519370 0.99998218
0.99999606 -0.00155692 0.00233739 0.00156279 0.99999563 -0.00251020 -0.00233347 0.00251384 0.99999412
0.99999341 0.00179995 0.00315438 -0.00179855 0.99999828 -0.00044763 -0.00315518 0.00044196 0.99999492
0.99999596 0.00029354 0.00282845 -0.00029463 0.99999988 0.00038304 -0.00282833 -0.00038388 0.99999593
0.99999310 0.00198576 0.00313918 -0.00198746 0.99999788 0.00053850 -0.00313810 -0.00054474 0.99999493
0.99999287 0.00138805 0.00351247 -0.00139859 0.99999452 0.00299997 -0.00350828 -0.00300486 0.99998933
0.99999617 0.00092271 0.00260918 -0.00093002 0.99999565 0.00279908 -0.00260659 -0.00280150 0.99999268
0.99999128 -0.00360382 0.00210789 0.00360706 0.99999231 -0.00153634 -0.00210234 0.00154393 0.99999660
0.99999778 0.00021931 0.00209738 -0.00021209 0.99999405 -0.00344276 -0.00209813 0.00344231 0.99999187
0.99999628 -0.00117741 0.00245985 0.00118745 0.99999096 -0.00408402 -0.00245502 0.00408693 0.99998863
0.99999916 -0.00100482 -0.00081991 0.00100533 0.99999930 0.00062351 0.00081929 -0.00062434 0.99999947
0.99999842 0.00148806 -0.00097649 -0.00148595 0.99999655 0.00216391 0.00097971 -0.00216246 0.99999718
0.99999896 -0.00096193 -0.00107394 0.00096166 0.99999951 -0.00025083 0.00107418 0.00024980 0.99999939
0.99999744 0.00205450 -0.00094328 -0.00205224 0.99999503 0.00239157 0.00094819 -0.00238963 0.99999670
0.99999763 0.00068930 -0.00206306 -0.00068588 0.99999839 0.00165721 0.00206420 -0.00165579 0.99999650
0.99999376 -0.00188090 -0.00299012 0.00189192 0.99999141 0.00368675 0.00298316 -0.00369238 0.99998873
0.99999823 -0.00047138 -0.00182055 0.00046369 0.99999100 -0.00421824 0.00182252 0.00421739 0.99998945
0.99999547 -0.00125509 -0.00273683 0.00124603 0.99999375 -0.00330853 0.00274097 0.00330510 0.99999078
0.99999600 -0.00083825 -0.00269999 0.00082713 0.99999118 -0.00411718 0.00270341 0.00411493 0.99998788
0.99999541 0.00148058 -0.00264449 -0.00147925 0.99999878 0.00050526 0.00264523 -0.00050134 0.99999638
0.99999791 0.00182588 -0.00091834 -0.00182638 0.99999819 -0.00054102 0.00091735 0.00054270 0.99999943
0.99999067 0.00426044 -0.00071921 -0.00426089 0.99999073 -0.00061254 0.00071659 0.00061560 0.99999955
0.99999850 -0.00094683 -0.00145030 0.00094505 0.99999881 -0.00122249 0.00145145 0.00122112 0.99999820
0.99999793 -0.00155697 -0.00131304 0.00155915 0.99999740 0.00166212 0.00131045 -0.00166416 0.99999776
0.99999406 0.00343984 -0.00022866 -0.00343963 0.99999366 0.00092148 0.00023183 -0.00092069 0.99999955
0.99999802 0.00099228 0.00172330 -0.00099354 0.99999924 0.00073434 -0.00172257 -0.00073605 0.99999825
0.99999435 0.00273565 0.00195114 -0.00273626 0.99999621 0.00030914 -0.00195029 -0.00031448 0.99999805
0.99999561 0.00068854 0.00288100 -0.00069203 0.99999903 0.00120749 -0.00288017 -0.00120948 0.99999512
0.99999541 -0.00004007 0.00302908 0.00005002 0.99999460 -0.00328649 -0.00302893 0.00328662 0.99999001
0.99998351 -0.00471558 0.00327828 0.00473387 0.99997314 -0.00559470 -0.00325181 0.00561013 0.99997898
0.99998782 -0.00441919 0.00219672 0.00443260 0.99997134 -0.00613746 -0.00216954 0.00614712 0.99997875
0.99998631 -0.00446036 0.00273506 0.00446262 0.99998971 -0.00082024 -0.00273137 0.00083243 0.99999592
0.99999254 -0.00264896 0.00281135 0.00264324 0.99999443 0.00203621 -0.00281673 -0.00202876 0.99999398
0.99999084 -0.00094292 0.00417422 0.00091771 0.99998135 0.00603768 -0.00417984 -0.00603379 0.99997306
0.99998491 0.00031287 0.00548543 -0.00033642 0.99999073 0.00429156 -0.00548404 -0.00429334 0.99997575
0.99998755 0.00150544 0.00475812 -0.00151563 0.99999657 0.00213811 -0.00475488 -0.00214529 0.99998639
0.99999355 0.00046303 0.00356251 -0.00046691 0.99999930 0.00108855 -0.00356201 -0.00109020 0.99999306
0.99997543 0.00186514 0.00675695 -0.00186657 0.99999824 0.00020482 -0.00675656 -0.00021742 0.99997715
0.99996074 -0.00169243 0.00869823 0.00168221 0.99999789 0.00118235 -0.00870021 -0.00116767 0.99996147
0.99993350 0.00619262 0.00972853 -0.00616974 0.99997813 -0.00238040 -0.00974305 0.00232022 0.99994984
0.99992497 0.00699102 0.01005871 -0.00696510 0.99997234 -0.00260977 -0.01007668 0.00253952 0.99994600
0.99992756 -0.00549159 0.01071023 0.00553104 0.99997802 -0.00365667 -0.01068992 0.00371564 0.99993596
0.99993253 -0.00799111 0.00843049 0.00803664 0.99995323 -0.00537963 -0.00838711 0.00544702 0.99994999
0.99994797 0.00182009 0.01003756 -0.00174654 0.99997160 -0.00733133 -0.01005062 0.00731341 0.99992275
0.99995854 0.00373557 0.00830456 -0.00367627 0.99996772 -0.00714386 -0.00833098 0.00711303 0.99994000
0.99995428 0.00472376 0.00831387 -0.00473563 0.99998780 0.00140797 -0.00830711 -0.00144728 0.99996445
0.99993519 0.00083697 0.01135396 -0.00090220 0.99998311 0.00574101 -0.01134896 -0.00575088 0.99991906
0.99995953 0.00101666 0.00893894 -0.00104325 0.99999504 0.00297084 -0.00893587 -0.00298004 0.99995563
0.99996500 0.00391875 0.00739149 -0.00392122 0.99999226 0.00031948 -0.00739018 -0.00034845 0.99997263
0.99997502 0.00181991 0.00682993 -0.00181823 0.99999832 -0.00025146 -0.00683037 0.00023903 0.99997664
0.99998815 0.00178418 0.00453020 -0.00180426 0.99998855 0.00443181 -0.00452224 -0.00443993 0.99997992
0.99998733 -0.00032845 0.00502375 0.00029507 0.99997788 0.00664489 -0.00502582 -0.00664333 0.99996530
0.99999166 -0.00120574 0.00390335 0.00117950 0.99997675 0.00671698 -0.00391135 -0.00671232 0.99996982
0.99998859 -0.00234153 0.00416331 0.00232079 0.99998491 0.00497936 -0.00417490 -0.00496964 0.99997894
0.99997518 -0.00508256 0.00487892 0.00507893 0.99998682 0.00075522 -0.00488269 -0.00073042 0.99998781
0.99997458 -0.00589285 0.00401366 0.00590046 0.99998081 -0.00188672 -0.00400247 0.00191036 0.99999017
0.99998391 -0.00553009 0.00126434 0.00553848 0.99996200 -0.00673186 -0.00122707 0.00673875 0.99997654
0.99999511 -0.00275551 0.00147916 0.00277132 0.99993787 -0.01079703 -0.00144932 0.01080108 0.99994062
0.99998970 -0.00442055 0.00103054 0.00442396 0.99998467 -0.00332967 -0.00101580 0.00333419 0.99999393
0.99999647 -0.00265688 -0.00009195 0.00265689 0.99999646 0.00014255 0.00009157 -0.00014279 0.99999999
0.99999125 0.00401523 0.00117400 -0.00402055 0.99998152 0.00456047 -0.00115567 -0.00456515 0.99998891
0.99999840 -0.00117156 0.00135372 0.00116767 0.99999520 0.00287131 -0.00135708 -0.00286973 0.99999496
0.99999570 0.00115875 0.00269360 -0.00116002 0.99999922 0.00046852 -0.00269306 -0.00047164 0.99999626
0.99998260 0.00544790 0.00226418 -0.00544971 0.99998484 0.00079146 -0.00225983 -0.00080379 0.99999712
0.99999949 0.00006168 0.00100620 -0.00006270 0.99999948 0.00101941 -0.00100614 -0.00101947 0.99999897
0.99999262 -0.00383933 -0.00011249 0.00383934 0.99999263 0.00009234 0.00011213 -0.00009277 0.99999999
0.99999961 0.00087973 -0.00012309 -0.00087950 0.99999785 0.00187857 0.00012474 -0.00187846 0.99999823
0.99999984 -0.00053427 -0.00019245 0.00053391 0.99999819 -0.00182560 0.00019343 0.00182550 0.99999832
0.99999227 -0.00392135 -0.00029040 0.00392070 0.99998983 -0.00223050 0.00029915 0.00222934 0.99999747
0.99999806 -0.00180665 -0.00078383 0.00180308 0.99998814 -0.00452403 0.00079199 0.00452261 0.99998946
0.99999990 0.00024085 -0.00038545 -0.00024276 0.99998763 -0.00496813 0.00038425 0.00496822 0.99998758
0.99999945 -0.00071167 -0.00077169 0.00071152 0.99999973 -0.00019201 0.00077182 0.00019146 0.99999968
0.99999961 0.00019876 0.00086188 -0.00019576 0.99999394 -0.00347467 -0.00086257 0.00347450 0.99999359
0.99999657 -0.00179266 -0.00190740 0.00179828 0.99999404 0.00294797 0.00190210 -0.00295139 0.99999384
0.99999761 0.00101940 -0.00193280 -0.00101067 0.99998930 0.00451404 0.00193738 -0.00451208 0.99998794
0.99999734 0.00219590 -0.00070000 -0.00219379 0.99999309 0.00300108 0.00070659 -0.00299954 0.99999525
0.99999685 -0.00091550 -0.00233494 0.00091634 0.99999952 0.00035913 0.00233461 -0.00036127 0.99999721
0.99999800 -0.00159053 -0.00120966 0.00158596 0.99999165 -0.00376681 0.00121564 0.00376488 0.99999217
0.99999808 0.00079651 -0.00178916 -0.00080600 0.99998558 -0.00530976 0.00178490 0.00531119 0.99998430
0.99999537 0.00080826 -0.00293344 -0.00081374 0.99999793 -0.00186746 0.00293193 0.00186984 0.99999395
0.99999844 0.00048580 -0.00169937 -0.00047899 0.99999187 0.00400321 0.00170130 -0.00400239 0.99999054
0.99998998 -0.00308368 -0.00324563 0.00309841 0.99998487 0.00454419 0.00323157 -0.00455420 0.99998441
0.99998788 0.00479206 0.00113091 -0.00479047 0.99998754 -0.00140360 -0.00113762 0.00139816 0.99999838
0.99999767 -0.00085720 0.00198238 0.00085987 0.99999872 -0.00134645 -0.00198122 0.00134815 0.99999713
0.99997708 0.00445650 0.00509780 -0.00445810 0.99999002 0.00030300 -0.00509640 -0.00032572 0.99998696
0.99999263 -0.00217267 0.00316640 0.00216627 0.99999561 0.00202023 -0.00317077 -0.00201336 0.99999295
0.99999059 -0.00168190 0.00399794 0.00168855 0.99999719 -0.00166139 -0.00399513 0.00166812 0.99999063
0.99998349 0.00106668 0.00564689 -0.00103831 0.99998684 -0.00502460 -0.00565217 0.00501865 0.99997143
0.99998691 -0.00050491 0.00509070 0.00050558 0.99999986 -0.00012991 -0.00509064 0.00013248 0.99998703
0.99998178 0.00197108 0.00570586 -0.00198022 0.99999676 0.00159737 -0.00570269 -0.00160864 0.99998245
0.99998791 -0.00164524 0.00463359 0.00165495 0.99999644 -0.00209167 -0.00463014 0.00209932 0.99998708
0.99996377 0.00506098 0.00684450 -0.00505216 0.99998639 -0.00130525 -0.00685101 0.00127062 0.99997572
0.99999562 0.00280423 0.00094484 -0.00280509 0.99999566 0.00090588 -0.00094230 -0.00090852 0.99999914
0.99999449 0.00109838 0.00313273 -0.00111369 0.99998743 0.00488856 -0.00312732 -0.00489202 0.99998314
0.99998648 -0.00294921 0.00428296 0.00292981 0.99998546 0.00452827 -0.00429625 -0.00451566 0.99998058
0.99999921 -0.00005761 0.00125963 0.00006514 0.99998211 -0.00598070 -0.00125926 0.00598077 0.99998132
0.99997422 0.00564698 0.00443426 -0.00561743 0.99996212 -0.00664795 -0.00447164 0.00662287 0.99996807
0.99998506 -0.00422306 0.00347010 0.00422947 0.99998936 -0.00184053 -0.00346229 0.00185518 0.99999229
0.99990229 -0.01380857 0.00217505 0.01380232 0.99990064 0.00286319 -0.00221437 -0.00283289 0.99999354
0.99996054 -0.00738845 0.00493270 0.00738007 0.99997130 0.00171514 -0.00494523 -0.00167867 0.99998636
0.99999258 -0.00091125 0.00374361 0.00091574 0.99999886 -0.00119802 -0.00374252 0.00120144 0.99999228
0.99998497 -0.00087797 0.00541209 0.00089101 0.99999671 -0.00240721 -0.00540996 0.00241200 0.99998246
0.99999444 0.00181453 0.00279614 -0.00181802 0.99999757 0.00124553 -0.00279387 -0.00125060 0.99999532
0.99997983 -0.00445616 0.00452519 0.00444667 0.99998790 0.00210432 -0.00453451 -0.00208416 0.99998755
0.99998734 -0.00020612 0.00502843 0.00020224 0.99999968 0.00077329 -0.00502859 -0.00077226 0.99998706
0.99998689 0.00021785 0.00511670 -0.00021635 0.99999993 -0.00029368 -0.00511677 0.00029257 0.99998687
0.99998981 0.00008533 0.00451464 -0.00007758 0.99999852 -0.00171661 -0.00451478 0.00171624 0.99998834
0.99996699 0.00436284 0.00685489 -0.00436315 0.99999048 0.00002999 -0.00685469 -0.00005990 0.99997650
0.99997542 0.00095191 0.00694697 -0.00096993 0.99999617 0.00259067 -0.00694447 -0.00259735 0.99997251
0.99996437 0.00213832 0.00816638 -0.00214538 0.99999733 0.00085542 -0.00816453 -0.00087291 0.99996629
0.99997559 -0.00003459 0.00698728 0.00002404 0.99999886 0.00150988 -0.00698732 -0.00150968 0.99997445
0.99998317 0.00036376 0.00578997 -0.00035513 0.99999882 -0.00149166 -0.00579050 0.00148958 0.99998213
0.99997481 0.00401647 0.00585243 -0.00400991 0.99999132 -0.00113097 -0.00585692 0.00110748 0.99998223
0.99997655 -0.00042237 0.00683516 0.00045034 0.99999153 -0.00409068 -0.00683337 0.00409366 0.99996827
0.99999294 -0.00136392 0.00350115 0.00137273 0.99999590 -0.00251491 -0.00349770 0.00251969 0.99999071
0.99996105 0.00544748 0.00694487 -0.00542106 0.99997802 -0.00381754 -0.00696551 0.00377974 0.99996860
0.99998421 -0.00398072 0.00396753 0.00397668 0.99999157 0.00102535 -0.00397158 -0.00100956 0.99999160
0.99998735 -0.00037344 0.00501541 0.00036382 0.99999809 0.00191847 -0.00501611 -0.00191662 0.99998558
0.99998055 0.00065380 0.00620248 -0.00065632 0.99999970 0.00040513 -0.00620221 -0.00040919 0.99998068
0.99997643 0.00325013 0.00604768 -0.00323920 0.99999310 -0.00181614 -0.00605354 0.00179651 0.99998006
0.99995422 0.00612067 0.00735551 -0.00608742 0.99997119 -0.00453533 -0.00738306 0.00449034 0.99996266
0.99991710 0.00687645 0.01088601 -0.00684619 0.99997260 -0.00281468 -0.01090507 0.00273992 0.99993678
0.99989821 0.00326405 0.01388921 -0.00323100 0.99999190 -0.00240141 -0.01389694 0.00235628 0.99990066
0.99988015 0.00157327 0.01540165 -0.00156519 0.99999863 -0.00053673 -0.01540247 0.00051256 0.99988124
0.99995000 0.00202921 0.00979224 -0.00202293 0.99999774 -0.00065147 -0.00979354 0.00063162 0.99995184
0.99999117 -0.00188704 0.00375494 0.00189288 0.99999700 -0.00155260 -0.00375200 0.00155970 0.99999174
0.99999413 -0.00153674 -0.00306190 0.00154068 0.99999799 0.00128519 0.00305991 -0.00128990 0.99999449
0.99995054 -0.00041556 -0.00993662 0.00046005 0.99998988 0.00447597 0.00993466 -0.00448032 0.99994061
0.99991663 0.00529524 -0.01177668 -0.00523827 0.99997445 0.00486363 0.01180213 -0.00480153 0.99991882
0.99990044 0.00910986 -0.01077557 -0.00908332 0.99995560 0.00250985 0.01079795 -0.00241172 0.99993879
0.99991405 0.00481439 -0.01219447 -0.00478868 0.99998625 0.00213649 0.01220458 -0.00207791 0.99992336
0.99992319 -0.00297165 -0.01203298 0.00301878 0.99998783 0.00390104 0.01202124 -0.00393707 0.99991999
0.99991678 -0.00410282 -0.01223144 0.00410220 0.99999158 -0.00007568 0.01223165 0.00002550 0.99992519
0.99990708 -0.00169947 -0.01352597 0.00173383 0.99999530 0.00252892 0.01352161 -0.00255214 0.99990532
0.99988073 0.00199330 -0.01531521 -0.00195106 0.99999425 0.00277265 0.01532065 -0.00274243 0.99987887
0.99986215 0.00232651 -0.01644006 -0.00228337 0.99999390 0.00264223 0.01644610 -0.00260433 0.99986136
0.99988796 0.00416945 -0.01437668 -0.00413457 0.99998844 0.00245496 0.01438675 -0.00239525 0.99989364
0.99988492 0.00479557 -0.01439279 -0.00475667 0.99998495 0.00273563 0.01440569 -0.00266685 0.99989268
0.99988036 0.00335879 -0.01509944 -0.00337032 0.99999405 -0.00073813 0.01509687 0.00078894 0.99988572
0.99988043 0.00230625 -0.01529101 -0.00234577 0.99999395 -0.00256689 0.01528500 0.00260246 0.99987979
0.99986546 0.00296148 -0.01613339 -0.00298918 0.99999410 -0.00169333 0.01612828 0.00174133 0.99986841
0.99987345 0.00359877 -0.01549605 -0.00359145 0.99999343 0.00050019 0.01549775 -0.00044447 0.99987980
0.99986075 0.00687086 -0.01520741 -0.00679349 0.99996375 0.00513384 0.01524213 -0.00502981 0.99987118
0.99985447 0.00551816 -0.01614262 -0.00542012 0.99996664 0.00611100 0.01617580 -0.00602261 0.99985102
0.99988114 0.00502133 -0.01457688 -0.00494775 0.99997486 0.00507902 0.01460201 -0.00500630 0.99988085
0.99987832 0.00292991 -0.01532175 -0.00288558 0.99999159 0.00291438 0.01533016 -0.00286981 0.99987837
0.99985790 0.00137658 -0.01680122 -0.00135752 0.99999842 0.00114571 0.01680277 -0.00112274 0.99985819
0.99989046 0.00223773 -0.01463059 -0.00225144 0.99999704 -0.00092123 0.01462848 0.00095407 0.99989254
0.99987955 0.00580694 -0.01439318 -0.00580696 0.99998314 0.00004046 0.01439317 0.00004313 0.99989641
0.99985683 0.00515150 -0.01611774 -0.00512696 0.99998563 0.00156395 0.01612556 -0.00148109 0.99986888
0.99987943 0.00320383 -0.01519428 -0.00319552 0.99999473 0.00057083 0.01519603 -0.00052221 0.99988440
0.99988960 0.00404446 -0.01429773 -0.00403823 0.99999174 0.00046450 0.01429949 -0.00040671 0.99989767
0.99987859 0.00410878 -0.01503073 -0.00413067 0.99999045 -0.00142555 0.01502473 0.00148747 0.99988602
0.99991405 0.00454255 -0.01229864 -0.00455601 0.99998905 -0.00106700 0.01229366 0.00112295 0.99992380
0.99990337 0.00633054 -0.01237605 -0.00636142 0.99997675 -0.00245769 0.01236021 0.00253618 0.99992039
0.99991259 0.00561572 -0.01196950 -0.00564960 0.99998012 -0.00279898 0.01195355 0.00286635 0.99992445
0.99994208 0.00558511 -0.00919983 -0.00563693 0.99996834 -0.00561627 0.00916817 0.00566781 0.99994191
0.99996484 0.00181136 -0.00818797 -0.00185715 0.99998266 -0.00558916 0.00817770 0.00560417 0.99995086
0.99996935 0.00130682 -0.00771902 -0.00134229 0.99998856 -0.00459170 0.00771293 0.00460192 0.99995967
0.99998285 0.00174688 -0.00558928 -0.00175984 0.99999577 -0.00231527 0.00558521 0.00232507 0.99998170
0.99997308 0.00627571 -0.00380091 -0.00628069 0.99997943 -0.00130025 0.00379267 0.00132409 0.99999193
0.99998962 0.00145317 -0.00431777 -0.00147033 0.99999102 -0.00397447 0.00431196 0.00398078 0.99998278
