1.00000000 0.00000000 0.00000000 0.00000000 1.00000000 0.00000000 0.00000000 0.00000000 1.00000000
0.99976240 -0.00175757 -0.02172690 0.00175575 0.99999845 -0.00010291 0.02172705 0.00006474 0.99976394
0.99974988 -0.00304421 -0.02215648 0.00305067 0.99999531 0.00025760 0.02215560 -0.00032512 0.99975448
0.99970977 -0.00370176 -0.02380472 0.00367108 0.99999237 -0.00133226 0.02380947 0.00124448 0.99971574
0.99967681 -0.00782483 -0.02418778 0.00779079 0.99996852 -0.00150117 0.02419876 0.00131224 0.99970631
0.99974354 -0.00671752 -0.02162683 0.00670420 0.99997729 -0.00068828 0.02163097 0.00054312 0.99976588
0.99973290 0.00148967 -0.02306317 -0.00143224 0.99999583 0.00250658 0.02306681 -0.00247288 0.99973087
0.99971476 0.00174374 -0.02381916 -0.00171292 0.99999767 0.00131442 0.02382140 -0.00127325 0.99971542
0.99973660 -0.00238725 -0.02282620 0.00235510 0.99999620 -0.00143524 0.02282954 0.00138111 0.99973842
0.99974145 -0.00529088 -0.02211411 0.00521609 0.99998049 -0.00343817 0.02213187 0.00332194 0.99974954
0.99974762 -0.00558845 -0.02175929 0.00545786 0.99996677 -0.00605631 0.02179241 0.00593603 0.99974489
0.99977730 -0.00300078 -0.02088882 0.00290865 0.99998592 -0.00443931 0.02090185 0.00437756 0.99977195
0.99982320 -0.00247386 -0.01863997 0.00239582 0.99998828 -0.00420779 0.01865016 0.00416238 0.99981741
0.99981679 -0.00047190 -0.01913551 0.00043250 0.99999778 -0.00206328 0.01913644 0.00205463 0.99981477
0.99978503 -0.00508723 -0.02010007 0.00504701 0.99998516 -0.00205118 0.02011021 0.00194929 0.99979587
0.99977077 -0.00874929 -0.01954094 0.00873496 0.99996151 -0.00081859 0.01954735 0.00064771 0.99980872
0.99971454 -0.01072143 -0.02135151 0.01071700 0.99994252 -0.00032217 0.02135373 0.00009325 0.99977198
0.99973625 -0.00548526 -0.02230098 0.00545555 0.99998415 -0.00139303 0.02230827 0.00127100 0.99975033
0.99975396 -0.00499082 -0.02161271 0.00495720 0.99998642 -0.00160921 0.02162044 0.00150168 0.99976512
0.99974897 -0.00209681 -0.02230697 0.00206040 0.99999651 -0.00165522 0.02231036 0.00160884 0.99974980
0.99972783 -0.00185284 -0.02325578 0.00174497 0.99998763 -0.00465776 0.02326412 0.00461591 0.99971870
0.99971917 0.00288651 -0.02352144 -0.00299470 0.99998509 -0.00456552 0.02350791 0.00463468 0.99971291
0.99969624 -0.00116832 -0.02461840 0.00104848 0.99998754 -0.00488023 0.02462379 0.00485293 0.99968501
0.99965946 -0.00824532 -0.02475838 0.00808488 0.99994571 -0.00657343 0.02481124 0.00637102 0.99967185
0.99968254 -0.00708556 -0.02417885 0.00695233 0.99996021 -0.00558978 0.02421750 0.00541991 0.99969202
0.99970750 -0.00268907 -0.02403505 0.00257247 0.99998478 -0.00488089 0.02404781 0.00481763 0.99969920
0.99976506 0.00169155 -0.02160928 -0.00176568 0.99999262 -0.00341183 0.02160335 0.00344918 0.99976067
0.99980981 0.00587749 -0.01859580 -0.00591429 0.99998066 -0.00192459 0.01858413 0.00203421 0.99982523
0.99986423 0.00316714 -0.01617062 -0.00319873 0.99999302 -0.00192847 0.01616440 0.00197993 0.99986739
0.99988727 -0.00067801 -0.01499937 0.00064996 0.99999803 -0.00187477 0.01500061 0.00186481 0.99988575
0.99988553 -0.00296537 -0.01483700 0.00293802 0.99999395 -0.00186478 0.01484244 0.00182098 0.99988819
0.99986802 -0.00507173 -0.01543418 0.00505059 0.99998625 -0.00140800 0.01544111 0.00132986 0.99987989
0.99988273 0.00001045 -0.01531407 -0.00000952 1.00000000 0.00006056 0.01531407 -0.00006040 0.99988273
0.99989827 0.00088614 -0.01423583 -0.00091973 0.99999681 -0.00235336 0.01423370 0.00236621 0.99989590
0.99988604 -0.00100919 -0.01506279 0.00094950 0.99999167 -0.00396966 0.01506667 0.00395491 0.99987867
0.99988453 -0.00406591 -0.01464244 0.00403310 0.99998929 -0.00226951 0.01465151 0.00221019 0.99989022
0.99989883 -0.00170505 -0.01412179 0.00167857 0.99999681 -0.00188638 0.01412496 0.00186249 0.99989850
0.99992043 -0.00027942 -0.01261180 0.00027157 0.99999977 -0.00062376 0.01261197 0.00062029 0.99992027
0.99994848 -0.00383949 -0.00939666 0.00382298 0.99999112 -0.00177444 0.00940339 0.00173842 0.99995428
0.99998210 -0.00076098 -0.00593545 0.00073294 0.99998857 -0.00472391 0.00593898 0.00471948 0.99997123
0.99999384 0.00302941 -0.00177123 -0.00303847 0.99998220 -0.00513476 0.00175565 0.00514011 0.99998525
0.99998629 0.00505581 0.00136220 -0.00505084 0.99998065 -0.00363032 -0.00138053 0.00362339 0.99999248
0.99999442 -0.00005932 0.00334159 0.00006536 0.99999836 -0.00180731 -0.00334148 0.00180752 0.99999278
0.99998946 0.00043017 0.00457096 -0.00042789 0.99999978 -0.00049797 -0.00457118 0.00049601 0.99998943
0.99997802 0.00463137 0.00474341 -0.00463169 0.99998927 0.00005672 -0.00474310 -0.00007869 0.99998875
0.99997440 0.00466172 0.00542832 -0.00466432 0.99998901 0.00046459 -0.00542610 -0.00048990 0.99998516
0.99996745 0.00522343 0.00614861 -0.00522900 0.99998593 0.00089117 -0.00614387 -0.00092329 0.99998070
0.99996495 0.00258597 0.00796339 -0.00259388 0.99999615 0.00098406 -0.00796081 -0.00100468 0.99996781
0.99997376 0.00243344 0.00682275 -0.00242855 0.99999679 -0.00072609 -0.00682450 0.00070950 0.99997646
0.99998099 0.00070700 0.00612607 -0.00071031 0.99999960 0.00053867 -0.00612569 -0.00054302 0.99998109
0.99998308 -0.00176746 0.00554181 0.00175699 0.99999666 0.00189399 -0.00554514 -0.00188422 0.99998285
0.99999571 0.00097329 0.00276106 -0.00097172 0.99999937 -0.00056994 -0.00276162 0.00056725 0.99999603
0.99999488 0.00107208 0.00301587 -0.00105820 0.99998885 -0.00460174 -0.00302077 0.00459853 0.99998486
0.99998250 0.00586237 0.00079407 -0.00585968 0.99997720 -0.00335692 -0.00081374 0.00335220 0.99999405
0.99999223 0.00216115 0.00329709 -0.00216672 0.99999623 0.00168545 -0.00329343 -0.00169258 0.99999314
0.99999119 -0.00235238 0.00347515 0.00234507 0.99999503 0.00210653 -0.00348009 -0.00209836 0.99999174
0.99999325 0.00275199 0.00243307 -0.00275481 0.99999554 0.00115678 -0.00242988 -0.00116347 0.99999637
0.99998701 -0.00436113 0.00263917 0.00436559 0.99998905 -0.00168713 -0.00263178 0.00169863 0.99999509
0.99998590 -0.00507579 0.00156096 0.00507629 0.99998706 -0.00031861 -0.00155932 0.00032652 0.99999873
0.99999933 -0.00095176 0.00066578 0.00095275 0.99999844 -0.00148423 -0.00066436 0.00148486 0.99999868
0.99999267 0.00382948 0.00001099 -0.00382950 0.99998921 0.00262985 -0.00000092 -0.00262987 0.99999654
0.99999962 0.00044589 0.00075344 -0.00044925 0.99998995 0.00446175 -0.00075144 -0.00446208 0.99998976
0.99999384 0.00350993 -0.00007313 -0.00350969 0.99998939 0.00298476 0.00008361 -0.00298448 0.99999554
0.99999966 0.00080407 0.00020626 -0.00080419 0.99999949 0.00061267 -0.00020577 -0.00061283 0.99999979
0.99999341 -0.00337577 -0.00133872 0.00337518 0.99999421 -0.00044332 0.00134020 0.00043880 0.99999901
0.99999415 -0.00211061 -0.00269323 0.00211251 0.99999752 0.00070200 0.00269174 -0.00070768 0.99999613
0.99998794 0.00009073 -0.00490996 -0.00006978 0.99999089 0.00426770 0.00491030 -0.00426731 0.99997884
0.99999170 0.00045653 -0.00404785 -0.00045360 0.99999963 0.00072586 0.00404818 -0.00072401 0.99999154
0.99999296 0.00312009 -0.00208676 -0.00312147 0.99999491 -0.00065492 0.00208471 0.00066143 0.99999761
0.99999401 0.00310167 -0.00153297 -0.00310208 0.99999515 -0.00026108 0.00153215 0.00026583 0.99999879
0.99999580 0.00271913 -0.00100417 -0.00271571 0.99999058 0.00338666 0.00101337 -0.00338392 0.99999376
0.99999581 -0.00251389 -0.00143787 0.00251765 0.99999342 0.00261273 0.00143130 -0.00261634 0.99999555
0.99999838 -0.00153467 0.00093739 0.00153327 0.99999771 0.00149409 -0.00093968 -0.00149265 0.99999844
0.99999691 -0.00222933 0.00110249 0.00222677 0.99999482 0.00232273 -0.00110767 -0.00232027 0.99999669
0.99999836 -0.00155113 0.00093673 0.00154912 0.99999649 0.00215015 -0.00094006 -0.00214869 0.99999725
0.99999678 -0.00252244 0.00028519 0.00252265 0.99999654 -0.00074445 -0.00028331 0.00074516 0.99999968
0.99999736 -0.00229516 0.00009309 0.00229511 0.99999719 0.00059692 -0.00009446 -0.00059670 0.99999982
0.99999944 0.00052398 -0.00092340 -0.00052258 0.99999872 0.00151082 0.00092419 -0.00151034 0.99999843
0.99999897 0.00076689 -0.00121466 -0.00076454 0.99999784 0.00193495 0.00121614 -0.00193402 0.99999739
0.99999673 -0.00249092 -0.00057466 0.00249088 0.99999689 -0.00007906 0.00057486 0.00007763 0.99999983
0.99999949 0.00058361 -0.00082118 -0.00058570 0.99999659 -0.00254310 0.00081970 0.00254358 0.99999643
0.99999484 0.00311904 -0.00077020 -0.00311990 0.99999451 -0.00111693 0.00076671 0.00111933 0.99999908
0.99999033 0.00417198 -0.00139234 -0.00417406 0.99999018 -0.00149073 0.00138611 0.00149652 0.99999792
0.99999846 -0.00067698 -0.00162146 0.00067195 0.99999497 -0.00309978 0.00162355 0.00309868 0.99999388
0.99999768 -0.00152316 -0.00152586 0.00152273 0.99999880 -0.00027880 0.00152629 0.00027647 0.99999880
0.99999887 0.00141555 -0.00049760 -0.00141472 0.99999764 0.00164819 0.00049994 -0.00164749 0.99999852
0.99999075 0.00421159 -0.00087184 -0.00421047 0.99999032 0.00127881 0.00087722 -0.00127512 0.99999880
0.99999685 0.00217073 -0.00125845 -0.00216990 0.99999743 0.00065957 0.00125988 -0.00065684 0.99999899
0.99999986 0.00031491 -0.00043202 -0.00031502 0.99999992 -0.00024702 0.00043195 0.00024715 0.99999988
0.99999866 0.00159703 0.00035381 -0.00159723 0.99999857 0.00055524 -0.00035292 -0.00055581 0.99999978
0.99999890 0.00115321 0.00093398 -0.00115379 0.99999914 0.00062479 -0.00093325 -0.00062587 0.99999937
0.99999890 0.00104923 0.00105079 -0.00105324 0.99999215 0.00381869 -0.00104678 -0.00381979 0.99999216
0.99999987 -0.00033589 0.00039412 0.00033385 0.99998660 0.00516659 -0.00039585 -0.00516646 0.99998658
0.99999824 -0.00180574 0.00050563 0.00180360 0.99998961 0.00418534 -0.00051318 -0.00418442 0.99999111
0.99998074 0.00619924 -0.00029827 -0.00619874 0.99997944 0.00163867 0.00030842 -0.00163679 0.99999861
0.99998243 0.00592155 0.00026880 -0.00592176 0.99998217 0.00077019 -0.00026423 -0.00077177 0.99999967
0.99999981 0.00010396 -0.00060363 -0.00010462 0.99999939 -0.00109855 0.00060352 0.00109862 0.99999921
0.99998856 -0.00468475 -0.00097077 0.00468052 0.99997973 -0.00431615 0.00099097 0.00431156 0.99999021
0.99997912 -0.00646230 -0.00005976 0.00646228 0.99997908 -0.00029023 0.00006164 0.00028984 0.99999996
0.99998771 0.00368058 0.00332230 -0.00368723 0.99999121 0.00199852 -0.00331491 -0.00201074 0.99999248
0.99996742 0.00722220 0.00360501 -0.00723188 0.99997027 0.00267742 -0.00358557 -0.00270341 0.99998992
0.99998842 0.00209549 0.00433169 -0.00212064 0.99998088 0.00580950 -0.00431943 -0.00581862 0.99997374
0.99996804 -0.00371141 0.00708123 0.00366826 0.99997469 0.00609592 -0.00710368 -0.00606975 0.99995635
0.99997489 -0.00329287 0.00627570 0.00327452 0.99999034 0.00293217 -0.00628530 -0.00291155 0.99997601
0.99997700 -0.00487733 0.00471310 0.00487627 0.99998808 0.00023534 -0.00471419 -0.00021235 0.99998887
0.99998089 -0.00348920 0.00510276 0.00348995 0.99999390 -0.00013885 -0.00510225 0.00015666 0.99998697
0.99998400 -0.00040169 0.00564290 0.00039186 0.99999841 0.00174176 -0.00564359 -0.00173952 0.99998256
0.99998530 0.00099504 0.00533030 -0.00099836 0.99999931 0.00062062 -0.00532968 -0.00062593 0.99998560
0.99998682 0.00142099 0.00493295 -0.00141451 0.99999813 -0.00131859 -0.00493481 0.00131160 0.99998696
0.99998869 -0.00191083 0.00435603 0.00191569 0.99999755 -0.00111280 -0.00435389 0.00112113 0.99998989
0.99998469 -0.00445188 0.00328557 0.00445706 0.99998883 -0.00157013 -0.00327854 0.00158475 0.99999337
0.99999554 -0.00150536 0.00257893 0.00150465 0.99999883 0.00027813 -0.00257935 -0.00027425 0.99999664
0.99999662 0.00044837 0.00255928 -0.00045546 0.99999606 0.00277106 -0.00255803 -0.00277222 0.99999289
0.99999847 0.00038573 0.00170611 -0.00039341 0.99998978 0.00450383 -0.00170436 -0.00450450 0.99998840
0.99999890 -0.00119362 0.00088369 0.00119077 0.99999408 0.00322688 -0.00088754 -0.00322582 0.99999440
0.99999985 -0.00054295 -0.00003409 0.00054299 0.99999913 0.00120143 0.00003344 -0.00120145 0.99999928
0.99999883 -0.00082714 -0.00128905 0.00082715 0.99999966 0.00000621 0.00128904 -0.00000728 0.99999917
0.99999567 -0.00047884 -0.00290425 0.00047805 0.99999985 -0.00027335 0.00290438 0.00027196 0.99999575
0.99999199 -0.00111209 -0.00384389 0.00110616 0.99999820 -0.00154455 0.00384560 0.00154029 0.99999142
0.99998342 -0.00144539 -0.00557345 0.00144856 0.99999879 0.00056522 0.00557263 -0.00057328 0.99998431
0.99997889 -0.00003651 -0.00649694 0.00004979 0.99999791 0.00204398 0.00649686 -0.00204426 0.99997681
0.99997286 0.00241422 -0.00696009 -0.00237657 0.99998253 0.00541204 0.00697303 -0.00539535 0.99996113
0.99996828 0.00133074 -0.00785247 -0.00129883 0.99999088 0.00406766 0.00785781 -0.00405734 0.99996090
0.99994819 -0.00308046 -0.00970174 0.00308846 0.99999490 0.00080949 0.00969920 -0.00083941 0.99995261
0.99993049 -0.00184072 -0.01164618 0.00182741 0.99999766 -0.00115381 0.01164827 0.00113245 0.99993152
0.99991509 -0.00017744 -0.01303002 0.00012557 0.99999207 -0.00398114 0.01303062 0.00397917 0.99990718
0.99988922 0.00224709 -0.01471405 -0.00226432 0.99999677 -0.00115442 0.01471141 0.00118761 0.99989108
0.99987574 -0.00001925 -0.01576399 0.00002753 0.99999986 0.00052489 0.01576398 -0.00052526 0.99987560
0.99987264 -0.00032490 -0.01595586 0.00039712 0.99998969 0.00452348 0.01595423 -0.00452924 0.99986246
0.99987290 0.00165033 -0.01585749 -0.00157251 0.99998667 0.00491845 0.01586539 -0.00489289 0.99986216
0.99986027 0.00380803 -0.01627691 -0.00374024 0.99998421 0.00419317 0.01629262 -0.00413170 0.99985873
0.99984587 0.00212899 -0.01742695 -0.00211312 0.99999734 0.00092866 0.01742888 -0.00089170 0.99984771
0.99983374 -0.00221155 -0.01809986 0.00216355 0.99999409 -0.00267152 0.01810566 0.00263192 0.99983261
0.99985037 0.00128429 -0.01725068 -0.00136493 0.99998819 -0.00466384 0.01724449 0.00468669 0.99984032
0.99988489 0.00247287 -0.01496978 -0.00253461 0.99998835 -0.00410681 0.01495945 0.00414427 0.99987951
0.99991178 0.00530009 -0.01217991 -0.00530786 0.99998573 -0.00060572 0.01217653 0.00067031 0.99992564
0.99995092 0.00412806 -0.00900615 -0.00408928 0.99998231 0.00432030 0.00902383 -0.00428326 0.99995011
0.99997501 0.00564968 -0.00425004 -0.00561161 0.99994450 0.00891675 0.00430018 -0.00889268 0.99995121
0.99999976 0.00031872 0.00061816 -0.00032282 0.99997781 0.00665361 -0.00061603 -0.00665380 0.99997767
0.99999281 0.00159954 0.00343805 -0.00160082 0.99999865 0.00036995 -0.00343745 -0.00037545 0.99999402
0.99997507 0.00120934 0.00695693 -0.00117491 0.99998706 -0.00495005 -0.00696282 0.00494175 0.99996355
0.99994995 0.00037844 0.00999790 -0.00033405 0.99999008 -0.00444079 -0.00999949 0.00443723 0.99994016
0.99991892 0.00069524 0.01271492 -0.00068532 0.99999946 -0.00078451 -0.01271546 0.00077573 0.99991885
0.99988026 -0.00041441 0.01546927 0.00038067 0.99999754 0.00218399 -0.01547013 -0.00217784 0.99987796
0.99987277 -0.00148521 0.01588221 0.00142674 0.99999216 0.00369249 -0.01588757 -0.00366936 0.99986705
0.99987240 -0.00303987 0.01568251 0.00300646 0.99999316 0.00215307 -0.01568895 -0.00210565 0.99987470
0.99987681 -0.00141689 0.01563209 0.00136326 0.99999315 0.00344104 -0.01563686 -0.00341931 0.99987189
0.99986382 -0.00009869 0.01650239 0.00000071 0.99998237 0.00593734 -0.01650269 -0.00593652 0.99984620
0.99988094 0.00263048 0.01520453 -0.00276001 0.99996003 0.00850400 -0.01518156 -0.00854496 0.99984824
0.99989662 -0.00414570 0.01376845 0.00406310 0.99997361 0.00602235 -0.01379306 -0.00596579 0.99988707
0.99994127 -0.00264914 0.01050886 0.00260929 0.99998936 0.00380444 -0.01051883 -0.00377679 0.99993754
0.99995756 -0.00481159 0.00785692 0.00481861 0.99998801 -0.00087409 -0.00785262 0.00091191 0.99996875
0.99998271 0.00036058 0.00586979 -0.00035524 0.99999952 -0.00091051 -0.00587012 0.00090841 0.99998236
0.99998807 0.00112119 0.00475425 -0.00114458 0.99998725 0.00491916 -0.00474868 -0.00492454 0.99997660
0.99999256 0.00197525 0.00331342 -0.00200498 0.99995756 0.00899266 -0.00329551 -0.00899924 0.99995408
0.99998628 -0.00358452 0.00381999 0.00355873 0.99997097 0.00673730 -0.00384403 -0.00672361 0.99997001
0.99999219 -0.00188942 0.00347196 0.00189036 0.99999818 -0.00026778 -0.00347145 0.00027434 0.99999394
0.99998945 -0.00150003 0.00434052 0.00150813 0.99999712 -0.00186450 -0.00433771 0.00187102 0.99998884
0.99999240 0.00037837 0.00388090 -0.00038945 0.99999585 0.00285494 -0.00387980 -0.00285643 0.99998839
0.99999017 0.00042636 0.00441327 -0.00046119 0.99996874 0.00789391 -0.00440977 -0.00789587 0.99995910
0.99998526 0.00136591 0.00525493 -0.00142034 0.99994524 0.01036843 -0.00524048 -0.01037574 0.99993244
0.99997861 0.00248090 0.00605126 -0.00250445 0.99998931 0.00388703 -0.00604155 -0.00390210 0.99997414
0.99997880 -0.00089866 0.00644844 0.00089271 0.99999917 0.00092603 -0.00644927 -0.00092025 0.99997878
0.99997945 0.00140953 0.00625375 -0.00142038 0.99999749 0.00173105 -0.00625129 -0.00173989 0.99997895
0.99997665 0.00104142 0.00675332 -0.00107220 0.99998905 0.00455472 -0.00674850 -0.00456186 0.99996682
0.99998253 -0.00237954 0.00541100 0.00234629 0.99997837 0.00614381 -0.00542550 -0.00613100 0.99996649
0.99997641 -0.00397775 0.00560060 0.00396921 0.99999095 0.00153437 -0.00560665 -0.00151211 0.99998314
0.99997601 -0.00373029 0.00583726 0.00373932 0.99999183 -0.00153686 -0.00583148 0.00155865 0.99998178
0.99998946 -0.00118900 0.00443480 0.00118979 0.99999928 -0.00017522 -0.00443459 0.00018049 0.99999015
0.99999451 0.00025162 0.00330421 -0.00025930 0.99999727 0.00232405 -0.00330362 -0.00232489 0.99999184
0.99999692 0.00062945 0.00240104 -0.00064382 0.99998185 0.00598962 -0.00239723 -0.00599114 0.99997918
0.99999770 0.00085814 0.00196664 -0.00086787 0.99998736 0.00495195 -0.00196237 -0.00495365 0.99998581
0.99999419 -0.00320853 0.00114935 0.00320748 0.99999444 0.00091290 -0.00115228 -0.00090920 0.99999892
0.99999927 -0.00120515 -0.00008136 0.00120506 0.99999866 -0.00110886 0.00008269 0.00110877 0.99999938
0.99999941 0.00084328 -0.00068014 -0.00084456 0.99999785 -0.00189200 0.00067855 0.00189257 0.99999798
0.99999497 -0.00283557 -0.00142104 0.00283965 0.99999183 0.00287805 0.00141287 -0.00288207 0.99999485
0.99998936 -0.00383639 -0.00256002 0.00384953 0.99997934 0.00514743 0.00254022 -0.00515723 0.99998347
0.99999105 -0.00236172 -0.00350928 0.00237786 0.99998659 0.00460161 0.00349837 -0.00460992 0.99998325
0.99998861 -0.00189458 -0.00438137 0.00190278 0.99999644 0.00186814 0.00437781 -0.00187646 0.99998866
0.99998579 -0.00178972 -0.00502181 0.00178893 0.99999839 -0.00016127 0.00502210 0.00015229 0.99998738
0.99997317 -0.00261559 -0.00684206 0.00261906 0.99999645 0.00049894 0.00684073 -0.00051684 0.99997647
0.99996721 0.00154113 -0.00795018 -0.00151117 0.99999174 0.00377316 0.00795593 -0.00376102 0.99996128
0.99996845 -0.00131988 -0.00783265 0.00132968 0.99999834 0.00124556 0.00783099 -0.00125594 0.99996855
0.99997011 -0.00215426 -0.00742552 0.00216078 0.99999729 0.00087046 0.00742363 -0.00088648 0.99997205
0.99997465 0.00202523 -0.00682603 -0.00201502 0.99999684 0.00150314 0.00682905 -0.00148934 0.99997557
0.99997858 -0.00051886 -0.00652398 0.00053702 0.99999599 0.00278207 0.00652251 -0.00278551 0.99997485
0.99996648 -0.00423065 -0.00701039 0.00423055 0.99999105 -0.00002968 0.00701046 0.00000002 0.99997543
0.99997639 -0.00167767 -0.00666378 0.00165597 0.99999331 -0.00326123 0.00666920 0.00325012 0.99997248
0.99998708 -0.00120734 -0.00493777 0.00119275 0.99999492 -0.00295738 0.00494132 0.00295146 0.99998344
0.99999247 -0.00034591 -0.00386572 0.00033860 0.99999816 -0.00189050 0.00386636 0.00188918 0.99999074
0.99998779 -0.00381694 -0.00313711 0.00382176 0.99999152 0.00153416 0.00313123 -0.00154613 0.99999390
0.99997769 -0.00571816 -0.00345286 0.00573315 0.99997412 0.00434520 0.00342792 -0.00436490 0.99998460
0.99998901 -0.00300871 -0.00359605 0.00301054 0.99999534 0.00050281 0.00359452 -0.00051363 0.99999341
0.99999432 0.00186234 -0.00280828 -0.00187954 0.99997942 -0.00613461 0.00279680 0.00613985 0.99997724
0.99999481 0.00306274 -0.00100429 -0.00306860 0.99997793 -0.00589187 0.00098622 0.00589492 0.99998214
0.99999042 0.00432954 0.00064898 -0.00432978 0.99999056 0.00037042 -0.00064737 -0.00037322 0.99999972
0.99998174 0.00598386 0.00085021 -0.00598672 0.99997629 0.00340400 -0.00082982 -0.00340902 0.99999384
0.99999894 0.00069709 0.00128031 -0.00069982 0.99999748 0.00213359 -0.00127882 -0.00213448 0.99999690
0.99999447 -0.00276837 0.00184476 0.00277078 0.99999531 -0.00130485 -0.00184114 0.00130996 0.99999745
0.99999806 0.00116663 0.00158718 -0.00115224 0.99995847 -0.00904104 -0.00159766 0.00903920 0.99995787
0.99998682 0.00485544 0.00166588 -0.00483880 0.99993976 -0.00985202 -0.00171361 0.00984383 0.99995008
0.99999809 0.00022947 0.00194350 -0.00021816 0.99998304 -0.00581918 -0.00194480 0.00581875 0.99998118
0.99999739 -0.00045398 0.00223787 0.00045473 0.99999984 -0.00033529 -0.00223772 0.00033630 0.99999744
0.99998982 -0.00406295 0.00196034 0.00406123 0.99999137 0.00087998 -0.00196390 -0.00087201 0.99999769
0.99998950 -0.00446999 0.00101367 0.00446843 0.99998883 0.00154044 -0.00102055 -0.00153590 0.99999830
0.99999263 -0.00349826 0.00157905 0.00350590 0.99998203 -0.00486250 -0.00156201 0.00486800 0.99998693
0.99999907 -0.00064724 0.00120229 0.00065314 0.99998773 -0.00491110 -0.00119910 0.00491188 0.99998722
0.99999429 0.00311049 0.00131918 -0.00311082 0.99999513 0.00024758 -0.00131840 -0.00025168 0.99999910
0.99999341 0.00340086 0.00127280 -0.00340484 0.99998927 0.00314106 -0.00126211 -0.00314537 0.99999426
0.99999741 0.00215183 0.00074436 -0.00215183 0.99999768 0.00000296 -0.00074435 -0.00000456 0.99999972
0.99998904 0.00456632 0.00102931 -0.00456862 0.99998704 0.00224487 -0.00101904 -0.00224955 0.99999695
0.99999976 0.00015873 0.00068002 -0.00016024 0.99999753 0.00221817 -0.00067967 -0.00221828 0.99999731
0.99999981 -0.00049113 0.00037020 0.00049256 0.99999238 -0.00387348 -0.00036829 0.00387366 0.99999243
0.99999989 -0.00018845 0.00043337 0.00019180 0.99996990 -0.00775683 -0.00043190 0.00775691 0.99996982
0.99999942 -0.00107302 0.00013263 0.00107377 0.99998268 -0.00578618 -0.00012642 0.00578632 0.99998325
0.99999898 -0.00142869 -0.00008581 0.00142875 0.99999873 0.00070575 0.00008480 -0.00070587 0.99999975
0.99999399 0.00341164 0.00061093 -0.00341077 0.99999316 -0.00143166 -0.00061581 0.00142956 0.99999879
0.99999703 0.00221944 0.00100464 -0.00221199 0.99997050 -0.00735626 -0.00102093 0.00735402 0.99997244
0.99999678 0.00223700 0.00119854 -0.00222370 0.99993718 -0.01098615 -0.00122304 0.01098345 0.99993893
0.99999782 0.00015123 0.00208227 -0.00013700 0.99997665 -0.00683270 -0.00208325 0.00683240 0.99997449
0.99999538 -0.00235452 0.00192005 0.00235234 0.99999659 0.00113301 -0.00192271 -0.00112849 0.99999751
0.99998290 -0.00547785 0.00204769 0.00547194 0.99998088 0.00288130 -0.00206343 -0.00287005 0.99999375
0.99999566 -0.00278455 0.00096057 0.00278270 0.99999427 0.00192582 -0.00096593 -0.00192313 0.99999768
0.99999435 -0.00328541 0.00071083 0.00328685 0.99999251 -0.00204330 -0.00070411 0.00204562 0.99999766
0.99999418 0.00326463 0.00098601 -0.00326147 0.99998960 -0.00318709 -0.00099640 0.00318385 0.99999444
0.99999040 0.00421769 0.00118455 -0.00421423 0.99998689 -0.00290990 -0.00119681 0.00290488 0.99999506
0.99999259 0.00373108 0.00094720 -0.00373255 0.99999183 0.00155274 -0.00094139 -0.00155626 0.99999835
0.99999726 0.00196299 0.00127695 -0.00197002 0.99998276 0.00553251 -0.00126607 -0.00553501 0.99998388
0.99999525 -0.00002021 0.00308200 0.00001123 0.99999576 0.00291346 -0.00308204 -0.00291341 0.99999101
0.99999479 0.00069941 0.00314983 -0.00069163 0.99999670 -0.00247257 -0.00315155 0.00247038 0.99999198
0.99999084 -0.00350008 0.00246218 0.00351018 0.99998538 -0.00411277 -0.00244775 0.00412137 0.99998851
0.99999565 -0.00206481 0.00210847 0.00207053 0.99999417 -0.00271498 -0.00210285 0.00271934 0.99999409
0.99999632 -0.00158215 0.00220398 0.00158271 0.99999872 -0.00024900 -0.00220358 0.00025249 0.99999754
0.99999750 0.00034285 0.00220811 -0.00034414 0.99999977 0.00058508 -0.00220791 -0.00058584 0.99999739
0.99998706 0.00332397 0.00385226 -0.00332539 0.99999441 0.00036076 -0.00385104 -0.00037357 0.99999251
0.99998995 0.00207732 0.00397413 -0.00208881 0.99999364 0.00289061 -0.00396810 -0.00289888 0.99998793
0.99999344 0.00205865 0.00297880 -0.00206398 0.99999627 0.00178983 -0.00297511 -0.00179596 0.99999396
0.99999226 -0.00290779 0.00265063 0.00291344 0.99999349 -0.00212876 -0.00264442 0.00213647 0.99999422
0.99999587 0.00196328 0.00209898 -0.00195296 0.99998606 -0.00490590 -0.00210858 0.00490178 0.99998576
0.99999776 -0.00129902 0.00166812 0.00130598 0.99999044 -0.00417396 -0.00166268 0.00417612 0.99998990
0.99999999 0.00008622 0.00005308 -0.00008622 0.99999999 0.00009492 -0.00005307 -0.00009493 0.99999999
0.99999835 0.00179709 0.00028097 -0.00179742 0.99999769 0.00118248 -0.00027884 -0.00118298 0.99999926
0.99999936 0.00111515 0.00017856 -0.00111498 0.99999888 -0.00099433 -0.00017967 0.00099413 0.99999949
0.99999640 0.00249352 -0.00099151 -0.00249180 0.99999541 0.00172610 0.00099581 -0.00172362 0.99999802
0.99999937 0.00015067 -0.00111648 -0.00015007 0.99999985 0.00053514 0.00111656 -0.00053497 0.99999923
0.99999840 0.00039709 -0.00174200 -0.00039400 0.99999835 0.00177470 0.00174270 -0.00177401 0.99999691
0.99999690 0.00014095 -0.00248771 -0.00014787 0.99999612 -0.00278266 0.00248731 0.00278302 0.99999303
0.99999700 -0.00053984 -0.00239032 0.00053116 0.99999326 -0.00363238 0.00239227 0.00363110 0.99999055
0.99999743 0.00039702 -0.00223396 -0.00040565 0.99999245 -0.00386593 0.00223241 0.00386682 0.99999003
0.99999657 0.00158573 -0.00208661 -0.00158704 0.99999854 -0.00062704 0.00208561 0.00063034 0.99999763
0.99999074 0.00340892 -0.00262761 -0.00340986 0.99999412 -0.00035378 0.00262639 0.00036274 0.99999649
0.99999555 0.00241950 -0.00174723 -0.00242102 0.99999669 -0.00086869 0.00174512 0.00087291 0.99999810
0.99999990 0.00043843 -0.00009809 -0.00043858 0.99999868 -0.00156561 0.00009741 0.00156566 0.99999877
0.99999950 -0.00050897 -0.00086312 0.00050932 0.99999979 0.00040443 0.00086291 -0.00040487 0.99999955
0.99999810 0.00195080 -0.00000136 -0.00195079 0.99999774 0.00084408 0.00000301 -0.00084407 0.99999964
0.99999872 0.00002888 0.00159723 -0.00003024 0.99999964 0.00085336 -0.00159720 -0.00085341 0.99999836
0.99999307 0.00237760 0.00286418 -0.00237869 0.99999710 0.00037698 -0.00286327 -0.00038379 0.99999583
0.99999333 0.00129774 0.00341395 -0.00130192 0.99999841 0.00122217 -0.00341236 -0.00122661 0.99999343
0.99999619 -0.00063283 0.00268706 0.00064025 0.99999598 -0.00276209 -0.00268530 0.00276380 0.99999258
0.99997788 -0.00572818 0.00338123 0.00574643 0.99996884 -0.00541359 -0.00335011 0.00543290 0.99997963
0.99998635 -0.00450677 0.00264440 0.00452302 0.99997072 -0.00617328 -0.00261651 0.00618515 0.99997745
0.99998631 -0.00422461 0.00308884 0.00423063 0.99998915 -0.00194763 -0.00308058 0.00196067 0.99999333
0.99999146 -0.00289412 0.00295135 0.00288809 0.99999374 0.00204593 -0.00295726 -0.00203739 0.99999355
0.99999163 -0.00018699 0.00408753 0.00016083 0.99997951 0.00639970 -0.00408865 -0.00639899 0.99997117
0.99998689 0.00181524 0.00478798 -0.00183524 0.99998960 0.00417571 -0.00478035 -0.00418444 0.99997982
0.99998925 0.00116064 0.00448818 -0.00117000 0.99999715 0.00208347 -0.00448575 -0.00208870 0.99998776
0.99998358 0.00314497 0.00479029 -0.00315143 0.99999413 0.00134242 -0.00478604 -0.00135750 0.99998763
0.99997752 0.00085404 0.00665119 -0.00085503 0.99999962 0.00014690 -0.00665107 -0.00015259 0.99997787
0.99996285 -0.00167934 0.00845409 0.00166859 0.99999779 0.00127793 -0.00845622 -0.00126378 0.99996345
0.99994045 0.00511039 0.00964301 -0.00508526 0.99998361 -0.00262887 -0.00965628 0.00257967 0.99995005
0.99992442 0.00620380 0.01061426 -0.00616863 0.99997539 -0.00334305 -0.01063474 0.00327732 0.99993808
0.99992103 -0.00597969 0.01105354 0.00602667 0.99997293 -0.00422201 -0.01102800 0.00428829 0.99992999
0.99993045 -0.00700067 0.00949164 0.00705628 0.99995806 -0.00583773 -0.00945038 0.00590430 0.99993791
0.99995583 0.00101451 0.00934353 -0.00094878 0.99997479 -0.00703691 -0.00935044 0.00702773 0.99993159
0.99995646 0.00361259 0.00860385 -0.00354866 0.99996607 -0.00743382 -0.00863041 0.00740296 0.99993535
0.99995861 0.00430616 0.00801525 -0.00431465 0.99999015 0.00104318 -0.00801068 -0.00107772 0.99996733
0.99994229 -0.00040755 0.01073523 0.00035537 0.99998812 0.00486225 -0.01073708 -0.00485815 0.99993055
0.99996140 0.00083866 0.00874617 -0.00086842 0.99999384 0.00340015 -0.00874327 -0.00340762 0.99995597
0.99996645 0.00362773 0.00734433 -0.00363132 0.99999329 0.00047433 -0.00734256 -0.00050099 0.99997292
0.99997830 0.00075819 0.00654359 -0.00075281 0.99999938 -0.00082608 -0.00654422 0.00082113 0.99997825
0.99998763 0.00249700 0.00430105 -0.00251273 0.99999015 0.00365741 -0.00429188 -0.00366818 0.99998406
0.99998409 -0.00083068 0.00557940 0.00079292 0.99997680 0.00676550 -0.00558489 -0.00676097 0.99996155
0.99998495 0.00020365 0.00548335 -0.00023896 0.99997923 0.00644036 -0.00548193 -0.00644157 0.99996423
0.99998511 -0.00185622 0.00513122 0.00183022 0.99998549 0.00506669 -0.00514055 -0.00505722 0.99997400
0.99997977 -0.00407744 0.00488158 0.00407428 0.99999148 0.00065714 -0.00488422 -0.00063724 0.99998787
0.99997166 -0.00695842 0.00287562 0.00696529 0.99997289 -0.00238811 -0.00285893 0.00240807 0.99999301
0.99999365 -0.00300514 0.00191683 0.00302041 0.99996331 -0.00801658 -0.00189267 0.00802232 0.99996603
0.99999288 -0.00314503 0.00208565 0.00316538 0.99994670 -0.00982737 -0.00205463 0.00983390 0.99994954
0.99999745 -0.00185861 0.00128201 0.00186397 0.99998947 -0.00419346 -0.00127420 0.00419584 0.99999039
0.99999881 -0.00027676 0.00151704 0.00027824 0.99999949 -0.00097557 -0.00151676 0.00097599 0.99999837
0.99998969 0.00433188 0.00136257 -0.00433770 0.99998136 0.00429813 -0.00134393 -0.00430399 0.99998983
0.99999816 -0.00084906 0.00171947 0.00084546 0.99999745 0.00209232 -0.00172124 -0.00209087 0.99999633
0.99999534 0.00263389 0.00154257 -0.00263686 0.99999466 0.00192870 -0.00153748 -0.00193276 0.99999695
0.99999407 0.00283138 0.00195797 -0.00283103 0.99999598 -0.00018076 -0.00195847 0.00017522 0.99999807
0.99999958 -0.00031868 0.00085452 0.00031781 0.99999944 0.00101272 -0.00085484 -0.00101245 0.99999912
0.99999265 -0.00382916 0.00019955 0.00382907 0.99999257 0.00044214 -0.00020124 -0.00044137 0.99999988
0.99999914 0.00129185 0.00020621 -0.00129216 0.99999806 0.00148906 -0.00020429 -0.00148933 0.99999887
0.99999820 0.00182952 0.00050902 -0.00182916 0.99999808 -0.00069592 -0.00051029 0.00069499 0.99999963
0.99999462 -0.00326217 -0.00034845 0.00326153 0.99999298 -0.00184270 0.00035446 0.00184155 0.99999824
0.99999871 -0.00085868 -0.00135948 0.00085334 0.99999193 -0.00392619 0.00136284 0.00392502 0.99999137
0.99999924 0.00115901 -0.00042590 -0.00116069 0.99999151 -0.00395453 0.00042131 0.00395502 0.99999209
0.99999860 -0.00110004 -0.00125766 0.00109909 0.99999911 -0.00075492 0.00125849 0.00075353 0.99999892
0.99999928 0.00029858 -0.00116254 -0.00029743 0.99999946 0.00099316 0.00116284 -0.00099282 0.99999883
0.99999948 0.00018187 -0.00100528 -0.00017884 0.99999546 0.00300785 0.00100583 -0.00300767 0.99999497
0.99999742 0.00185227 -0.00131848 -0.00184600 0.99998706 0.00474047 0.00132724 -0.00473803 0.99998789
0.99999526 0.00258497 -0.00167063 -0.00257806 0.99998818 0.00412301 0.00168127 -0.00411868 0.99999010
0.99999796 0.00099380 -0.00175795 -0.00099208 0.99999902 0.00098296 0.00175892 -0.00098121 0.99999797
0.99999799 -0.00025247 -0.00198773 0.00024809 0.99999755 -0.00220076 0.00198828 0.00220026 0.99999560
0.99999867 0.00102349 -0.00126735 -0.00103039 0.99998460 -0.00545416 0.00126175 0.00545546 0.99998432
0.99999808 0.00139754 -0.00137284 -0.00140086 0.99999610 -0.00241464 0.00136946 0.00241656 0.99999614
0.99999892 0.00009807 -0.00146482 -0.00009584 0.99999884 0.00152218 0.00146497 -0.00152204 0.99999777
0.99999903 -0.00138765 -0.00013813 0.00138805 0.99999483 0.00290173 0.00013410 -0.00290192 0.99999578
0.99999156 0.00406757 0.00058430 -0.00406696 0.99999119 -0.00104267 -0.00058853 0.00104028 0.99999929
0.99999712 -0.00016727 0.00239208 0.00017100 0.99999877 -0.00155875 -0.00239181 0.00155915 0.99999592
0.99999672 0.00062793 0.00248145 -0.00062927 0.99999966 0.00053897 -0.00248112 -0.00054053 0.99999678
0.99998873 0.00022873 0.00474304 -0.00024128 0.99999647 0.00264600 -0.00474242 -0.00264711 0.99998525
0.99998598 0.00062578 0.00525796 -0.00062111 0.99999941 -0.00089137 -0.00525851 0.00088809 0.99998578
0.99998633 0.00125458 0.00507686 -0.00124104 0.99999567 -0.00266931 -0.00508019 0.00266297 0.99998355
0.99998424 0.00029205 0.00560684 -0.00028905 0.99999981 -0.00053593 -0.00560700 0.00053430 0.99998414
0.99998260 0.00099237 0.00581505 -0.00099586 0.99999933 0.00059665 -0.00581446 -0.00060243 0.99998291
0.99998079 0.00051580 0.00617684 -0.00050544 0.99999846 -0.00167823 -0.00617770 0.00167508 0.99997951
0.99998421 -0.00243461 0.00506471 0.00244265 0.99999577 -0.00158102 -0.00506084 0.00159336 0.99998592
0.99999657 -0.00042213 0.00258540 0.00041889 0.99999913 0.00125132 -0.00258593 -0.00125024 0.99999587
0.99999328 0.00176163 0.00321447 -0.00177757 0.99998611 0.00496224 -0.00320568 -0.00496792 0.99998252
0.99999256 -0.00074002 0.00378559 0.00072968 0.99999600 0.00273301 -0.00378759 -0.00273022 0.99998910
0.99999190 0.00093198 0.00391624 -0.00091904 0.99999411 -0.00330680 -0.00391930 0.00330318 0.99998686
0.99999108 -0.00112643 0.00407147 0.00114594 0.99998786 -0.00479277 -0.00406602 0.00479739 0.99998023
0.99999286 0.00186300 0.00328641 -0.00185817 0.99999719 -0.00147101 -0.00328914 0.00146489 0.99999352
0.99998895 -0.00172606 0.00437194 0.00171409 0.99999478 0.00274038 -0.00437665 -0.00273286 0.99998669
0.99998088 -0.00388644 0.00481005 0.00387700 0.99999054 0.00197061 -0.00481767 -0.00195193 0.99998649
0.99999116 0.00043373 0.00418306 -0.00042730 0.99999872 -0.00153919 -0.00418372 0.00153738 0.99999007
0.99998988 -0.00086501 0.00441540 0.00087589 0.99999659 -0.00246216 -0.00441326 0.00246601 0.99998722
0.99999205 -0.00013585 0.00398552 0.00013407 0.99999989 0.00044656 -0.00398558 -0.00044602 0.99999196
0.99997951 -0.00410167 0.00491583 0.00409331 0.99999016 0.00171029 -0.00492280 -0.00169013 0.99998645
0.99999066 -0.00112597 0.00417327 0.00112619 0.99999936 -0.00005104 -0.00417321 0.00005574 0.99999129
0.99998480 0.00029849 0.00550599 -0.00029435 0.99999967 -0.00075314 -0.00550621 0.00075150 0.99998456
0.99998445 0.00062332 0.00554117 -0.00061327 0.99999817 -0.00181484 -0.00554229 0.00181141 0.99998300
0.99998117 0.00071298 0.00609567 -0.00071293 0.99999975 -0.00001052 -0.00609568 0.00000618 0.99998142
0.99998031 0.00007966 0.00627539 -0.00008997 0.99999865 0.00164227 -0.00627525 -0.00164280 0.99997896
0.99997794 0.00236126 0.00620877 -0.00237001 0.99999621 0.00140107 -0.00620544 -0.00141575 0.99997974
0.99997577 0.00028367 0.00695521 -0.00029575 0.99999845 0.00173616 -0.00695471 -0.00173817 0.99997431
0.99998248 0.00028807 0.00591231 -0.00028000 0.99999903 -0.00136575 -0.00591270 0.00136407 0.99998159
0.99997764 0.00304879 0.00595118 -0.00303581 0.99999300 -0.00218889 -0.00595781 0.00217078 0.99997990
0.99997655 -0.00137571 0.00670841 0.00140285 0.99999085 -0.00404250 -0.00670279 0.00405182 0.99996933
0.99998588 -0.00220914 0.00483279 0.00222471 0.99999234 -0.00321977 -0.00482564 0.00323048 0.99998314
0.99998381 0.00111258 0.00557988 -0.00109436 0.99999406 -0.00326737 -0.00558348 0.00326121 0.99997909
0.99998155 0.00102373 0.00598834 -0.00103023 0.99999888 0.00108155 -0.00598722 -0.00108770 0.99998148
0.99998374 -0.00052796 0.00567763 0.00051422 0.99999694 0.00242065 -0.00567889 -0.00241769 0.99998095
0.99998330 -0.00006602 0.00577836 0.00006570 1.00000000 0.00005563 -0.00577837 -0.00005525 0.99998330
0.99998190 0.00367915 0.00476153 -0.00366140 0.99998634 -0.00373086 -0.00477519 0.00371335 0.99998170
0.99997148 0.00495784 0.00569651 -0.00492848 0.99997455 -0.00515800 -0.00572194 0.00512977 0.99997047
0.99993601 0.00667301 0.00913443 -0.00663557 0.99996949 -0.00412279 -0.00916166 0.00406191 0.99994978
0.99990535 0.00377530 0.01323047 -0.00373208 0.99998762 -0.00329013 -0.01324273 0.00324044 0.99990706
0.99991033 0.00043441 0.01338426 -0.00043427 0.99999991 -0.00001383 -0.01338426 0.00000802 0.99991043
0.99994772 0.00223275 0.00997811 -0.00222702 0.99999735 -0.00058552 -0.00997939 0.00056327 0.99995005
0.99998855 -0.00204664 0.00432542 0.00205192 0.99999715 -0.00121669 -0.00432292 0.00122555 0.99998991
0.99999315 -0.00134796 -0.00344636 0.00135300 0.99999802 0.00146028 0.00344438 -0.00146493 0.99999300
0.99995102 -0.00009923 -0.00989681 0.00014576 0.99998894 0.00470111 0.00989623 -0.00470232 0.99993997
0.99991985 0.00479285 -0.01171838 -0.00473660 0.99997715 0.00482303 0.01174122 -0.00476713 0.99991971
0.99990850 0.00867957 -0.01037557 -0.00865183 0.99995888 0.00271587 0.01039872 -0.00262586 0.99994248
0.99992059 0.00470209 -0.01169246 -0.00467761 0.99998681 0.00212045 0.01170228 -0.00206559 0.99992939
0.99990984 -0.00069858 -0.01340971 0.00072476 0.99999784 0.00194755 0.01340833 -0.00195709 0.99990819
0.99990115 -0.00400748 -0.01347716 0.00400175 0.99999189 -0.00045230 0.01347886 0.00039833 0.99990908
0.99989830 0.00007861 -0.01426103 -0.00006056 0.99999920 0.00126593 0.01426112 -0.00126494 0.99989750
0.99987957 0.00175322 -0.01541996 -0.00170280 0.99999316 0.00328229 0.01542561 -0.00325564 0.99987572
0.99986282 0.00242741 -0.01638427 -0.00237528 0.99999206 0.00320015 0.01639190 -0.00316080 0.99986065
0.99987117 0.00252620 -0.01585150 -0.00248585 0.99999362 0.00256458 0.01585788 -0.00252484 0.99987107
0.99986705 0.00547808 -0.01535824 -0.00544775 0.99998313 0.00201593 0.01536903 -0.00193199 0.99988002
0.99987650 0.00314929 -0.01539697 -0.00316436 0.99999454 -0.00095465 0.01539388 0.00100326 0.99988100
0.99987456 0.00163830 -0.01575401 -0.00167807 0.99999544 -0.00251118 0.01574982 0.00253730 0.99987274
0.99987699 0.00309582 -0.01537630 -0.00311671 0.99999425 -0.00133454 0.01537208 0.00138230 0.99988089
0.99987432 0.00344957 -0.01547374 -0.00344213 0.99999395 0.00050728 0.01547539 -0.00045396 0.99988015
0.99986247 0.00646610 -0.01527171 -0.00638716 0.99996602 0.00521158 0.01530489 -0.00511333 0.99986980
0.99986596 0.00601478 -0.01522801 -0.00592921 0.99996642 0.00565768 0.01526153 -0.00556663 0.99986804
0.99987456 0.00446577 -0.01519605 -0.00439737 0.99998006 0.00453186 0.01521598 -0.00446447 0.99987426
0.99988636 0.00301831 -0.01477023 -0.00298072 0.99999227 0.00256601 0.01477786 -0.00252169 0.99988762
0.99989230 0.00246468 -0.01446749 -0.00245257 0.99999663 0.00085480 0.01446954 -0.00081922 0.99989498
0.99988420 0.00201936 -0.01508319 -0.00201572 0.99999794 0.00025642 0.01508368 -0.00022599 0.99988621
0.99986961 0.00493865 -0.01537423 -0.00492383 0.99998738 0.00100167 0.01537898 -0.00092584 0.99988131
0.99987202 0.00616811 -0.01476144 -0.00614047 0.99997931 0.00191736 0.01477296 -0.00182647 0.99988921
0.99987721 0.00326693 -0.01532605 -0.00325265 0.99999425 0.00095692 0.01532909 -0.00090695 0.99988209
0.99987270 0.00468191 -0.01525309 -0.00469680 0.99998853 -0.00094046 0.01524852 0.00101198 0.99988322
0.99988264 0.00415510 -0.01474576 -0.00417537 0.99999038 -0.00134368 0.01474004 0.00140510 0.99989037
0.99989915 0.00322566 -0.01383023 -0.00323821 0.99999437 -0.00088475 0.01382730 0.00092944 0.99990397
0.99991195 0.00460030 -0.01244724 -0.00461704 0.99998847 -0.00131667 0.01244104 0.00137402 0.99992166
0.99991684 0.00514476 -0.01182528 -0.00517551 0.99998330 -0.00257155 0.01181186 0.00263254 0.99992677
0.99992579 0.00516296 -0.01103482 -0.00522713 0.99996955 -0.00579454 0.01100456 0.00585179 0.99992233
0.99996215 0.00159369 -0.00855326 -0.00164303 0.99998203 -0.00576553 0.00854391 0.00577936 0.99994680
0.99997286 0.00098976 -0.00730094 -0.00102292 0.99998917 -0.00453998 0.00729637 0.00454733 0.99996304
0.99998341 0.00063584 -0.00572582 -0.00064967 0.99999687 -0.00241456 0.00572426 0.00241824 0.99998069
0.99998098 0.00455831 -0.00415463 -0.00456303 0.99998895 -0.00112654 0.00414945 0.00114548 0.99999073
0.99999047 0.00149183 -0.00410320 -0.00150813 0.99999097 -0.00397213 0.00409723 0.00397828 0.99998369
