0.99997883 0.00048865 -0.00648846 -0.00048625 0.99999981 0.00037140 0.00648864 -0.00036824 0.99997888
0.99998555 0.00100846 -0.00528096 -0.00099564 0.99999655 0.00243130 0.00528340 -0.00242601 0.99998310
0.99997788 0.00126719 -0.00653016 -0.00125875 0.99999837 0.00129499 0.00653179 -0.00128675 0.99997784
0.99998470 0.00026988 -0.00552525 -0.00027145 0.99999992 -0.00028355 0.00552517 0.00028505 0.99998470
0.99998344 -0.00037650 -0.00574284 0.00036971 0.99999923 -0.00118202 0.00574328 0.00117987 0.99998281
0.99998480 -0.00096434 -0.00542835 0.00095754 0.99999875 -0.00125529 0.00542956 0.00125008 0.99998448
0.99998611 -0.00015888 -0.00526831 0.00015721 0.99999994 -0.00031755 0.00526836 0.00031672 0.99998607
0.99998488 0.00049492 -0.00547689 -0.00049464 0.99999988 0.00005113 0.00547691 -0.00004842 0.99998500
0.99998255 0.00047235 -0.00588876 -0.00047872 0.99999930 -0.00108067 0.00588825 0.00108347 0.99998208
0.99998630 0.00185826 -0.00489285 -0.00186545 0.99999719 -0.00146433 0.00489012 0.00147343 0.99998696
0.99998784 0.00145623 -0.00471101 -0.00146034 0.99999856 -0.00086928 0.00470973 0.00087615 0.99998853
0.99998337 0.00139742 -0.00559480 -0.00138986 0.99999812 0.00135475 0.00559668 -0.00134695 0.99998343
0.99998818 -0.00003370 -0.00486205 0.00004457 0.99999750 0.00223590 0.00486196 -0.00223609 0.99998568
0.99998660 -0.00037716 -0.00516266 0.00038401 0.99999905 0.00132545 0.00516215 -0.00132742 0.99998579
0.99997987 -0.00204889 -0.00600462 0.00205222 0.99999774 0.00054725 0.00600348 -0.00055956 0.99998182
0.99998049 -0.00228972 -0.00581238 0.00229408 0.99999709 0.00074455 0.00581066 -0.00075787 0.99998283
0.99998556 -0.00130713 -0.00521351 0.00131418 0.99999823 0.00134965 0.00521173 -0.00135649 0.99998550
0.99998209 -0.00195511 -0.00565595 0.00195083 0.99999781 -0.00076220 0.00565743 0.00075115 0.99998371
0.99998642 0.00154400 -0.00497664 -0.00155271 0.99999727 -0.00174630 0.00497393 0.00175400 0.99998609
0.99998824 0.00122198 -0.00469425 -0.00122893 0.99999815 -0.00147802 0.00469244 0.00148377 0.99998789
0.99998940 0.00157142 -0.00432789 -0.00157355 0.99999864 -0.00048963 0.00432711 0.00049643 0.99999051
0.99998999 0.00106533 -0.00434537 -0.00106174 0.99999909 0.00082893 0.00434625 -0.00082430 0.99999022
0.99999219 -0.00008039 -0.00395262 0.00008694 0.99999862 0.00165830 0.00395248 -0.00165863 0.99999081
0.99999537 -0.00017888 -0.00303813 0.00018413 0.99999849 0.00172755 0.00303782 -0.00172811 0.99999389
0.99999280 -0.00041504 -0.00377277 0.00041173 0.99999953 -0.00087906 0.00377313 0.00087750 0.99999250
0.99998888 -0.00013308 -0.00471322 0.00013029 0.99999982 -0.00059361 0.00471329 0.00059299 0.99998872
0.99998785 -0.00160991 -0.00466010 0.00161179 0.99999862 0.00039971 0.00465945 -0.00040721 0.99998906
0.99999128 -0.00196096 -0.00368773 0.00196445 0.99999762 0.00094424 0.00368587 -0.00095147 0.99999275
0.99999128 -0.00153940 -0.00388129 0.00154014 0.99999880 0.00018785 0.00388099 -0.00019383 0.99999245
0.99999565 -0.00042335 -0.00291889 0.00041911 0.99999886 -0.00145235 0.00291950 0.00145112 0.99999469
0.99998484 -0.00112762 -0.00539009 0.00112145 0.99999871 -0.00114889 0.00539138 0.00114283 0.99998481
0.99999427 -0.00004662 -0.00338387 0.00004912 0.99999973 0.00073746 0.00338384 -0.00073763 0.99999400
0.99999485 -0.00024251 -0.00320150 0.00024715 0.99999892 0.00144844 0.00320115 -0.00144922 0.99999383
0.99999418 -0.00131381 -0.00314758 0.00131856 0.99999800 0.00150640 0.00314559 -0.00151054 0.99999391
0.99999377 -0.00087241 -0.00341967 0.00087065 0.99999949 -0.00051790 0.00342012 0.00051492 0.99999402
0.99999627 -0.00059436 -0.00266496 0.00058945 0.99999813 -0.00184279 0.00266605 0.00184121 0.99999475
0.99999774 -0.00017753 -0.00211969 0.00017104 0.99999529 -0.00306323 0.00212022 0.00306286 0.99999306
0.99999669 -0.00047506 -0.00252901 0.00047416 0.99999982 -0.00035638 0.00252918 0.00035518 0.99999674
0.99998728 -0.00377129 -0.00335013 0.00377970 0.99998971 0.00250780 0.00334064 -0.00252043 0.99999124
0.99998949 -0.00366602 -0.00275287 0.00366811 0.99999299 0.00075447 0.00275009 -0.00076456 0.99999593
0.99999440 -0.00251435 -0.00221034 0.00250936 0.99999431 -0.00225611 0.00221600 0.00225056 0.99999501
0.99999335 -0.00121788 -0.00343713 0.00120663 0.99999392 -0.00327276 0.00344110 0.00326859 0.99998874
0.99999350 0.00323939 -0.00158091 -0.00324067 0.99999443 -0.00080324 0.00157830 0.00080836 0.99999843
0.99998468 0.00527222 -0.00168875 -0.00527124 0.99998594 0.00058154 0.00169179 -0.00057263 0.99999840
0.99998824 0.00439496 -0.00205261 -0.00439330 0.99999002 0.00081201 0.00205616 -0.00080298 0.99999756
0.99999120 0.00388633 -0.00158208 -0.00388448 0.99999177 0.00116737 0.00158660 -0.00116121 0.99999807
0.99999416 0.00219539 -0.00261790 -0.00219153 0.99999650 0.00147928 0.00262114 -0.00147353 0.99999548
0.99999847 0.00041187 -0.00169787 -0.00041198 0.99999991 -0.00006796 0.00169784 0.00006866 0.99999856
0.99999986 0.00028374 0.00043636 -0.00028418 0.99999945 0.00100602 -0.00043608 -0.00100614 0.99999940
0.99999679 -0.00196032 -0.00160459 0.00196330 0.99999635 0.00185840 0.00160094 -0.00186154 0.99999699
0.99999452 -0.00295710 -0.00148578 0.00295794 0.99999546 0.00056835 0.00148409 -0.00057274 0.99999873
0.99999833 -0.00181809 -0.00017334 0.00181779 0.99999688 -0.00171234 0.00017645 0.00171203 0.99999852
0.99999848 -0.00163291 -0.00061377 0.00163201 0.99999762 -0.00144949 0.00061614 0.00144849 0.99999876
0.99999929 -0.00118327 0.00012282 0.00118341 0.99999870 -0.00109071 -0.00012153 0.00109085 0.99999940
0.99999817 -0.00188568 -0.00032943 0.00188583 0.99999813 0.00043454 0.00032861 -0.00043516 0.99999985
0.99999408 -0.00332910 -0.00087200 0.00333106 0.99999190 0.00225830 0.00086447 -0.00226119 0.99999707
0.99999581 -0.00273251 0.00095207 0.00273063 0.99999432 0.00197341 -0.00095746 -0.00197080 0.99999760
0.99998934 -0.00440230 0.00139406 0.00440146 0.99999013 0.00060714 -0.00139672 -0.00060100 0.99999884
0.99998716 -0.00457159 0.00218463 0.00457078 0.99998948 0.00037245 -0.00218631 -0.00036246 0.99999754
0.99998931 -0.00363095 0.00286196 0.00363312 0.99999311 -0.00075544 -0.00285920 0.00076583 0.99999562
0.99998350 -0.00391928 0.00420049 0.00392601 0.99999102 -0.00159467 -0.00419420 0.00161113 0.99998991
0.99999217 -0.00190908 0.00346667 0.00191351 0.99999735 -0.00127651 -0.00346422 0.00128314 0.99999318
0.99999541 -0.00213497 0.00214829 0.00213877 0.99999615 -0.00176788 -0.00214450 0.00177247 0.99999613
0.99999149 -0.00174506 0.00373763 0.00174941 0.99999780 -0.00116078 -0.00373559 0.00116731 0.99999234
0.99998997 -0.00267798 0.00359042 0.00268543 0.99999425 -0.00207056 -0.00358486 0.00208018 0.99999141
0.99999545 -0.00036558 0.00299519 0.00036565 0.99999993 -0.00002293 -0.00299518 0.00002403 0.99999551
0.99999851 -0.00057781 0.00162897 0.00057677 0.99999963 0.00063786 -0.00162934 -0.00063692 0.99999847
0.99999144 -0.00159101 0.00381920 0.00158092 0.99999525 0.00264404 -0.00382339 -0.00263798 0.99998921
0.99999505 -0.00312823 -0.00032486 0.00312887 0.99999315 0.00197814 0.00031867 -0.00197915 0.99999799
0.99999165 -0.00326723 0.00245473 0.00326557 0.99999444 0.00067763 -0.00245693 -0.00066961 0.99999676
0.99999549 -0.00290756 0.00075242 0.00290734 0.99999573 0.00030060 -0.00075329 -0.00029841 0.99999967
0.99999602 -0.00168514 0.00226143 0.00168406 0.99999847 0.00047909 -0.00226224 -0.00047528 0.99999733
0.99999951 -0.00097635 -0.00013255 0.00097624 0.99999916 -0.00085093 0.00013338 0.00085080 0.99999963
0.99999788 0.00003135 0.00205664 -0.00002833 0.99999893 -0.00146534 -0.00205669 0.00146528 0.99999681
0.99999707 0.00074358 0.00230235 -0.00073875 0.99999752 -0.00209959 -0.00230390 0.00209789 0.99999515
0.99999933 0.00076971 0.00086768 -0.00076789 0.99999749 -0.00210633 -0.00086930 0.00210567 0.99999741
0.99998325 0.00246428 0.00523655 -0.00246089 0.99999676 -0.00065315 -0.00523814 0.00064025 0.99998608
0.99999665 0.00119135 0.00229707 -0.00119187 0.99999926 0.00022566 -0.00229680 -0.00022840 0.99999734
0.99999701 0.00100477 0.00223044 -0.00100649 0.99999920 0.00077243 -0.00222966 -0.00077467 0.99999721
0.99999699 -0.00007769 0.00245211 0.00007468 0.99999925 0.00122512 -0.00245221 -0.00122493 0.99999624
0.99999562 -0.00255597 0.00149549 0.00255493 0.99999649 0.00069778 -0.00149726 -0.00069395 0.99999864
0.99999057 -0.00386568 0.00197998 0.00386489 0.99999245 0.00040593 -0.00198153 -0.00039827 0.99999796
0.99999013 -0.00444242 0.00000637 0.00444242 0.99999001 -0.00050077 -0.00000414 0.00050079 0.99999987
0.99999181 -0.00367285 0.00169867 0.00367267 0.99999325 0.00011001 -0.00169907 -0.00010377 0.99999855
0.99999056 -0.00369649 0.00228338 0.00369548 0.99999307 0.00044885 -0.00228502 -0.00044040 0.99999729
0.99999532 -0.00126120 0.00278741 0.00126189 0.99999917 -0.00024260 -0.00278710 0.00024612 0.99999609
0.99998928 0.00017821 0.00462739 -0.00017590 0.99999986 -0.00050053 -0.00462748 0.00049971 0.99998917
0.99999291 0.00091159 0.00365461 -0.00090600 0.99999842 -0.00152958 -0.00365600 0.00152626 0.99999215
0.99998836 0.00234084 0.00421855 -0.00233791 0.99999702 -0.00069939 -0.00422017 0.00068952 0.99999086
0.99998533 0.00257580 0.00476473 -0.00257149 0.99999628 -0.00091095 -0.00476706 0.00089869 0.99998823
0.99998584 0.00223990 0.00482700 -0.00224048 0.99999748 0.00011583 -0.00482673 -0.00012665 0.99998834
0.99998961 -0.00102507 0.00444153 0.00102608 0.99999945 -0.00022499 -0.00444130 0.00022955 0.99999011
0.99998458 -0.00217377 0.00511100 0.00217942 0.99999702 -0.00109984 -0.00510859 0.00111096 0.99998633
0.99998600 -0.00225297 0.00478802 0.00225650 0.99999719 -0.00073193 -0.00478636 0.00074273 0.99998827
0.99999215 -0.00175646 0.00355182 0.00176096 0.99999765 -0.00126329 -0.00354960 0.00126953 0.99999289
0.99999398 -0.00179792 0.00296827 0.00180254 0.99999716 -0.00155678 -0.00296547 0.00156213 0.99999438
0.99999092 -0.00035847 0.00424635 0.00036030 0.99999984 -0.00043090 -0.00424619 0.00043242 0.99999089
0.99999172 -0.00049760 0.00403968 0.00049515 0.99999969 0.00060783 -0.00403998 -0.00060583 0.99999166
0.99999341 -0.00067214 0.00356789 0.00066766 0.99999899 0.00125628 -0.00356873 -0.00125389 0.99999285
0.99999400 -0.00015805 0.00346064 0.00015656 0.99999990 0.00042916 -0.00346071 -0.00042861 0.99999392
0.99999106 0.00188749 0.00378336 -0.00188530 0.99999805 -0.00058243 -0.00378445 0.00057529 0.99999267
0.99999715 -0.00112427 0.00210786 0.00112639 0.99999886 -0.00100372 -0.00210673 0.00100609 0.99999727
0.99998891 0.00014024 0.00470805 -0.00012695 0.99999601 -0.00282371 -0.00470843 0.00282308 0.99998493
0.99998509 -0.00148044 0.00525689 0.00148210 0.99999885 -0.00031163 -0.00525642 0.00031941 0.99998613
0.99998420 -0.00066883 0.00558055 0.00067217 0.99999960 -0.00059747 -0.00558014 0.00060121 0.99998425
0.99998386 0.00074962 0.00563227 -0.00073957 0.99999813 -0.00178627 -0.00563360 0.00178207 0.99998254
0.99999306 0.00008042 0.00372353 -0.00007367 0.99999836 -0.00181192 -0.00372367 0.00181163 0.99999143
0.99998362 0.00167554 0.00547249 -0.00167072 0.99999821 -0.00088510 -0.00547396 0.00087594 0.99998463
0.99998300 0.00122721 0.00570003 -0.00122617 0.99999923 -0.00018662 -0.00570026 0.00017963 0.99998374
0.99999150 0.00083394 0.00403856 -0.00083374 0.99999965 -0.00005182 -0.00403860 0.00004845 0.99999184
0.99998771 -0.00000072 0.00495777 0.00000568 0.99999950 -0.00099984 -0.00495776 0.00099985 0.99998721
0.99999060 -0.00001350 0.00433526 0.00001611 0.99999982 -0.00060288 -0.00433525 0.00060294 0.99999042
0.99998675 0.00043576 0.00512985 -0.00043900 0.99999971 0.00063016 -0.00512958 -0.00063241 0.99998664
0.99998753 -0.00251241 0.00431490 0.00250843 0.99999642 0.00092666 -0.00431722 -0.00091582 0.99999026
0.99998563 0.00048410 0.00533915 -0.00048264 0.99999985 -0.00027443 -0.00533928 0.00027185 0.99998571
0.99998562 0.00043190 0.00534579 -0.00042852 0.99999971 -0.00063315 -0.00534606 0.00063085 0.99998551
0.99998482 -0.00231259 0.00500100 0.00231833 0.99999666 -0.00114248 -0.00499834 0.00115406 0.99998684
0.99998550 -0.00014743 0.00538383 0.00015217 0.99999960 -0.00088006 -0.00538370 0.00088087 0.99998512
0.99998222 -0.00118780 0.00584401 0.00119122 0.99999912 -0.00058171 -0.00584331 0.00058866 0.99998275
0.99998768 -0.00094401 0.00487240 0.00094633 0.99999944 -0.00047369 -0.00487195 0.00047830 0.99998802
0.99998670 0.00037340 0.00514354 -0.00037335 0.99999993 -0.00001100 -0.00514354 0.00000908 0.99998677
0.99998640 -0.00108936 0.00509977 0.00108642 0.99999924 0.00058104 -0.00510040 -0.00057549 0.99998683
0.99998682 -0.00100896 0.00503394 0.00100587 0.99999930 0.00061724 -0.00503456 -0.00061217 0.99998714
0.99998874 -0.00041593 0.00472624 0.00041505 0.99999990 0.00018783 -0.00472631 -0.00018587 0.99998881
0.99999053 0.00068476 0.00429685 -0.00068449 0.99999976 -0.00006373 -0.00429689 0.00006079 0.99999077
0.99998525 0.00097700 0.00534238 -0.00097219 0.99999912 -0.00090199 -0.00534326 0.00089679 0.99998532
0.99998845 0.00095999 0.00470975 -0.00095778 0.99999943 -0.00047062 -0.00471020 0.00046610 0.99998880
0.99998543 0.00193326 0.00503995 -0.00192909 0.99999779 -0.00083132 -0.00504155 0.00082158 0.99998695
0.99998584 0.00027249 0.00531449 -0.00027194 0.99999996 -0.00010565 -0.00531452 0.00010421 0.99998587
0.99998636 -0.00234377 0.00466749 0.00234733 0.99999696 -0.00075908 -0.00466569 0.00077002 0.99998882
0.99998690 -0.00145702 0.00490781 0.00145347 0.99999868 0.00072624 -0.00490886 -0.00071910 0.99998769
0.99997655 -0.00362600 0.00580934 0.00362988 0.99999319 -0.00065878 -0.00580691 0.00067986 0.99998291
0.99998399 -0.00253644 0.00505863 0.00255155 0.99999230 -0.00298106 -0.00505103 0.00299392 0.99998276
0.99997740 -0.00130980 0.00659427 0.00133584 0.99999132 -0.00394579 -0.00658905 0.00395451 0.99997047
0.99998701 0.00041620 0.00508036 -0.00040309 0.99999659 -0.00258068 -0.00508142 0.00257860 0.99998376
0.99997768 0.00232097 0.00626466 -0.00231008 0.99999581 -0.00174468 -0.00626868 0.00173017 0.99997885
0.99998959 0.00187943 0.00415887 -0.00187572 0.99999784 -0.00089595 -0.00416054 0.00088814 0.99999095
0.99998760 -0.00003817 0.00497881 0.00004671 0.99999853 -0.00171499 -0.00497874 0.00171520 0.99998614
0.99998161 0.00242115 0.00556065 -0.00242291 0.99999702 0.00030882 -0.00555989 -0.00032229 0.99998449
0.99998443 -0.00118160 0.00545401 0.00117793 0.99999908 0.00067549 -0.00545480 -0.00066906 0.99998490
0.99998605 -0.00180503 0.00496436 0.00180155 0.99999813 0.00070644 -0.00496562 -0.00069748 0.99998743
0.99998058 -0.00114755 0.00612536 0.00114170 0.99999889 0.00095943 -0.00612646 -0.00095241 0.99998078
0.99998488 -0.00160280 0.00525998 0.00160635 0.99999848 -0.00067062 -0.00525890 0.00067906 0.99998594
0.99998561 -0.00209118 0.00493995 0.00210014 0.99999616 -0.00181065 -0.00493614 0.00182100 0.99998616
0.99998844 -0.00133785 0.00461852 0.00134458 0.99999804 -0.00145346 -0.00461657 0.00145966 0.99998828
0.99998287 -0.00252841 0.00527820 0.00252375 0.99999642 0.00088940 -0.00528043 -0.00087606 0.99998567
0.99998490 -0.00037238 0.00548353 0.00036452 0.99999890 0.00143485 -0.00548406 -0.00143283 0.99998394
0.99998449 0.00022868 0.00556425 -0.00023198 0.99999980 0.00059323 -0.00556412 -0.00059451 0.99998434
0.99998696 0.00013308 0.00510559 -0.00013330 0.99999999 0.00004162 -0.00510558 -0.00004230 0.99998697
0.99998621 0.00163249 0.00499206 -0.00163292 0.99999866 0.00008265 -0.00499191 -0.00009080 0.99998754
0.99998645 0.00083190 0.00513877 -0.00083128 0.99999965 -0.00012364 -0.00513887 0.00011937 0.99998679
0.99998870 0.00075597 0.00469262 -0.00075356 0.99999958 -0.00051410 -0.00469301 0.00051056 0.99998886
0.99997436 0.00156371 0.00698778 -0.00155770 0.99999841 -0.00086653 -0.00698913 0.00085563 0.99997521
0.99999073 0.00064528 0.00425708 -0.00064068 0.99999921 -0.00108176 -0.00425777 0.00107903 0.99999035
0.99999421 -0.00002102 0.00340366 0.00002594 0.99999896 -0.00144454 -0.00340362 0.00144462 0.99999316
0.99998887 -0.00008045 0.00471746 0.00007671 0.99999968 0.00079228 -0.00471752 -0.00079191 0.99998856
0.99998863 -0.00060622 0.00472993 0.00059900 0.99999865 0.00152707 -0.00473084 -0.00152422 0.99998765
0.99998950 -0.00033345 0.00456985 0.00032798 0.99999923 0.00119671 -0.00457025 -0.00119520 0.99998884
0.99998702 -0.00003118 0.00509439 0.00002690 0.99999965 0.00083887 -0.00509442 -0.00083872 0.99998667
0.99998533 0.00007494 0.00541627 -0.00007536 0.99999999 0.00007716 -0.00541626 -0.00007757 0.99998533
0.99997769 0.00219776 0.00630788 -0.00217652 0.99999195 -0.00337230 -0.00631524 0.00335849 0.99997442
0.99998080 0.00091117 0.00613002 -0.00088883 0.99999295 -0.00364756 -0.00613330 0.00364205 0.99997456
0.99997443 -0.00045706 0.00713725 0.00047388 0.99999711 -0.00235498 -0.00713615 0.00235830 0.99997176
0.99997389 -0.00171153 0.00702096 0.00171868 0.99999801 -0.00101284 -0.00701921 0.00102488 0.99997484
0.99998419 -0.00144417 0.00543417 0.00145691 0.99999620 -0.00234011 -0.00543077 0.00234799 0.99998250
0.99998358 -0.00039769 0.00571643 0.00040983 0.99999766 -0.00212335 -0.00571558 0.00212566 0.99998141
0.99997873 -0.00041135 0.00650935 0.00040640 0.99999963 0.00076167 -0.00650966 -0.00075901 0.99997852
0.99998194 0.00003129 0.00600916 -0.00004753 0.99999635 0.00270282 -0.00600905 -0.00270305 0.99997829
0.99998018 -0.00046219 0.00627897 0.00044395 0.99999568 0.00290544 -0.00628028 -0.00290259 0.99997607
0.99998221 0.00014397 0.00596334 -0.00014672 0.99999988 0.00046039 -0.00596328 -0.00046126 0.99998211
0.99998366 0.00041911 0.00570048 -0.00041299 0.99999934 -0.00107519 -0.00570092 0.00107282 0.99998317
0.99998179 -0.00173968 0.00577844 0.00173638 0.99999833 0.00057598 -0.00577943 -0.00056593 0.99998314
0.99998167 0.00011172 0.00605376 -0.00011577 0.99999977 0.00066901 -0.00605368 -0.00066970 0.99998145
0.99999132 -0.00154392 0.00386964 0.00154196 0.99999868 0.00050946 -0.00387042 -0.00050349 0.99999238
0.99999440 -0.00191033 0.00274870 0.00191214 0.99999796 -0.00065445 -0.00274744 0.00065971 0.99999601
0.99999586 -0.00169672 0.00232355 0.00169671 0.99999856 0.00000479 -0.00232355 -0.00000085 0.99999730
0.99999698 -0.00060886 0.00238273 0.00061287 0.99999840 -0.00168230 -0.00238170 0.00168375 0.99999575
0.99998352 0.00171855 0.00547772 -0.00171506 0.99999832 -0.00064129 -0.00547882 0.00063188 0.99998479
0.99998370 0.00074828 0.00566065 -0.00074680 0.99999969 -0.00026235 -0.00566085 0.00025812 0.99998394
0.99998890 -0.00084067 0.00463690 0.00083783 0.99999946 0.00061410 -0.00463742 -0.00061021 0.99998906
0.99998326 -0.00185524 0.00548061 0.00185080 0.99999795 0.00081579 -0.00548211 -0.00080563 0.99998465
0.99999210 -0.00267370 0.00294084 0.00267354 0.99999642 0.00005839 -0.00294098 -0.00005052 0.99999567
0.99998455 -0.00062824 0.00552349 0.00063184 0.99999959 -0.00065051 -0.00552307 0.00065399 0.99998453
0.99998329 0.00010441 0.00578027 -0.00009347 0.99999820 -0.00189319 -0.00578046 0.00189262 0.99998150
0.99998279 -0.00031082 0.00585941 0.00032168 0.99999823 -0.00185248 -0.00585882 0.00185433 0.99998112
0.99998299 0.00113602 0.00572087 -0.00113333 0.99999925 -0.00047236 -0.00572140 0.00046587 0.99998352
0.99998348 0.00026951 0.00574211 -0.00026795 0.99999993 -0.00027202 -0.00574219 0.00027047 0.99998348
0.99998039 -0.00012071 0.00626176 0.00012447 0.99999981 -0.00060096 -0.00626169 0.00060173 0.99998021
0.99997932 -0.00085598 0.00637446 0.00085241 0.99999948 0.00056303 -0.00637493 -0.00055759 0.99997952
0.99998075 -0.00238728 0.00572657 0.00238721 0.99999715 0.00001845 -0.00572660 -0.00000478 0.99998360
0.99998418 -0.00151723 0.00541686 0.00152620 0.99999747 -0.00165296 -0.00541433 0.00166120 0.99998396
0.99994093 0.00309174 0.01042013 -0.00307773 0.99999434 -0.00135968 -0.01042427 0.00132753 0.99994478
0.99998707 0.00046932 0.00506396 -0.00046312 0.99999914 -0.00122649 -0.00506453 0.00122413 0.99998643
0.99998281 -0.00039999 0.00584953 0.00039427 0.99999944 0.00097908 -0.00584992 -0.00097676 0.99998241
0.99998260 -0.00002436 0.00589922 0.00001612 0.99999902 0.00139688 -0.00589925 -0.00139676 0.99998162
0.99998128 0.00024043 0.00611402 -0.00023903 0.99999995 -0.00022919 -0.00611408 0.00022772 0.99998128
0.99998222 0.00115505 0.00584990 -0.00114868 0.99999874 -0.00109363 -0.00585116 0.00108689 0.99998229
0.99997994 0.00153329 0.00614550 -0.00153089 0.99999875 -0.00039504 -0.00614610 0.00038562 0.99998104
0.99998709 0.00038599 0.00506590 -0.00037817 0.99999874 -0.00154438 -0.00506649 0.00154245 0.99998598
0.99999713 0.00036888 0.00236682 -0.00036604 0.99999921 -0.00120075 -0.00236726 0.00119988 0.99999648
0.99998942 0.00174163 0.00425707 -0.00174205 0.99999848 0.00009583 -0.00425690 -0.00010325 0.99999093
0.99998885 0.00057579 0.00468693 -0.00057179 0.99999947 -0.00085406 -0.00468742 0.00085137 0.99998865
0.99998393 0.00108767 0.00556366 -0.00109441 0.99999867 0.00120773 -0.00556234 -0.00121380 0.99998379
0.99999152 -0.00100528 0.00399425 0.00099734 0.99999752 0.00198977 -0.00399624 -0.00198577 0.99999004
0.99999224 -0.00229462 0.00320151 0.00229897 0.99999644 -0.00135538 -0.00319839 0.00136273 0.99999396
0.99999196 0.00046254 0.00398326 -0.00045373 0.99999745 -0.00221293 -0.00398428 0.00221111 0.99998962
0.99999138 -0.00048264 0.00412375 0.00048665 0.99999941 -0.00097190 -0.00412328 0.00097390 0.99999103
0.99998519 0.00054088 0.00541557 -0.00054020 0.99999985 -0.00012657 -0.00541564 0.00012364 0.99998533
0.99999114 0.00066711 0.00415512 -0.00066615 0.99999975 -0.00023428 -0.00415527 0.00023151 0.99999134
0.99999581 -0.00073028 0.00279945 0.00073299 0.99999927 -0.00096534 -0.00279874 0.00096739 0.99999562
0.99998917 0.00031828 0.00464362 -0.00030038 0.99999253 -0.00385427 -0.00464481 0.00385283 0.99998179
0.99999559 -0.00051175 0.00292562 0.00051382 0.99999962 -0.00070639 -0.00292526 0.00070789 0.99999547
0.99998696 -0.00006973 0.00510712 0.00006998 1.00000000 -0.00005060 -0.00510712 0.00005096 0.99998696
0.99999237 -0.00197865 0.00336719 0.00197938 0.99999802 -0.00021356 -0.00336676 0.00022022 0.99999431
0.99999161 0.00047053 0.00406810 -0.00047560 0.99999911 0.00124525 -0.00406751 -0.00124717 0.99999095
0.99999290 -0.00115834 0.00358578 0.00115900 0.99999931 -0.00018107 -0.00358557 0.00018522 0.99999355
0.99999283 0.00132156 0.00354849 -0.00131604 0.99999792 -0.00155768 -0.00355054 0.00155300 0.99999249
0.99999673 0.00044129 0.00251722 -0.00043912 0.99999953 -0.00086235 -0.00251760 0.00086124 0.99999646
0.99997660 0.00341492 0.00592840 -0.00341160 0.99999402 -0.00056975 -0.00593031 0.00054951 0.99998226
0.99999100 -0.00071606 0.00418251 0.00071416 0.99999964 0.00045589 -0.00418283 -0.00045290 0.99999115
0.99998415 0.00075539 0.00557897 -0.00076104 0.99999920 0.00101176 -0.00557820 -0.00101599 0.99998393
0.99998740 -0.00145891 0.00480402 0.00144888 0.99999676 0.00209122 -0.00480706 -0.00208423 0.99998627
0.99998432 -0.00291242 0.00478252 0.00290302 0.99999384 0.00197105 -0.00478823 -0.00195713 0.99998662
0.99998073 -0.00283653 0.00552277 0.00283741 0.99999596 -0.00015121 -0.00552231 0.00016688 0.99998474
0.99998333 -0.00113102 0.00566301 0.00114008 0.99999807 -0.00159806 -0.00566119 0.00160449 0.99998269
0.99998264 -0.00047304 0.00587401 0.00048697 0.99999707 -0.00236990 -0.00587287 0.00237272 0.99997994
0.99997845 0.00043437 0.00655071 -0.00041752 0.99999660 -0.00257353 -0.00655181 0.00257074 0.99997523
0.99997466 0.00205018 0.00681755 -0.00203667 0.99999595 -0.00198803 -0.00682160 0.00197410 0.99997478
0.99998236 0.00173674 0.00568083 -0.00173894 0.99999842 0.00038215 -0.00568016 -0.00039202 0.99998379
0.99995863 0.00359964 0.00835391 -0.00361037 0.99999268 0.00126914 -0.00834928 -0.00129924 0.99996430
0.99997431 -0.00009378 0.00716680 0.00007483 0.99999650 0.00264447 -0.00716702 -0.00264386 0.99997082
0.99998358 0.00022195 0.00572649 -0.00023651 0.99999674 0.00254139 -0.00572590 -0.00254271 0.99998037
0.99998087 0.00037471 0.00617429 -0.00038314 0.99999900 0.00136431 -0.00617377 -0.00136665 0.99998001
0.99998513 -0.00034897 0.00544212 0.00035625 0.99999904 -0.00133662 -0.00544165 0.00133854 0.99998430
0.99998225 -0.00236774 0.00546840 0.00238515 0.99999210 -0.00317918 -0.00546083 0.00319216 0.99997999
0.99998618 -0.00173823 0.00496195 0.00175683 0.99999144 -0.00374569 -0.00495539 0.00375436 0.99998067
0.99998788 -0.00010557 0.00492170 0.00011745 0.99999708 -0.00241446 -0.00492143 0.00241501 0.99998497
0.99999070 0.00039667 0.00429471 -0.00039258 0.99999947 -0.00095325 -0.00429508 0.00095156 0.99999032
0.99999720 -0.00031054 0.00234420 0.00031047 0.99999995 0.00002941 -0.00234421 -0.00002868 0.99999725
0.99999659 0.00130792 0.00225851 -0.00131069 0.99999839 0.00122819 -0.00225690 -0.00123115 0.99999670
0.99998897 0.00137377 0.00449244 -0.00138057 0.99999790 0.00151213 -0.00449035 -0.00151832 0.99998877
0.99998734 0.00050666 0.00500589 -0.00050792 0.99999984 0.00024968 -0.00500576 -0.00025222 0.99998744
0.99997478 0.00261462 0.00660333 -0.00261002 0.99999634 -0.00070561 -0.00660515 0.00068835 0.99997795
0.99998388 -0.00054983 0.00565083 0.00056174 0.99999762 -0.00210585 -0.00564966 0.00210899 0.99998182
0.99998027 -0.00230306 0.00584362 0.00232326 0.99999134 -0.00345252 -0.00583562 0.00346603 0.99997697
0.99998282 -0.00140490 0.00569008 0.00141789 0.99999640 -0.00227927 -0.00568686 0.00228730 0.99998121
0.99999022 -0.00021794 0.00441713 0.00022387 0.99999908 -0.00134128 -0.00441683 0.00134225 0.99998934
0.99996525 0.00466425 0.00690978 -0.00466897 0.99998888 0.00066697 -0.00690660 -0.00069921 0.99997590
0.99998428 0.00187116 0.00528539 -0.00187883 0.99999719 0.00144766 -0.00528267 -0.00145757 0.99998498
0.99997940 0.00113606 0.00631701 -0.00115287 0.99999581 0.00265682 -0.00631396 -0.00266405 0.99997652
0.99998329 0.00044303 0.00576363 -0.00045775 0.99999664 0.00255350 -0.00576248 -0.00255609 0.99998013
0.99998727 0.00033796 0.00503500 -0.00034216 0.99999959 0.00083373 -0.00503472 -0.00083544 0.99998698
0.99999262 -0.00181595 0.00338674 0.00181781 0.99999820 -0.00054814 -0.00338574 0.00055430 0.99999411
0.99998623 -0.00109375 0.00513304 0.00110830 0.99999538 -0.00283169 -0.00512992 0.00283734 0.99998282
0.99997809 -0.00337787 0.00569315 0.00339656 0.99998887 -0.00327612 -0.00568203 0.00329539 0.99997843
0.99999032 -0.00031268 0.00438963 0.00031778 0.99999928 -0.00116138 -0.00438926 0.00116277 0.99998969
0.99998691 0.00120723 0.00497122 -0.00120886 0.99999922 0.00032484 -0.00497082 -0.00033085 0.99998759
0.99998339 -0.00091364 0.00569136 0.00091291 0.99999957 0.00013015 -0.00569147 -0.00012495 0.99998380
0.99997281 0.00315154 0.00666719 -0.00316353 0.99999340 0.00178850 -0.00666151 -0.00180955 0.99997617
0.99998760 0.00094050 0.00489059 -0.00095577 0.99999467 0.00312227 -0.00488762 -0.00312691 0.99998317
0.99997919 -0.00094432 0.00638253 0.00092368 0.99999434 0.00323600 -0.00638555 -0.00323003 0.99997440
0.99999048 -0.00224472 0.00374129 0.00224270 0.99999734 0.00054384 -0.00374251 -0.00053545 0.99999285
0.99999055 -0.00212758 0.00379229 0.00213752 0.99999429 -0.00261694 -0.00378671 0.00262502 0.99998938
0.99998717 -0.00235811 0.00448257 0.00237341 0.99999137 -0.00341108 -0.00447449 0.00342168 0.99998414
0.99998668 -0.00002511 0.00516213 0.00004087 0.99999534 -0.00305376 -0.00516203 0.00305393 0.99998201
0.99998808 -0.00017312 0.00487929 0.00018151 0.99999851 -0.00171868 -0.00487898 0.00171954 0.99998662
0.99997885 0.00079583 0.00645544 -0.00079349 0.99999962 -0.00036616 -0.00645572 0.00036103 0.99997910
0.99999100 0.00114518 0.00408542 -0.00115148 0.99999815 0.00154101 -0.00408364 -0.00154570 0.99999047
0.99997430 0.00239071 0.00675863 -0.00240655 0.99999437 0.00233641 -0.00675301 -0.00235262 0.99997443
0.99998577 -0.00009582 0.00533345 0.00008232 0.99999679 0.00253138 -0.00533367 -0.00253090 0.99998257
0.99999016 -0.00152786 0.00416548 0.00152639 0.99999877 0.00035575 -0.00416601 -0.00034939 0.99999126
0.99999337 -0.00024365 0.00363346 0.00024724 0.99999948 -0.00099007 -0.00363322 0.00099096 0.99999291
0.99999253 0.00011496 0.00386244 -0.00011211 0.99999972 -0.00073931 -0.00386252 0.00073887 0.99999227
0.99999470 -0.00011882 0.00325430 0.00012372 0.99999886 -0.00150438 -0.00325412 0.00150478 0.99999357
0.99998680 0.00106360 0.00502598 -0.00105488 0.99999793 -0.00173835 -0.00502782 0.00173302 0.99998586
0.99998299 0.00140171 0.00566240 -0.00139315 0.99999788 -0.00151573 -0.00566451 0.00150782 0.99998282
0.99998960 0.00025707 0.00455343 -0.00025807 0.99999994 0.00021837 -0.00455338 -0.00021955 0.99998961
0.99998734 -0.00060251 0.00499544 0.00060296 0.99999981 -0.00008797 -0.00499539 0.00009098 0.99998752
0.99999183 0.00079461 0.00396425 -0.00080025 0.99999867 0.00142179 -0.00396311 -0.00142495 0.99999113
0.99998246 0.00086071 0.00585918 -0.00086080 0.99999963 0.00001311 -0.00585917 -0.00001816 0.99998283
0.99998860 0.00035124 0.00476114 -0.00034052 0.99999741 -0.00225211 -0.00476191 0.00225046 0.99998613
0.99998042 0.00157572 0.00605629 -0.00157638 0.99999875 0.00010552 -0.00605612 -0.00011507 0.99998165
0.99998760 -0.00052386 0.00495272 0.00052281 0.99999984 0.00021453 -0.00495283 -0.00021194 0.99998771
0.99998743 0.00068134 0.00496805 -0.00068112 0.99999977 -0.00004577 -0.00496808 0.00004238 0.99998766
0.99998510 -0.00150156 0.00524880 0.00150075 0.99999886 0.00015803 -0.00524903 -0.00015015 0.99998621
0.99998715 -0.00010880 0.00506779 0.00010958 0.99999998 -0.00015338 -0.00506777 0.00015393 0.99998715
0.99999709 -0.00009709 0.00241231 0.00009286 0.99999846 0.00175315 -0.00241248 -0.00175292 0.99999555
0.99998705 0.00249412 0.00443582 -0.00249979 0.99999607 0.00127316 -0.00443263 -0.00128424 0.99998935
0.99999196 0.00172763 0.00361937 -0.00173343 0.99999722 0.00159797 -0.00361660 -0.00160423 0.99999217
0.99999278 0.00100110 0.00366514 -0.00099911 0.99999935 -0.00054701 -0.00366569 0.00054335 0.99999313
0.99999297 -0.00023347 0.00374131 0.00024293 0.99999677 -0.00252929 -0.00374071 0.00253018 0.99998980
0.99999504 -0.00187235 0.00253183 0.00188103 0.99999234 -0.00343188 -0.00252538 0.00343663 0.99999091
0.99999857 -0.00099632 0.00136317 0.00099849 0.99999823 -0.00159723 -0.00136158 0.00159858 0.99999780
0.99999605 -0.00019138 0.00280363 0.00018871 0.99999953 0.00095068 -0.00280381 -0.00095014 0.99999562
0.99999206 0.00191330 0.00349426 -0.00191900 0.99999683 0.00162716 -0.00349114 -0.00163386 0.99999257
0.99999591 0.00049582 0.00281642 -0.00049877 0.99999933 0.00104608 -0.00281590 -0.00104748 0.99999549
0.99999748 0.00107630 0.00196843 -0.00107858 0.99999875 0.00115863 -0.00196718 -0.00116075 0.99999739
0.99999809 0.00060243 0.00186019 -0.00060162 0.99999972 -0.00043689 -0.00186046 0.00043577 0.99999817
0.99999579 0.00003653 0.00290220 -0.00002618 0.99999365 -0.00356425 -0.00290231 0.00356416 0.99998944
0.99999889 0.00032221 0.00145411 -0.00031683 0.99999312 -0.00369610 -0.00145529 0.00369563 0.99999211
0.99999546 -0.00180540 0.00241459 0.00180959 0.99999686 -0.00173480 -0.00241145 0.00173916 0.99999558
0.99999688 -0.00089847 0.00233104 0.00089818 0.99999959 0.00012182 -0.00233115 -0.00011973 0.99999728
0.99999952 -0.00004230 0.00097948 0.00004098 0.99999909 0.00135179 -0.00097954 -0.00135175 0.99999861
0.99999381 0.00027637 0.00350669 -0.00028057 0.99999924 0.00119689 -0.00350635 -0.00119787 0.99999314
0.99999951 -0.00086090 0.00049027 0.00086030 0.99999889 0.00121885 -0.00049132 -0.00121843 0.99999914
0.99999774 0.00105567 0.00184609 -0.00105670 0.99999929 0.00055709 -0.00184550 -0.00055904 0.99999814
0.99999855 0.00154849 0.00071311 -0.00154937 0.99999804 0.00123112 -0.00071120 -0.00123222 0.99999899
0.99999851 -0.00135600 0.00107166 0.00135495 0.99999860 0.00098147 -0.00107299 -0.00098002 0.99999894
0.99999833 -0.00071871 0.00167735 0.00071751 0.99999948 0.00071917 -0.00167787 -0.00071796 0.99999833
0.99999767 0.00102248 0.00190238 -0.00102264 0.99999947 0.00007842 -0.00190230 -0.00008037 0.99999819
0.99999859 0.00038417 0.00163487 -0.00038198 0.99999903 -0.00134310 -0.00163538 0.00134248 0.99999776
0.99999785 0.00049179 0.00201514 -0.00049283 0.99999975 0.00051583 -0.00201489 -0.00051682 0.99999784
0.99999663 0.00153751 0.00209254 -0.00154010 0.99999804 0.00124052 -0.00209063 -0.00124374 0.99999704
0.99999867 0.00083398 0.00140103 -0.00083338 0.99999956 -0.00042942 -0.00140139 0.00042826 0.99999893
0.99999954 0.00075114 0.00059645 -0.00075016 0.99999839 -0.00163070 -0.00059768 0.00163025 0.99999849
0.99999546 0.00286580 0.00093131 -0.00286524 0.99999571 -0.00060721 -0.00093304 0.00060453 0.99999938
0.99999937 0.00049933 0.00100578 -0.00049945 0.99999987 0.00012426 -0.00100572 -0.00012476 0.99999949
0.99999920 -0.00064199 0.00109118 0.00064110 0.99999946 0.00081601 -0.00109170 -0.00081531 0.99999907
0.99999993 0.00002289 0.00037530 -0.00002331 0.99999937 0.00112000 -0.00037527 -0.00112001 0.99999930
0.99999916 0.00128700 -0.00013982 -0.00128695 0.99999910 0.00038139 0.00014031 -0.00038121 0.99999992
0.99999917 0.00078051 0.00102876 -0.00078003 0.99999959 -0.00047009 -0.00102913 0.00046929 0.99999936
0.99999984 -0.00038170 0.00042851 0.00038170 0.99999993 -0.00000484 -0.00042851 0.00000500 0.99999991
0.99999898 -0.00135612 0.00045335 0.00135655 0.99999864 -0.00093969 -0.00045207 0.00094030 0.99999946
0.99999579 -0.00236937 -0.00167632 0.00237044 0.99999699 0.00063648 0.00167481 -0.00064046 0.99999839
0.99999362 0.00192618 0.00300710 -0.00193005 0.99999731 0.00128654 -0.00300462 -0.00129234 0.99999465
0.99999804 0.00115344 0.00161130 -0.00115368 0.99999932 0.00015032 -0.00161113 -0.00015218 0.99999869
0.99999965 0.00037750 0.00074089 -0.00037638 0.99999879 -0.00150845 -0.00074145 0.00150817 0.99999859
0.99999681 0.00157618 0.00197572 -0.00157209 0.99999663 -0.00206723 -0.00197897 0.00206412 0.99999591
0.99999718 -0.00108565 0.00211335 0.00108888 0.99999824 -0.00152570 -0.00211169 0.00152800 0.99999660
0.99999656 0.00015625 0.00261671 -0.00015612 0.99999999 -0.00005134 -0.00261672 0.00005093 0.99999658
0.99999802 -0.00171035 -0.00101951 0.00171150 0.99999790 0.00112790 0.00101758 -0.00112965 0.99999884
0.99999991 -0.00043120 -0.00005449 0.00043123 0.99999973 0.00059980 0.00005423 -0.00059983 0.99999982
0.99999795 -0.00192697 -0.00062242 0.00192669 0.99999804 -0.00044823 0.00062328 0.00044703 0.99999971
0.99999992 0.00041065 -0.00002566 -0.00041067 0.99999960 -0.00079228 0.00002534 0.00079229 0.99999969
0.99999995 0.00025688 -0.00018040 -0.00025677 0.99999977 0.00063457 0.00018057 -0.00063453 0.99999978
0.99999982 -0.00028115 -0.00052921 0.00028118 0.99999996 0.00006780 0.00052919 -0.00006795 0.99999986
0.99999903 -0.00129438 -0.00050599 0.00129421 0.99999911 -0.00033259 0.00050642 0.00033194 0.99999982
0.99999794 -0.00200629 -0.00029830 0.00200590 0.99999714 -0.00130147 0.00030091 0.00130087 0.99999911
0.99999821 -0.00073771 0.00174343 0.00073919 0.99999936 -0.00085098 -0.00174280 0.00085227 0.99999812
0.99999751 -0.00221298 -0.00030337 0.00221333 0.99999688 0.00115776 0.00030081 -0.00115843 0.99999928
0.99999812 -0.00076432 -0.00178463 0.00076848 0.99999699 0.00233216 0.00178284 -0.00233353 0.99999569
0.99999328 -0.00181591 -0.00318482 0.00181671 0.99999832 0.00024792 0.00318437 -0.00025370 0.99999490
0.99999938 0.00108300 0.00026824 -0.00108300 0.99999941 0.00000123 -0.00026823 -0.00000152 0.99999996
0.99999624 0.00129611 -0.00241519 -0.00129615 0.99999916 -0.00001276 0.00241517 0.00001589 0.99999708
0.99999414 0.00316305 0.00131301 -0.00316284 0.99999499 -0.00016196 -0.00131351 0.00015781 0.99999912
0.99999982 0.00029637 0.00051394 -0.00029616 0.99999987 -0.00040455 -0.00051406 0.00040440 0.99999979
0.99999995 -0.00031455 0.00003108 0.00031461 0.99999797 -0.00199163 -0.00003045 0.00199164 0.99999802
0.99999958 0.00086768 0.00030464 -0.00086734 0.99999901 -0.00111108 -0.00030561 0.00111082 0.99999934
0.99999929 0.00119464 0.00001204 -0.00119462 0.99999875 -0.00103449 -0.00001328 0.00103447 0.99999946
0.99999800 0.00073041 -0.00185932 -0.00073161 0.99999952 -0.00064521 0.00185885 0.00064657 0.99999806
0.99999773 0.00196730 0.00082225 -0.00196692 0.99999796 -0.00046232 -0.00082316 0.00046070 0.99999956
0.99999166 0.00187005 0.00363008 -0.00187263 0.99999800 0.00070692 -0.00362875 -0.00071371 0.99999316
0.99998819 0.00210161 0.00438104 -0.00209946 0.99999767 -0.00049675 -0.00438207 0.00048755 0.99999028
0.99999976 0.00068296 0.00013620 -0.00068288 0.99999961 -0.00055629 -0.00013658 0.00055620 0.99999984
0.99999559 0.00036770 -0.00294561 -0.00036456 0.99999937 0.00106587 0.00294600 -0.00106479 0.99999509
0.99999407 0.00100728 0.00329267 -0.00100555 0.99999936 -0.00052702 -0.00329319 0.00052371 0.99999444
0.99999962 0.00063215 -0.00060003 -0.00063118 0.99999850 0.00161462 0.00060105 -0.00161424 0.99999852
0.99999780 0.00029877 0.00207675 -0.00029982 0.99999983 0.00050934 -0.00207660 -0.00050996 0.99999771
0.99999982 0.00035536 0.00048676 -0.00035477 0.99999921 -0.00120773 -0.00048719 0.00120756 0.99999915
0.99999967 -0.00044011 0.00068999 0.00044113 0.99999881 -0.00148081 -0.00068934 0.00148112 0.99999867
0.99999952 -0.00034170 -0.00092336 0.00034167 0.99999994 -0.00003421 0.00092337 0.00003390 0.99999957
0.99999998 -0.00015016 0.00008808 0.00015010 0.99999976 0.00067277 -0.00008818 -0.00067276 0.99999977
0.99999746 -0.00224861 -0.00014106 0.00224871 0.99999724 0.00068053 0.00013953 -0.00068084 0.99999976
0.99999554 -0.00280260 -0.00103286 0.00280322 0.99999589 0.00059906 0.00103117 -0.00060195 0.99999929
0.99999554 -0.00288590 -0.00077272 0.00288611 0.99999580 0.00026747 0.00077194 -0.00026970 0.99999967
0.99999908 -0.00099373 -0.00092532 0.00099199 0.99999775 -0.00187437 0.00092718 0.00187345 0.99999782
0.99999895 -0.00123303 -0.00076576 0.00123137 0.99999690 -0.00216369 0.00076842 0.00216275 0.99999737
0.99999929 0.00050757 -0.00107720 -0.00050854 0.99999947 -0.00090058 0.00107675 0.00090113 0.99999901
0.99999963 0.00012442 -0.00085063 -0.00012477 0.99999991 -0.00040886 0.00085058 0.00040896 0.99999955
0.99999902 0.00064136 -0.00124325 -0.00063902 0.99999803 0.00187945 0.00124445 -0.00187866 0.99999746
0.99999829 -0.00048063 -0.00178441 0.00048584 0.99999562 0.00291879 0.00178300 -0.00291965 0.99999415
0.99999926 0.00090215 -0.00082185 -0.00090098 0.99999857 0.00143031 0.00082314 -0.00142957 0.99999864
0.99999964 0.00078060 -0.00033655 -0.00078012 0.99999869 0.00142101 0.00033766 -0.00142075 0.99999893
0.99999995 -0.00026616 0.00016626 0.00026645 0.99999846 -0.00173456 -0.00016580 0.00173460 0.99999848
0.99999887 -0.00149817 0.00015537 0.00149871 0.99999262 -0.00353668 -0.00015007 0.00353691 0.99999373
0.99999504 -0.00082555 -0.00304057 0.00081554 0.99999425 -0.00329108 0.00304327 0.00328858 0.99998996
0.99999935 -0.00099077 -0.00056314 0.00098995 0.99999845 -0.00145634 0.00056458 0.00145579 0.99999878
0.99999984 0.00035794 -0.00043249 -0.00035734 0.99999898 0.00138029 0.00043298 -0.00138014 0.99999895
0.99999850 0.00061577 -0.00162114 -0.00061135 0.99999610 0.00272370 0.00162281 -0.00272271 0.99999498
0.99999993 -0.00037247 -0.00000272 0.00037247 0.99999938 0.00104518 0.00000233 -0.00104518 0.99999945
0.99999674 0.00254458 0.00019498 -0.00254448 0.99999662 -0.00052722 -0.00019632 0.00052672 0.99999984
0.99999619 0.00070714 0.00266820 -0.00070264 0.99999833 -0.00168660 -0.00266939 0.00168472 0.99999502
0.99999698 0.00046600 0.00241217 -0.00046218 0.99999864 -0.00158573 -0.00241291 0.00158461 0.99999583
0.99999252 0.00115151 0.00369301 -0.00114628 0.99999833 -0.00141994 -0.00369464 0.00141569 0.99999217
0.99999738 -0.00101597 0.00205139 0.00101648 0.99999945 -0.00024784 -0.00205114 0.00024992 0.99999787
0.99999827 0.00004127 0.00185954 -0.00004271 0.99999970 0.00077731 -0.00185951 -0.00077739 0.99999797
0.99999696 0.00001252 0.00246481 -0.00001197 0.99999998 -0.00022308 -0.00246481 0.00022304 0.99999694
0.99999809 -0.00153503 0.00120638 0.00153615 0.99999839 -0.00093257 -0.00120494 0.00093442 0.99999884
0.99999785 -0.00083722 0.00189795 0.00083970 0.99999880 -0.00130241 -0.00189686 0.00130400 0.99999735
0.99999863 0.00000782 0.00165508 -0.00000617 0.99999950 -0.00099611 -0.00165509 0.00099610 0.99999813
0.99999500 -0.00145661 0.00280729 0.00145493 0.99999876 0.00060165 -0.00280816 -0.00059757 0.99999588
0.99999900 0.00096724 0.00103099 -0.00096834 0.99999896 0.00106706 -0.00102995 -0.00106806 0.99999890
