1.00000000 0.00000000 0.00000000 0.00000000 1.00000000 0.00000000 0.00000000 0.00000000 1.00000000
0.99998115 0.00100194 -0.00605762 -0.00098985 0.99999751 0.00199886 0.00605960 -0.00199283 0.99997965
0.99998165 0.00126653 -0.00592345 -0.00125729 0.99999799 0.00156189 0.00592541 -0.00155441 0.99998124
0.99998433 0.00022070 -0.00559313 -0.00022313 0.99999988 -0.00043344 0.00559304 0.00043468 0.99998426
0.99998774 0.00084609 -0.00487843 -0.00085095 0.99999914 -0.00099436 0.00487758 0.00099850 0.99998761
0.99998521 -0.00057039 -0.00540819 0.00056362 0.99999906 -0.00125260 0.00540890 0.00124954 0.99998459
0.99998447 -0.00058840 -0.00554212 0.00057992 0.99999866 -0.00153138 0.00554301 0.00152814 0.99998347
0.99998564 0.00157682 -0.00512172 -0.00157746 0.99999875 -0.00012258 0.00512152 0.00013066 0.99998688
0.99998540 0.00124869 -0.00525802 -0.00125600 0.99999825 -0.00138727 0.00525627 0.00139385 0.99998521
0.99998447 0.00198929 -0.00520663 -0.00199814 0.99999657 -0.00169409 0.00520325 0.00170447 0.99998501
0.99998452 0.00178853 -0.00526897 -0.00179036 0.99999834 -0.00034240 0.00526835 0.00035183 0.99998606
0.99998494 -0.00094119 -0.00540659 0.00094025 0.99999954 -0.00017689 0.00540676 0.00017181 0.99998537
0.99998483 0.00081175 -0.00544845 -0.00080387 0.99999863 0.00144763 0.00544962 -0.00144323 0.99998411
0.99998474 -0.00084249 -0.00545962 0.00084503 0.99999954 0.00046326 0.00545922 -0.00046786 0.99998499
0.99998288 -0.00247572 -0.00530141 0.00247334 0.99999684 -0.00045519 0.00530252 0.00044207 0.99998584
0.99997655 -0.00390298 -0.00562800 0.00389470 0.99999132 -0.00148132 0.00563374 0.00145937 0.99998307
0.99998189 -0.00180089 -0.00574276 0.00180474 0.99999815 0.00066584 0.00574155 -0.00067619 0.99998329
0.99998298 -0.00156428 -0.00562035 0.00156038 0.99999854 -0.00069844 0.00562144 0.00068966 0.99998396
0.99998364 0.00079645 -0.00566484 -0.00080709 0.99999792 -0.00187559 0.00566334 0.00188013 0.99998220
0.99998424 0.00005291 -0.00561374 -0.00006432 0.99999793 -0.00203203 0.00561362 0.00203236 0.99998218
0.99998543 0.00186411 -0.00506526 -0.00186877 0.99999783 -0.00091592 0.00506354 0.00092537 0.99998675
0.99998783 0.00150806 -0.00469797 -0.00150498 0.99999865 0.00065928 0.00469896 -0.00065221 0.99998875
0.99999003 0.00074614 -0.00440239 -0.00074068 0.99999895 0.00124199 0.00440332 -0.00123871 0.99998954
0.99999145 0.00063527 -0.00408609 -0.00063155 0.99999939 0.00091091 0.00408667 -0.00090832 0.99999124
0.99999184 0.00095734 -0.00392583 -0.00096037 0.99999924 -0.00076810 0.00392509 0.00077187 0.99999200
0.99999133 -0.00068604 -0.00410805 0.00068066 0.99999891 -0.00131113 0.00410895 0.00130832 0.99999070
0.99999098 -0.00112127 -0.00409701 0.00112303 0.99999928 0.00042669 0.00409653 -0.00043128 0.99999152
0.99998816 -0.00265792 -0.00407598 0.00266079 0.99999622 0.00069916 0.00407410 -0.00070999 0.99999145
0.99998902 -0.00167004 -0.00437946 0.00166907 0.99999858 -0.00022525 0.00437983 0.00021794 0.99999038
0.99999225 -0.00009156 -0.00393506 0.00008532 0.99999874 -0.00158472 0.00393520 0.00158437 0.99999100
0.99999228 0.00082583 -0.00384192 -0.00082710 0.99999960 -0.00032929 0.00384164 0.00033246 0.99999257
0.99999186 -0.00101775 -0.00390423 0.00101940 0.99999939 0.00042219 0.00390379 -0.00042617 0.99999229
0.99999272 -0.00020194 -0.00381081 0.00020735 0.99999897 0.00141842 0.00381052 -0.00141920 0.99999173
0.99999239 -0.00077598 -0.00382387 0.00077871 0.99999944 0.00071393 0.00382332 -0.00071690 0.99999243
0.99999372 -0.00088840 -0.00343128 0.00088599 0.99999936 -0.00070325 0.00343190 0.00070021 0.99999387
0.99999565 0.00042786 -0.00291801 -0.00043259 0.99999859 -0.00161983 0.00291732 0.00162109 0.99999443
0.99999627 -0.00011187 -0.00272858 0.00010298 0.99999468 -0.00325970 0.00272893 0.00325941 0.99999096
0.99999523 -0.00047504 -0.00305135 0.00047320 0.99999971 -0.00060365 0.00305163 0.00060220 0.99999516
0.99999432 -0.00259779 -0.00214821 0.00260316 0.99999348 0.00250365 0.00214170 -0.00250923 0.99999456
0.99998594 -0.00436650 -0.00300934 0.00436764 0.99999039 0.00037501 0.00300768 -0.00038815 0.99999540
0.99998951 -0.00305389 -0.00341369 0.00304805 0.99999388 -0.00171663 0.00341891 0.00170621 0.99999270
0.99999245 -0.00207255 -0.00328748 0.00205876 0.99998910 -0.00419070 0.00329613 0.00418390 0.99998582
0.99999508 0.00150024 -0.00275557 -0.00150451 0.99999767 -0.00154651 0.00275324 0.00155065 0.99999501
0.99999173 0.00345929 -0.00213672 -0.00345981 0.99999399 -0.00024338 0.00213586 0.00025077 0.99999769
0.99998837 0.00449763 -0.00174330 -0.00449681 0.99998978 0.00047450 0.00174542 -0.00046665 0.99999837
0.99998666 0.00473088 -0.00207249 -0.00472847 0.99998814 0.00116470 0.00207798 -0.00115488 0.99999717
0.99999537 0.00220785 -0.00209181 -0.00220726 0.99999752 0.00028413 0.00209244 -0.00027951 0.99999777
0.99999795 0.00034949 -0.00199486 -0.00035026 0.99999986 -0.00038661 0.00199472 0.00038730 0.99999794
0.99999674 -0.00124756 -0.00222678 0.00124989 0.99999867 0.00104623 0.00222547 -0.00104901 0.99999697
0.99999632 -0.00209630 -0.00172480 0.00209942 0.99999617 0.00180352 0.00172101 -0.00180713 0.99999689
0.99999407 -0.00287196 -0.00190223 0.00287307 0.99999570 0.00058055 0.00190056 -0.00058601 0.99999802
0.99998226 -0.00572603 -0.00164333 0.00572105 0.99997907 -0.00302250 0.00166060 0.00301305 0.99999408
0.99999862 -0.00126268 -0.00108299 0.00126074 0.99999760 -0.00179200 0.00108525 0.00179063 0.99999781
0.99999908 -0.00133889 -0.00023325 0.00133857 0.99999817 -0.00136732 0.00023509 0.00136701 0.99999904
0.99999687 -0.00249940 -0.00011046 0.00249934 0.99999675 -0.00051011 0.00011173 0.00050983 0.99999986
0.99998786 -0.00492677 0.00000765 0.00492677 0.99998758 -0.00074640 -0.00000397 0.00074643 0.99999972
0.99999502 -0.00312500 0.00044382 0.00312425 0.99999368 0.00169633 -0.00044911 -0.00169493 0.99999846
0.99998186 -0.00591229 0.00114653 0.00591425 0.99998104 -0.00171597 -0.00113637 0.00172272 0.99999787
0.99998870 -0.00444080 0.00169845 0.00444129 0.99999010 -0.00028265 -0.00169718 0.00029019 0.99999852
0.99998843 -0.00421428 0.00231767 0.00421781 0.99998995 -0.00152299 -0.00231123 0.00153274 0.99999615
0.99998983 -0.00336591 0.00300217 0.00337308 0.99999146 -0.00238730 -0.00299411 0.00239740 0.99999264
0.99999382 -0.00023712 0.00350701 0.00023771 0.99999996 -0.00016706 -0.00350697 0.00016789 0.99999384
0.99999438 -0.00057938 0.00330115 0.00058214 0.99999948 -0.00083680 -0.00330067 0.00083871 0.99999420
0.99999581 -0.00095466 0.00273264 0.00095897 0.99999830 -0.00157647 -0.00273113 0.00157908 0.99999502
0.99999725 -0.00153247 0.00177646 0.00153667 0.99999602 -0.00236422 -0.00177283 0.00236695 0.99999563
0.99999645 -0.00246610 0.00101244 0.00246767 0.99999575 -0.00155090 -0.00100861 0.00155339 0.99999828
0.99999900 -0.00060989 0.00127348 0.00060921 0.99999967 0.00053067 -0.00127381 -0.00052989 0.99999905
0.99999887 -0.00090107 0.00119920 0.00089802 0.99999636 0.00254258 -0.00120148 -0.00254150 0.99999605
0.99999428 -0.00323982 0.00096926 0.00323885 0.99999426 0.00099778 -0.00097249 -0.00099464 0.99999903
0.99999523 -0.00300236 0.00072017 0.00300203 0.99999539 0.00045700 -0.00072154 -0.00045484 0.99999964
0.99999513 -0.00303190 0.00073931 0.00303211 0.99999536 -0.00028744 -0.00073843 0.00028968 0.99999969
0.99999939 -0.00024856 0.00107783 0.00024712 0.99999908 0.00133334 -0.00107816 -0.00133308 0.99999853
0.99999895 -0.00039875 0.00139414 0.00039997 0.99999954 -0.00087413 -0.00139379 0.00087469 0.99999865
0.99999932 0.00029876 0.00112417 -0.00029718 0.99999897 -0.00140418 -0.00112459 0.00140385 0.99999838
0.99999839 0.00083697 0.00158778 -0.00083294 0.99999644 -0.00253679 -0.00158989 0.00253547 0.99999552
0.99999709 0.00108333 0.00215515 -0.00107688 0.99999494 -0.00299440 -0.00215838 0.00299207 0.99999319
0.99999304 0.00297323 0.00225440 -0.00297206 0.99999545 -0.00052285 -0.00225595 0.00051614 0.99999732
0.99999508 0.00185831 0.00252542 -0.00185724 0.99999818 -0.00042657 -0.00252621 0.00042188 0.99999672
0.99999673 0.00110346 0.00230491 -0.00110416 0.99999934 0.00030399 -0.00230457 -0.00030653 0.99999730
0.99999749 0.00037624 0.00220820 -0.00037867 0.99999933 0.00109732 -0.00220779 -0.00109815 0.99999696
0.99999561 -0.00227353 0.00190089 0.00227330 0.99999741 0.00012216 -0.00190116 -0.00011784 0.99999819
0.99998901 -0.00426496 0.00194576 0.00426662 0.99999054 -0.00084992 -0.00194212 0.00085821 0.99999775
0.99999099 -0.00408950 0.00113979 0.00408954 0.99999164 -0.00003297 -0.00113965 0.00003763 0.99999935
0.99999168 -0.00377611 0.00154117 0.00377630 0.99999286 -0.00011933 -0.00154071 0.00012514 0.99999881
0.99999529 -0.00237556 0.00194205 0.00237631 0.99999710 -0.00038377 -0.00194113 0.00038838 0.99999804
0.99999720 -0.00041799 0.00232864 0.00041828 0.99999990 -0.00012444 -0.00232859 0.00012541 0.99999728
0.99999578 -0.00002888 0.00290419 0.00003124 0.99999967 -0.00081193 -0.00290416 0.00081202 0.99999545
0.99999397 0.00147046 0.00314703 -0.00146515 0.99999750 -0.00168932 -0.00314950 0.00168470 0.99999362
0.99998937 0.00289948 0.00358391 -0.00289464 0.99999489 -0.00135485 -0.00358782 0.00134446 0.99999266
0.99998959 0.00264813 0.00371662 -0.00264436 0.99999598 -0.00102049 -0.00371931 0.00101065 0.99999257
0.99998894 0.00134071 0.00450881 -0.00134067 0.99999910 -0.00001166 -0.00450883 0.00000562 0.99998984
0.99999000 -0.00060249 0.00443045 0.00060549 0.99999959 -0.00067557 -0.00443004 0.00067824 0.99998996
0.99999026 -0.00165033 0.00409435 0.00165532 0.99999789 -0.00121532 -0.00409234 0.00122208 0.99999088
0.99999161 -0.00165578 0.00374665 0.00165795 0.99999846 -0.00057605 -0.00374569 0.00058226 0.99999282
0.99999295 -0.00180008 0.00329443 0.00180367 0.99999778 -0.00108745 -0.00329247 0.00109338 0.99999398
0.99999414 -0.00082582 0.00332087 0.00083237 0.99999771 -0.00197120 -0.00331923 0.00197395 0.99999254
0.99999439 0.00013304 0.00334565 -0.00013026 0.99999965 -0.00083066 -0.00334576 0.00083022 0.99999406
0.99999225 0.00039010 0.00391854 -0.00039128 0.99999988 0.00029951 -0.00391842 -0.00030104 0.99999228
0.99999205 0.00035084 0.00397113 -0.00035586 0.99999914 0.00126296 -0.00397068 -0.00126437 0.99999132
0.99999231 0.00148869 0.00362887 -0.00149430 0.99999769 0.00154431 -0.00362656 -0.00154972 0.99999222
0.99998980 0.00138890 0.00429737 -0.00138979 0.99999901 0.00020516 -0.00429708 -0.00021113 0.99999075
0.99999007 0.00103583 0.00433336 -0.00102950 0.99999840 -0.00146252 -0.00433487 0.00145804 0.99998954
0.99998823 0.00007777 0.00485144 -0.00006826 0.99999808 -0.00195989 -0.00485158 0.00195953 0.99998631
0.99998774 -0.00015501 0.00494921 0.00015900 0.99999966 -0.00080604 -0.00494908 0.00080682 0.99998743
0.99998614 -0.00164828 0.00500012 0.00165378 0.99999803 -0.00109491 -0.00499830 0.00110316 0.99998690
0.99998819 0.00025628 0.00485287 -0.00024905 0.99999886 -0.00149103 -0.00485325 0.00148980 0.99998711
0.99998736 0.00090945 0.00494513 -0.00090021 0.99999784 -0.00187200 -0.00494682 0.00186752 0.99998602
0.99998413 0.00195991 0.00528265 -0.00195423 0.99999751 -0.00108053 -0.00528476 0.00107019 0.99998546
0.99998496 0.00142260 0.00529593 -0.00142169 0.99999897 -0.00017692 -0.00529618 0.00016939 0.99998596
0.99998513 0.00137160 0.00527804 -0.00137115 0.99999906 -0.00008869 -0.00527816 0.00008145 0.99998607
0.99998639 0.00087288 0.00514422 -0.00086804 0.99999918 -0.00094144 -0.00514503 0.00093696 0.99998633
0.99998398 0.00099581 0.00557281 -0.00099319 0.99999939 -0.00047296 -0.00557328 0.00046741 0.99998436
0.99998655 0.00057884 0.00515502 -0.00057908 0.99999983 0.00004497 -0.00515500 -0.00004795 0.99998671
0.99998562 0.00004949 0.00536253 -0.00005104 0.99999996 0.00028783 -0.00536251 -0.00028809 0.99998558
0.99998657 0.00095583 0.00509454 -0.00095364 0.99999945 -0.00043136 -0.00509494 0.00042650 0.99998693
0.99998806 0.00031807 0.00487592 -0.00031250 0.99999930 -0.00114210 -0.00487628 0.00114056 0.99998746
0.99998935 0.00038799 0.00459874 -0.00038299 0.99999933 -0.00108890 -0.00459916 0.00108713 0.99998883
0.99999035 0.00009457 0.00439244 -0.00009175 0.99999979 -0.00064144 -0.00439250 0.00064103 0.99999015
0.99998955 0.00000941 0.00457178 -0.00000860 0.99999998 -0.00017665 -0.00457178 0.00017661 0.99998953
0.99999211 -0.00041659 0.00395117 0.00041996 0.99999955 -0.00085150 -0.00395081 0.00085315 0.99999183
0.99999121 -0.00048910 0.00416340 0.00049265 0.99999952 -0.00085128 -0.00416298 0.00085332 0.99999097
0.99998944 -0.00115758 0.00444703 0.00115677 0.99999931 0.00018642 -0.00444724 -0.00018127 0.99999009
0.99998581 0.00013423 0.00532604 -0.00013846 0.99999967 0.00079541 -0.00532593 -0.00079614 0.99998550
0.99998927 0.00061409 0.00459197 -0.00061616 0.99999971 0.00045049 -0.00459169 -0.00045332 0.99998936
0.99998654 0.00098901 0.00509425 -0.00098686 0.99999942 -0.00042470 -0.00509466 0.00041967 0.99998693
0.99998772 0.00145808 0.00473738 -0.00145404 0.99999858 -0.00085511 -0.00473862 0.00084821 0.99998841
0.99998414 0.00102070 0.00553890 -0.00101601 0.99999912 -0.00085029 -0.00553976 0.00084465 0.99998430
0.99998799 0.00108062 0.00478032 -0.00107785 0.99999925 -0.00058099 -0.00478094 0.00057583 0.99998841
0.99998657 0.00076595 0.00512601 -0.00076299 0.99999954 -0.00057810 -0.00512645 0.00057418 0.99998669
0.99998638 0.00019525 0.00521546 -0.00019382 0.99999994 -0.00027390 -0.00521552 0.00027288 0.99998636
0.99998599 -0.00100455 0.00519668 0.00100187 0.99999936 0.00051993 -0.00519720 -0.00051472 0.99998636
0.99998033 -0.00349507 0.00520871 0.00349813 0.99999371 -0.00057893 -0.00520665 0.00059714 0.99998627
0.99998658 -0.00201024 0.00477504 0.00202801 0.99999102 -0.00372046 -0.00476752 0.00373010 0.99998168
0.99998659 0.00078312 0.00511909 -0.00076307 0.99999204 -0.00391702 -0.00512212 0.00391306 0.99997923
0.99997964 0.00276082 0.00575275 -0.00274979 0.99999437 -0.00192438 -0.00575803 0.00190852 0.99998160
0.99997615 0.00261182 0.00639378 -0.00259976 0.99999483 -0.00189343 -0.00639870 0.00187676 0.99997777
0.99997931 0.00246562 0.00594172 -0.00245722 0.99999597 -0.00141977 -0.00594520 0.00140514 0.99998134
0.99998122 0.00222346 0.00571166 -0.00221291 0.99999583 -0.00185285 -0.00571576 0.00184017 0.99998197
0.99998157 0.00196632 0.00574324 -0.00196963 0.99999790 0.00057152 -0.00574211 -0.00058282 0.99998334
0.99997864 0.00021485 0.00653322 -0.00021511 0.99999998 0.00003959 -0.00653322 -0.00004099 0.99997866
0.99999066 -0.00075204 0.00425725 0.00074769 0.99999920 0.00102299 -0.00425802 -0.00101979 0.99999041
0.99998725 -0.00123199 0.00489665 0.00122662 0.99999864 0.00109895 -0.00489800 -0.00109293 0.99998741
0.99998263 -0.00038028 0.00588207 0.00038410 0.99999972 -0.00064792 -0.00588182 0.00065016 0.99998249
0.99998569 -0.00010577 0.00534817 0.00011414 0.99999877 -0.00156455 -0.00534800 0.00156514 0.99998447
0.99998444 -0.00138793 0.00540325 0.00139672 0.99999771 -0.00162435 -0.00540098 0.00163188 0.99998408
0.99998575 -0.00081009 0.00527682 0.00081101 0.99999966 -0.00017129 -0.00527668 0.00017557 0.99998606
0.99998499 -0.00026242 0.00547315 0.00025721 0.99999951 0.00095331 -0.00547340 -0.00095189 0.99998457
0.99998166 -0.00078392 0.00600511 0.00078931 0.99999929 -0.00089479 -0.00600441 0.00089952 0.99998157
0.99998715 0.00068240 0.00502334 -0.00068449 0.99999968 0.00041394 -0.00502305 -0.00041737 0.99998730
0.99998456 0.00128980 0.00540465 -0.00129160 0.99999911 0.00033030 -0.00540422 -0.00033728 0.99998534
0.99998729 0.00065103 0.00499930 -0.00065066 0.99999979 -0.00007657 -0.00499935 0.00007332 0.99998750
0.99998621 0.00085102 0.00518229 -0.00084729 0.99999938 -0.00072308 -0.00518291 0.00071868 0.99998631
0.99999068 0.00123718 0.00413689 -0.00122789 0.99999672 -0.00224812 -0.00413966 0.00224302 0.99998892
0.99998528 0.00100461 0.00533279 -0.00099561 0.99999808 -0.00168998 -0.00533448 0.00168465 0.99998435
0.99998689 0.00188161 0.00476272 -0.00187320 0.99999668 -0.00177028 -0.00476604 0.00176134 0.99998709
0.99998412 -0.00011032 0.00563509 0.00010887 0.99999996 0.00025852 -0.00563512 -0.00025790 0.99998409
0.99998985 0.00061542 0.00446240 -0.00062051 0.99999916 0.00113924 -0.00446169 -0.00114200 0.99998939
0.99997769 0.00351707 0.00567845 -0.00351277 0.99999354 -0.00076675 -0.00568111 0.00074678 0.99998358
0.99997746 0.00319711 0.00590484 -0.00319269 0.99999462 -0.00075781 -0.00590723 0.00073894 0.99998228
0.99998378 0.00221895 0.00524603 -0.00221782 0.99999752 -0.00022221 -0.00524651 0.00021057 0.99998621
0.99997952 0.00255928 0.00586539 -0.00254240 0.99999261 -0.00288288 -0.00587272 0.00286791 0.99997864
0.99997968 0.00189894 0.00608606 -0.00187563 0.99999089 -0.00383366 -0.00609328 0.00382217 0.99997413
0.99998177 0.00070283 0.00599773 -0.00068483 0.99999526 -0.00300189 -0.00599981 0.00299772 0.99997751
0.99998286 0.00098834 0.00577097 -0.00097016 0.99999457 -0.00315062 -0.00577405 0.00314496 0.99997838
0.99998022 0.00001087 0.00628937 0.00000259 0.99999771 -0.00214010 -0.00628938 0.00214007 0.99997793
0.99997961 0.00036479 0.00637487 -0.00035382 0.99999846 -0.00172184 -0.00637549 0.00171955 0.99997820
0.99997989 -0.00037980 0.00633129 0.00037674 0.99999981 0.00048342 -0.00633147 -0.00048103 0.99997984
0.99998096 -0.00104754 0.00608052 0.00103097 0.99999575 0.00272613 -0.00608335 -0.00271981 0.99997780
0.99997792 -0.00080593 0.00659652 0.00078607 0.99999515 0.00301222 -0.00659892 -0.00300697 0.99997371
0.99998565 -0.00032264 0.00534722 0.00032100 0.99999990 0.00030633 -0.00534732 -0.00030461 0.99998566
0.99998081 0.00035193 0.00618497 -0.00034496 0.99999930 -0.00112799 -0.00618536 0.00112584 0.99998024
0.99998478 0.00063957 0.00548020 -0.00063973 0.99999979 0.00002834 -0.00548018 -0.00003184 0.99998498
0.99998767 -0.00073264 0.00491070 0.00073108 0.99999968 0.00031995 -0.00491093 -0.00031635 0.99998789
0.99999045 -0.00221350 0.00376716 0.00221535 0.99999743 -0.00048653 -0.00376607 0.00049487 0.99999279
0.99999656 -0.00100344 0.00242370 0.00100485 0.99999933 -0.00057874 -0.00242312 0.00058118 0.99999690
0.99999749 -0.00078400 0.00209963 0.00078424 0.99999969 -0.00011346 -0.00209954 0.00011511 0.99999779
0.99999609 -0.00013853 0.00279302 0.00014204 0.99999920 -0.00125373 -0.00279284 0.00125412 0.99999531
0.99998327 0.00277066 0.00507803 -0.00276610 0.99999577 -0.00090378 -0.00508051 0.00088972 0.99998670
0.99999584 0.00152245 0.00244948 -0.00152125 0.99999872 -0.00049256 -0.00245023 0.00048883 0.99999688
0.99998553 0.00245617 0.00478549 -0.00245558 0.99999698 -0.00012814 -0.00478579 0.00011639 0.99998854
0.99994494 0.01039180 0.00145754 -0.01039257 0.99994586 0.00052049 -0.00145205 -0.00053561 0.99999880
0.99998802 -0.00017871 0.00489264 0.00017913 0.99999998 -0.00008641 -0.00489262 0.00008729 0.99998803
0.99999100 0.00070218 0.00418510 -0.00069906 0.99999948 -0.00074592 -0.00418562 0.00074298 0.99999096
0.99998414 0.00026610 0.00562648 -0.00025494 0.99999800 -0.00198425 -0.00562700 0.00198279 0.99998220
0.99998345 0.00004529 0.00575291 -0.00003370 0.99999797 -0.00201339 -0.00575299 0.00201316 0.99998142
0.99998394 0.00044145 0.00565048 -0.00043823 0.99999974 -0.00057116 -0.00565073 0.00056867 0.99998387
0.99998322 0.00098519 0.00570799 -0.00098210 0.99999937 -0.00054466 -0.00570853 0.00053904 0.99998356
0.99998440 0.00077441 0.00553240 -0.00076969 0.99999934 -0.00085410 -0.00553305 0.00084983 0.99998433
0.99998466 -0.00005858 0.00553941 0.00005837 1.00000000 0.00003833 -0.00553942 -0.00003801 0.99998466
0.99998350 0.00022323 0.00574061 -0.00021649 0.99999929 -0.00117490 -0.00574087 0.00117364 0.99998283
0.99998382 -0.00129645 0.00553913 0.00130653 0.99999750 -0.00181636 -0.00553676 0.00182357 0.99998301
0.99998382 -0.00078855 0.00563338 0.00079546 0.99999893 -0.00122386 -0.00563241 0.00122832 0.99998338
0.99998210 0.00026240 0.00597835 -0.00025840 0.99999974 -0.00066954 -0.00597852 0.00066798 0.99998191
0.99998309 -0.00120212 0.00568902 0.00119899 0.99999913 0.00055453 -0.00568969 -0.00054770 0.99998366
0.99997631 -0.00283341 0.00627327 0.00283595 0.99999590 -0.00039550 -0.00627213 0.00041328 0.99998024
0.99998325 0.00033954 0.00577834 -0.00033657 0.99999981 -0.00051516 -0.00577851 0.00051320 0.99998317
0.99998483 0.00039043 0.00549482 -0.00038122 0.99999852 -0.00167754 -0.00549546 0.00167542 0.99998350
0.99998200 0.00090495 0.00593128 -0.00090122 0.99999939 -0.00063085 -0.00593185 0.00062550 0.99998221
0.99998236 0.00255611 0.00536229 -0.00254793 0.99999558 -0.00153136 -0.00536618 0.00151767 0.99998445
0.99998845 0.00158253 0.00453862 -0.00157904 0.99999846 -0.00077221 -0.00453984 0.00076503 0.99998940
0.99998545 0.00187120 0.00505984 -0.00187317 0.99999817 0.00038334 -0.00505911 -0.00039281 0.99998713
0.99998737 0.00060357 0.00498965 -0.00060131 0.99999972 -0.00045540 -0.00498993 0.00045239 0.99998745
0.99999012 0.00083636 0.00436595 -0.00084106 0.99999907 0.00107459 -0.00436505 -0.00107825 0.99998989
0.99999228 -0.00078537 0.00385033 0.00078007 0.99999875 0.00137785 -0.00385141 -0.00137484 0.99999164
0.99999274 -0.00101517 0.00367406 0.00101849 0.99999907 -0.00090175 -0.00367315 0.00090548 0.99999284
0.99999362 0.00079832 0.00348232 -0.00079154 0.99999779 -0.00194909 -0.00348386 0.00194632 0.99999204
0.99999120 0.00021250 0.00418932 -0.00020615 0.99999883 -0.00151786 -0.00418964 0.00151698 0.99999007
0.99999373 0.00055412 0.00349706 -0.00055146 0.99999956 -0.00076232 -0.00349748 0.00076038 0.99999359
0.99999520 0.00008683 0.00309733 -0.00008433 0.99999967 -0.00080725 -0.00309740 0.00080699 0.99999488
0.99998749 0.00143075 0.00479354 -0.00141990 0.99999642 -0.00226613 -0.00479677 0.00225930 0.99998594
0.99999002 -0.00063157 0.00442378 0.00064101 0.99999752 -0.00213207 -0.00442242 0.00213488 0.99998794
0.99998978 0.00030240 0.00451072 -0.00029648 0.99999909 -0.00131426 -0.00451111 0.00131291 0.99998896
0.99999026 -0.00059982 0.00437225 0.00059894 0.99999980 0.00020337 -0.00437237 -0.00020075 0.99999042
0.99999083 -0.00016524 0.00427866 0.00016640 0.99999995 -0.00027240 -0.00427861 0.00027311 0.99999081
0.99999237 0.00088243 0.00380614 -0.00088722 0.99999881 0.00125944 -0.00380503 -0.00126280 0.99999196
0.99998665 0.00038546 0.00515348 -0.00038592 0.99999992 0.00008853 -0.00515344 -0.00009052 0.99998672
0.99998261 0.00237530 0.00539801 -0.00236329 0.99999472 -0.00222955 -0.00540327 0.00221675 0.99998295
0.99998826 0.00191327 0.00445287 -0.00190535 0.99999660 -0.00178116 -0.00445627 0.00177266 0.99998850
0.99998412 0.00268115 0.00495685 -0.00267793 0.99999620 -0.00065768 -0.00495859 0.00064440 0.99998750
0.99998577 0.00206588 0.00491802 -0.00206570 0.99999787 -0.00004162 -0.00491809 0.00003146 0.99998791
0.99998437 0.00156135 0.00536904 -0.00156596 0.99999841 0.00085452 -0.00536770 -0.00086292 0.99998522
0.99998148 -0.00149281 0.00589957 0.00147938 0.99999630 0.00228073 -0.00590295 -0.00227196 0.99998000
0.99998208 -0.00192065 0.00566985 0.00191158 0.99999689 0.00160472 -0.00567292 -0.00159385 0.99998264
0.99998135 -0.00218893 0.00570222 0.00219174 0.99999748 -0.00048612 -0.00570114 0.00049861 0.99998362
0.99998162 -0.00132732 0.00591579 0.00133974 0.99999691 -0.00209527 -0.00591299 0.00210316 0.99998031
0.99998157 0.00009296 0.00607099 -0.00007636 0.99999626 -0.00273461 -0.00607122 0.00273409 0.99997783
0.99998004 0.00048651 0.00629976 -0.00046831 0.99999571 -0.00289136 -0.00630114 0.00288835 0.99997598
0.99997844 0.00205569 0.00623615 -0.00204313 0.99999587 -0.00202015 -0.00624028 0.00200737 0.99997851
0.99997950 0.00244156 0.00591868 -0.00244171 0.99999702 0.00001864 -0.00591861 -0.00003309 0.99998248
0.99997497 0.00259371 0.00658223 -0.00260439 0.99999530 0.00161553 -0.00657801 -0.00163263 0.99997703
0.99997591 0.00268701 0.00639994 -0.00270196 0.99999364 0.00232953 -0.00639364 -0.00234677 0.99997681
0.99997839 0.00201108 0.00625893 -0.00202562 0.99999526 0.00231671 -0.00625424 -0.00232934 0.99997773
0.99997807 0.00139588 0.00647412 -0.00140287 0.99999844 0.00107521 -0.00647261 -0.00108427 0.99997846
0.99998221 0.00099730 0.00588105 -0.00099324 0.99999927 -0.00069321 -0.00588174 0.00068736 0.99998247
0.99998650 -0.00074821 0.00514137 0.00076401 0.99999499 -0.00307112 -0.00513904 0.00307501 0.99998207
0.99998831 0.00021035 0.00483036 -0.00019122 0.99999215 -0.00395869 -0.00483115 0.00395772 0.99998050
0.99998886 -0.00121864 0.00455948 0.00123018 0.99999604 -0.00253031 -0.00455638 0.00253590 0.99998640
0.99999290 0.00023962 0.00376098 -0.00023559 0.99999940 -0.00107179 -0.00376123 0.00107089 0.99999235
0.99999568 0.00079143 0.00283169 -0.00078996 0.99999955 -0.00052030 -0.00283210 0.00051806 0.99999586
0.99999445 0.00135794 0.00304342 -0.00135861 0.99999905 0.00021940 -0.00304312 -0.00022353 0.99999534
0.99999335 0.00095072 0.00352125 -0.00095529 0.99999870 0.00129708 -0.00352001 -0.00130043 0.99999296
0.99998802 0.00111422 0.00476696 -0.00111441 0.99999938 0.00003685 -0.00476692 -0.00004216 0.99998864
0.99998388 0.00072586 0.00563057 -0.00072021 0.99999924 -0.00100511 -0.00563129 0.00100104 0.99998364
0.99998281 -0.00063020 0.00583001 0.00064329 0.99999728 -0.00224391 -0.00582858 0.00224763 0.99998049
0.99998528 -0.00104782 0.00532337 0.00105924 0.99999715 -0.00214191 -0.00532111 0.00214752 0.99998354
0.99998567 -0.00094284 0.00526909 0.00095739 0.99999573 -0.00276051 -0.00526647 0.00276551 0.99998231
0.99998468 0.00116451 0.00541223 -0.00115424 0.99999753 -0.00189995 -0.00541443 0.00189367 0.99998355
0.99998204 0.00267856 0.00536204 -0.00267706 0.99999638 -0.00028660 -0.00536279 0.00027224 0.99998558
0.99997648 0.00377527 0.00572548 -0.00378494 0.99999143 0.00167922 -0.00571909 -0.00170086 0.99998220
0.99998145 0.00202470 0.00574395 -0.00203880 0.99999492 0.00245063 -0.00573896 -0.00246229 0.99998050
0.99998162 0.00134693 0.00591176 -0.00135984 0.99999670 0.00217999 -0.00590880 -0.00218799 0.99998015
0.99998533 0.00030438 0.00540717 -0.00031164 0.99999905 0.00134307 -0.00540676 -0.00134474 0.99998448
0.99998712 -0.00106811 0.00496153 0.00107823 0.99999734 -0.00203751 -0.00495934 0.00204283 0.99998562
0.99998534 -0.00188565 0.00507532 0.00190476 0.99999111 -0.00376270 -0.00506818 0.00377232 0.99998004
0.99998770 -0.00089307 0.00487955 0.00090911 0.99999419 -0.00328605 -0.00487659 0.00329045 0.99998270
0.99998463 0.00093097 0.00546613 -0.00092081 0.99999785 -0.00186052 -0.00546785 0.00185546 0.99998333
0.99998503 0.00195232 0.00511154 -0.00195055 0.99999804 -0.00035170 -0.00511221 0.00034172 0.99998687
0.99998076 0.00282190 0.00552438 -0.00282671 0.99999563 0.00086378 -0.00552192 -0.00087938 0.99998437
0.99998313 0.00248709 0.00524865 -0.00249293 0.99999628 0.00110723 -0.00524588 -0.00112030 0.99998561
0.99998534 0.00147753 0.00520864 -0.00148992 0.99999607 0.00237490 -0.00520511 -0.00238263 0.99998361
0.99998697 0.00068347 0.00505839 -0.00069966 0.99999464 0.00319906 -0.00505618 -0.00320255 0.99998209
0.99998614 0.00028233 0.00525685 -0.00028084 0.99999992 -0.00028459 -0.00525693 0.00028311 0.99998614
0.99998838 -0.00052296 0.00479266 0.00053831 0.99999473 -0.00320292 -0.00479096 0.00320546 0.99998339
0.99999263 -0.00023007 0.00383135 0.00024540 0.99999197 -0.00399940 -0.00383040 0.00400031 0.99998466
0.99998941 -0.00031259 0.00459150 0.00033045 0.99999238 -0.00389062 -0.00459025 0.00389210 0.99998189
0.99998826 0.00030200 0.00483571 -0.00029258 0.99999806 -0.00194697 -0.00483629 0.00194553 0.99998641
0.99998942 0.00104823 0.00447819 -0.00104671 0.99999939 -0.00034230 -0.00447855 0.00033761 0.99998991
0.99998572 0.00138000 0.00516236 -0.00138423 0.99999871 0.00081628 -0.00516122 -0.00082341 0.99998634
0.99998483 0.00141672 0.00532264 -0.00142376 0.99999812 0.00131930 -0.00532076 -0.00132686 0.99998496
0.99999071 0.00117793 0.00414648 -0.00118157 0.99999892 0.00087599 -0.00414544 -0.00088088 0.99999102
0.99999375 0.00010941 0.00353475 -0.00010684 0.99999973 -0.00072953 -0.00353483 0.00072915 0.99999349
0.99999580 -0.00036484 0.00287441 0.00036848 0.99999913 -0.00126682 -0.00287394 0.00126787 0.99999507
0.99999539 -0.00002057 0.00303783 0.00002454 0.99999915 -0.00130735 -0.00303780 0.00130742 0.99999453
0.99999351 0.00062815 0.00354787 -0.00062258 0.99999857 -0.00157315 -0.00354885 0.00157093 0.99999247
0.99999013 0.00269916 0.00352826 -0.00269360 0.99999512 -0.00158157 -0.00353252 0.00157205 0.99999252
0.99998222 0.00263510 0.00535002 -0.00262803 0.99999567 -0.00132659 -0.00535350 0.00131251 0.99998481
0.99998081 0.00140740 0.00603395 -0.00140335 0.99999879 -0.00067511 -0.00603490 0.00066663 0.99998157
0.99998405 0.00095101 0.00556783 -0.00094969 0.99999952 -0.00024001 -0.00556805 0.00023471 0.99998447
0.99998446 0.00039081 0.00556071 -0.00038971 0.99999990 -0.00019871 -0.00556079 0.00019654 0.99998452
0.99998215 0.00114521 0.00586371 -0.00114527 0.99999934 0.00000773 -0.00586370 -0.00001445 0.99998281
0.99998448 0.00061996 0.00553694 -0.00061218 0.99999882 -0.00140651 -0.00553780 0.00140310 0.99998368
0.99998399 0.00182690 0.00535644 -0.00182432 0.99999822 -0.00048683 -0.00535732 0.00047705 0.99998554
0.99998449 0.00102827 0.00547385 -0.00102787 0.99999947 -0.00007630 -0.00547393 0.00007067 0.99998502
0.99998660 0.00018714 0.00517344 -0.00018345 0.99999973 -0.00071259 -0.00517357 0.00071163 0.99998636
0.99998922 -0.00018483 0.00463857 0.00019009 0.99999934 -0.00113267 -0.00463835 0.00113354 0.99998860
0.99999013 0.00102171 0.00432499 -0.00102113 0.99999947 -0.00013607 -0.00432513 0.00013165 0.99999064
0.99999011 0.00198461 0.00398060 -0.00198803 0.99999766 0.00085536 -0.00397889 -0.00086326 0.99999171
0.99998513 0.00347764 0.00420188 -0.00347967 0.99999383 0.00047491 -0.00420020 -0.00048953 0.99999106
0.99998599 0.00285958 0.00445354 -0.00286523 0.99999510 0.00126367 -0.00444990 -0.00127641 0.99998928
0.99999073 0.00213320 0.00374059 -0.00212954 0.99999725 -0.00098299 -0.00374268 0.00097501 0.99999252
0.99999463 0.00033143 0.00325892 -0.00032307 0.99999666 -0.00256532 -0.00325976 0.00256425 0.99999140
0.99999598 -0.00110890 0.00260825 0.00111786 0.99999347 -0.00343538 -0.00260443 0.00343828 0.99999070
0.99999650 -0.00028550 0.00263097 0.00028981 0.99999862 -0.00163871 -0.00263050 0.00163946 0.99999520
0.99999719 0.00117649 0.00205905 -0.00117536 0.99999916 -0.00054810 -0.00205970 0.00054568 0.99999773
0.99999358 0.00203106 0.00295215 -0.00203316 0.99999768 0.00070727 -0.00295071 -0.00071327 0.99999539
0.99999399 0.00217398 0.00270126 -0.00217493 0.99999757 0.00034775 -0.00270050 -0.00035362 0.99999629
0.99999474 0.00165148 0.00279051 -0.00165306 0.99999848 0.00056321 -0.00278958 -0.00056782 0.99999595
0.99999895 0.00078249 0.00121728 -0.00078078 0.99999871 -0.00140201 -0.00121838 0.00140106 0.99999828
0.99999864 0.00002871 0.00165032 -0.00002279 0.99999356 -0.00358864 -0.00165041 0.00358859 0.99999220
0.99999940 -0.00083316 0.00070961 0.00083584 0.99999250 -0.00378071 -0.00070645 0.00378130 0.99999260
0.99999995 -0.00024245 -0.00021789 0.00024180 0.99999548 -0.00299713 0.00021861 0.00299708 0.99999548
0.99999819 -0.00114383 0.00152074 0.00114394 0.99999934 -0.00007142 -0.00152066 0.00007316 0.99999884
0.99999972 0.00024233 0.00070839 -0.00024300 0.99999953 0.00094195 -0.00070816 -0.00094212 0.99999931
0.99999916 0.00078147 0.00103281 -0.00078250 0.99999920 0.00099769 -0.00103203 -0.00099849 0.99999897
0.99999813 0.00161740 0.00105689 -0.00161906 0.99999745 0.00157472 -0.00105434 -0.00157643 0.99999820
0.99999680 0.00196251 0.00159703 -0.00196188 0.99999800 -0.00039746 -0.00159781 0.00039432 0.99999865
0.99999544 0.00198839 0.00227412 -0.00198955 0.99999789 0.00051015 -0.00227311 -0.00051468 0.99999728
0.99999543 0.00072493 0.00293450 -0.00072553 0.99999972 0.00020318 -0.00293436 -0.00020531 0.99999567
0.99999826 0.00134165 0.00129536 -0.00134189 0.99999908 0.00018071 -0.00129511 -0.00018245 0.99999914
0.99999857 0.00134123 0.00103368 -0.00134060 0.99999892 -0.00060829 -0.00103449 0.00060690 0.99999928
0.99999891 0.00108879 0.00100112 -0.00108675 0.99999732 -0.00204398 -0.00100335 0.00204289 0.99999741
0.99999889 0.00143642 0.00040399 -0.00143622 0.99999886 -0.00047195 -0.00040466 0.00047137 0.99999981
0.99999917 0.00101617 0.00079673 -0.00101721 0.99999864 0.00130136 -0.00079541 -0.00130217 0.99999884
0.99999947 0.00060552 -0.00083268 -0.00060562 0.99999981 -0.00010951 0.00083261 0.00011001 0.99999965
0.99999592 0.00277809 0.00067134 -0.00277691 0.99999462 -0.00174450 -0.00067618 0.00174263 0.99999825
0.99999880 0.00102096 0.00116780 -0.00101986 0.99999903 -0.00094660 -0.00116876 0.00094541 0.99999887
0.99999926 0.00050576 0.00110472 -0.00050554 0.99999985 -0.00020080 -0.00110482 0.00020024 0.99999937
0.99999940 0.00067272 0.00086023 -0.00067292 0.99999975 0.00023817 -0.00086007 -0.00023875 0.99999960
0.99999901 0.00136092 0.00035829 -0.00136113 0.99999891 0.00056810 -0.00035752 -0.00056858 0.99999977
0.99999797 0.00180779 0.00089266 -0.00180765 0.99999835 -0.00015746 -0.00089294 0.00015585 0.99999959
0.99999873 0.00129112 0.00093715 -0.00129109 0.99999917 -0.00003830 -0.00093720 0.00003709 0.99999956
0.99999981 0.00035626 0.00050448 -0.00035600 0.99999981 -0.00050916 -0.00050466 0.00050898 0.99999974
0.99999983 0.00057930 0.00000156 -0.00057930 0.99999956 -0.00073381 -0.00000198 0.00073381 0.99999973
0.99999957 0.00093051 0.00001449 -0.00093051 0.99999957 -0.00000602 -0.00001450 0.00000601 1.00000000
0.99999823 0.00187483 -0.00014417 -0.00187466 0.99999752 0.00119820 0.00014642 -0.00119793 0.99999927
0.99999794 0.00155928 0.00130321 -0.00155880 0.99999872 -0.00036991 -0.00130379 0.00036788 0.99999908
0.99999921 0.00110575 0.00059522 -0.00110446 0.99999703 -0.00217078 -0.00059762 0.00217012 0.99999747
0.99999977 0.00067011 -0.00014362 -0.00067042 0.99999741 -0.00217528 0.00014216 0.00217538 0.99999762
0.99999945 0.00005714 -0.00104277 -0.00005975 0.99999685 -0.00250794 0.00104263 0.00250801 0.99999631
0.99999995 0.00022563 0.00024225 -0.00022550 0.99999981 -0.00056666 -0.00024238 0.00056661 0.99999981
0.99999958 0.00052557 -0.00074602 -0.00052517 0.99999972 0.00053365 0.00074630 -0.00053326 0.99999958
0.99999928 0.00013666 -0.00118940 -0.00013672 0.99999999 -0.00005578 0.00118940 0.00005594 0.99999929
0.99999923 -0.00021481 -0.00122556 0.00021356 0.99999946 -0.00101553 0.00122578 0.00101527 0.99999873
0.99999922 0.00042030 -0.00117254 -0.00042178 0.99999912 -0.00126105 0.00117201 0.00126154 0.99999852
0.99999914 0.00130420 -0.00014105 -0.00130420 0.99999915 -0.00003416 0.00014100 0.00003435 0.99999999
0.99999938 -0.00083420 -0.00073363 0.00083372 0.99999944 -0.00065618 0.00073418 0.00065557 0.99999952
0.99999871 -0.00134885 -0.00086848 0.00134801 0.99999862 -0.00097359 0.00086979 0.00097242 0.99999915
0.99999814 -0.00179968 -0.00068997 0.00179823 0.99999619 -0.00209283 0.00069374 0.00209159 0.99999757
0.99999714 -0.00227420 -0.00073507 0.00227325 0.99999659 -0.00128637 0.00073799 0.00128469 0.99999890
0.99999568 -0.00229590 -0.00183377 0.00229782 0.99999682 0.00104270 0.00183137 -0.00104691 0.99999778
0.99999481 -0.00086151 -0.00310587 0.00086603 0.99999857 0.00145390 0.00310462 -0.00145658 0.99999412
0.99999596 -0.00046373 -0.00280446 0.00046105 0.99999944 -0.00095653 0.00280490 0.00095523 0.99999561
0.99999532 0.00240729 -0.00189073 -0.00240893 0.99999673 -0.00086417 0.00188865 0.00086872 0.99999784
0.99999420 0.00328001 -0.00091312 -0.00328078 0.99999426 -0.00084998 0.00091033 0.00085297 0.99999922
0.99999692 0.00247336 -0.00018827 -0.00247367 0.99999557 -0.00165842 0.00018417 0.00165888 0.99999861
0.99999896 0.00140747 -0.00032593 -0.00140782 0.99999843 -0.00107414 0.00032442 0.00107460 0.99999937
0.99999952 0.00093822 -0.00027718 -0.00093872 0.99999791 -0.00181408 0.00027548 0.00181433 0.99999832
0.99999830 0.00178003 -0.00048826 -0.00178122 0.99999540 -0.00245464 0.00048389 0.00245551 0.99999687
0.99999910 0.00132875 -0.00018330 -0.00132916 0.99999661 -0.00223734 0.00018033 0.00223758 0.99999748
0.99999745 0.00225188 0.00017862 -0.00225158 0.99999611 -0.00164404 -0.00018232 0.00164364 0.99999863
0.99999794 0.00200835 0.00030453 -0.00200789 0.99999687 -0.00149312 -0.00030753 0.00149251 0.99999884
0.99999785 0.00201447 0.00049860 -0.00201391 0.99999736 -0.00110813 -0.00050083 0.00110712 0.99999926
0.99999900 0.00120229 0.00074665 -0.00120180 0.99999907 -0.00065189 -0.00074743 0.00065099 0.99999951
0.99999808 0.00162674 0.00108842 -0.00162604 0.99999847 -0.00063872 -0.00108946 0.00063695 0.99999920
0.99999872 0.00157664 0.00028355 -0.00157653 0.99999869 -0.00035552 -0.00028411 0.00035507 0.99999990
0.99999949 0.00100980 -0.00004227 -0.00100982 0.99999933 -0.00057003 0.00004169 0.00057007 0.99999984
0.99999931 0.00097380 -0.00066352 -0.00097398 0.99999949 -0.00027693 0.00066325 0.00027757 0.99999974
0.99999967 0.00035952 -0.00072623 -0.00035949 0.99999993 0.00004877 0.00072625 -0.00004851 0.99999974
0.99999890 0.00114049 0.00094410 -0.00113854 0.99999722 -0.00206498 -0.00094645 0.00206390 0.99999742
0.99999998 0.00012296 -0.00014476 -0.00012317 0.99999892 -0.00146770 0.00014458 0.00146772 0.99999891
0.99999940 -0.00047963 -0.00098967 0.00047971 0.99999988 0.00007772 0.00098963 -0.00007820 0.99999951
0.99999955 -0.00066127 -0.00067791 0.00066083 0.99999957 -0.00065614 0.00067835 0.00065569 0.99999955
0.99999836 -0.00159965 -0.00084530 0.00159964 0.99999872 -0.00001351 0.00084532 0.00001216 0.99999964
0.99999823 -0.00157542 -0.00102672 0.00157594 0.99999863 0.00050831 0.00102592 -0.00050993 0.99999934
0.99999889 -0.00094251 -0.00115663 0.00094231 0.99999954 -0.00016770 0.00115678 0.00016661 0.99999932
0.99999941 -0.00088800 -0.00063180 0.00088670 0.99999752 -0.00204162 0.00063361 0.00204106 0.99999772
0.99999883 0.00123294 -0.00090210 -0.00123526 0.99999590 -0.00258434 0.00089891 0.00258545 0.99999625
0.99999930 0.00066758 -0.00097357 -0.00066946 0.99999791 -0.00193338 0.00097228 0.00193403 0.99999766
0.99999946 0.00053084 -0.00089385 -0.00053160 0.99999950 -0.00085037 0.00089339 0.00085084 0.99999924
0.99999937 0.00082237 -0.00076579 -0.00082143 0.99999891 0.00122588 0.00076679 -0.00122525 0.99999896
0.99999970 0.00028602 -0.00072311 -0.00028449 0.99999773 0.00211183 0.00072371 -0.00211162 0.99999751
0.99999786 0.00159816 -0.00131091 -0.00159650 0.99999793 0.00126470 0.00131293 -0.00126260 0.99999834
0.99999918 0.00117894 -0.00049180 -0.00117844 0.99999878 0.00102246 0.00049301 -0.00102188 0.99999936
0.99999983 -0.00021690 -0.00054930 0.00021584 0.99999811 -0.00193206 0.00054972 0.00193194 0.99999798
0.99999925 -0.00093986 -0.00078394 0.00093715 0.99999362 -0.00344719 0.00078718 0.00344646 0.99999375
0.99999964 -0.00078591 -0.00030791 0.00078509 0.99999614 -0.00266469 0.00031000 0.00266444 0.99999640
0.99999981 -0.00039139 -0.00048118 0.00039055 0.99999840 -0.00174691 0.00048186 0.00174672 0.99999836
0.99999996 0.00016592 0.00024502 -0.00016613 0.99999963 0.00084822 -0.00024488 -0.00084826 0.99999961
1.00000000 -0.00006148 -0.00004798 0.00006159 0.99999718 0.00237513 0.00004783 -0.00237513 0.99999718
0.99999994 0.00032685 0.00013677 -0.00032691 0.99999983 0.00049166 -0.00013661 -0.00049170 0.99999987
0.99999861 0.00166597 0.00012019 -0.00166592 0.99999853 -0.00041347 -0.00012088 0.00041326 0.99999991
0.99999684 0.00145874 0.00204724 -0.00145425 0.99999653 -0.00219520 -0.00205043 0.00219221 0.99999549
0.99999536 0.00109346 0.00284329 -0.00108775 0.99999739 -0.00200682 -0.00284548 0.00200372 0.99999394
0.99999676 0.00056517 0.00248277 -0.00056205 0.99999905 -0.00125723 -0.00248348 0.00125583 0.99999613
0.99999733 0.00025256 0.00229730 -0.00025195 0.99999993 -0.00026318 -0.00229736 0.00026260 0.99999733
0.99999845 0.00010596 0.00175865 -0.00010595 0.99999999 -0.00000590 -0.00175865 0.00000572 0.99999845
0.99999969 -0.00023516 0.00075541 0.00023575 0.99999967 -0.00077615 -0.00075523 0.00077633 0.99999941
0.99999732 0.00093661 0.00211572 -0.00093324 0.99999830 -0.00159222 -0.00211720 0.00159024 0.99999649
0.99999869 0.00094546 0.00131032 -0.00094266 0.99999727 -0.00213625 -0.00131234 0.00213501 0.99999686
0.99999709 0.00131446 0.00202087 -0.00131222 0.99999852 -0.00110937 -0.00202232 0.00110672 0.99999734
0.99999862 0.00115559 0.00119326 -0.00115552 0.99999933 -0.00005899 -0.00119332 0.00005761 0.99999929
0.99999828 0.00165968 0.00082561 -0.00165998 0.99999856 0.00035737 -0.00082502 -0.00035874 0.99999960
