0.99998382 -0.00020217 -0.00568423 0.00004829 0.99963382 -0.02705946 0.00568762 0.02705875 0.99961766
0.99999657 -0.00202401 -0.00166492 0.00200782 0.99995126 -0.00966630 0.00168440 0.00966292 0.99995189
0.99999798 -0.00135794 -0.00148440 0.00137399 0.99994003 0.01086491 0.00146956 -0.01086693 0.99993987
0.99999497 0.00128354 -0.00290192 -0.00124758 0.99992284 0.01235932 0.00291756 -0.01235564 0.99991941
0.99999902 0.00139821 -0.00001515 -0.00139814 0.99999165 0.00384006 0.00002052 -0.00384004 0.99999263
0.99999871 -0.00134012 -0.00088709 0.00133769 0.99999536 -0.00273658 0.00089075 0.00273539 0.99999586
0.99999978 -0.00060188 0.00028757 0.00060263 0.99999637 -0.00262703 -0.00028598 0.00262721 0.99999651
0.99999883 -0.00013964 0.00152253 0.00014101 0.99999959 -0.00089914 -0.00152240 0.00089936 0.99999844
0.99999934 -0.00109757 0.00033956 0.00109749 0.99999937 0.00022899 -0.00033981 -0.00022862 0.99999992
0.99999936 -0.00107235 0.00035169 0.00107197 0.99999883 0.00108676 -0.00035286 -0.00108639 0.99999935
0.99999800 -0.00076147 0.00185112 0.00076162 0.99999971 -0.00008087 -0.00185106 0.00008228 0.99999828
0.99999893 -0.00134326 -0.00058316 0.00134257 0.99999841 -0.00117181 0.00058473 0.00117102 0.99999914
0.99999988 -0.00047904 -0.00013741 0.00047907 0.99999985 0.00025549 0.00013729 -0.00025556 0.99999996
0.99999993 0.00002932 -0.00038364 -0.00002908 0.99999982 0.00060599 0.00038365 -0.00060598 0.99999974
0.99999875 -0.00042810 0.00152505 0.00042507 0.99999794 0.00198501 -0.00152589 -0.00198436 0.99999687
0.99999986 -0.00012214 -0.00051202 0.00012198 0.99999994 -0.00031383 0.00051206 0.00031377 0.99999982
0.99999962 -0.00015837 0.00085191 0.00015910 0.99999962 -0.00085462 -0.00085177 0.00085476 0.99999927
0.99999976 0.00033503 0.00061412 -0.00033472 0.99999982 -0.00050453 -0.00061429 0.00050432 0.99999968
0.99999980 0.00062454 -0.00000385 -0.00062454 0.99999940 -0.00090376 0.00000328 0.00090376 0.99999959
0.99999975 -0.00070771 -0.00005913 0.00070776 0.99999933 0.00092027 0.00005848 -0.00092031 0.99999957
0.99999385 -0.00323543 -0.00135300 0.00323540 0.99999477 -0.00002408 0.00135307 0.00001970 0.99999908
0.99999922 -0.00052957 -0.00112908 0.00053001 0.99999978 0.00039084 0.00112887 -0.00039144 0.99999929
0.99999889 -0.00146184 -0.00027247 0.00146190 0.99999891 0.00021419 0.00027216 -0.00021459 0.99999994
0.99999798 -0.00178406 -0.00092247 0.00178398 0.99999840 -0.00008874 0.00092263 0.00008709 0.99999957
0.99999751 -0.00193973 -0.00110755 0.00194020 0.99999803 0.00042996 0.00110671 -0.00043211 0.99999929
0.99999937 -0.00111351 -0.00012649 0.00111365 0.99999872 0.00114647 0.00012521 -0.00114661 0.99999933
0.99999413 0.00291770 -0.00179396 -0.00291622 0.99999541 0.00082742 0.00179636 -0.00082218 0.99999805
0.99999388 0.00142511 -0.00319617 -0.00142244 0.99999864 0.00083670 0.00319736 -0.00083214 0.99999454
0.99999064 -0.00124067 -0.00414544 0.00123714 0.99999887 -0.00085364 0.00414649 0.00084850 0.99999104
0.99998708 0.00082012 -0.00501730 -0.00084435 0.99998798 -0.00482928 0.00501328 0.00483345 0.99997575
0.99997189 0.00027012 -0.00749361 -0.00029387 0.99999494 -0.00316914 0.00749271 0.00317125 0.99996690
0.99998844 -0.00114470 -0.00466975 0.00115781 0.99999540 0.00280481 0.00466652 -0.00281018 0.99998516
0.99998441 0.00005737 -0.00558377 -0.00003864 0.99999438 0.00335346 0.00558394 -0.00335320 0.99997879
0.99999194 0.00184927 -0.00356296 -0.00184726 0.99999813 0.00056826 0.00356400 -0.00056167 0.99999349
0.99999262 0.00222048 -0.00313441 -0.00222213 0.99999740 -0.00052101 0.00313324 0.00052797 0.99999495
0.99999652 -0.00235183 -0.00119191 0.00235481 0.99999409 0.00250475 0.00118601 -0.00250755 0.99999615
0.99999992 0.00035671 -0.00017083 -0.00035653 0.99999936 0.00107115 0.00017121 -0.00107109 0.99999941
0.99999610 0.00068743 0.00270814 -0.00068801 0.99999974 0.00021230 -0.00270800 -0.00021417 0.99999631
0.99999962 -0.00012680 0.00086202 0.00012677 0.99999999 0.00003709 -0.00086203 -0.00003698 0.99999963
0.99999493 -0.00060074 0.00312737 0.00060322 0.99999950 -0.00079287 -0.00312689 0.00079476 0.99999480
0.99999879 -0.00132309 0.00081719 0.00132324 0.99999911 -0.00018093 -0.00081695 0.00018201 0.99999965
0.99999787 -0.00092576 0.00184225 0.00092684 0.99999940 -0.00058829 -0.00184170 0.00058999 0.99999813
0.99999866 0.00025082 0.00161604 -0.00025060 0.99999996 -0.00013548 -0.00161607 0.00013508 0.99999869
0.99999575 -0.00080169 0.00280193 0.00080089 0.99999964 0.00028744 -0.00280216 -0.00028519 0.99999603
0.99999779 -0.00009421 0.00210214 0.00009429 0.99999999 -0.00003905 -0.00210213 0.00003925 0.99999779
0.99999927 -0.00111678 0.00045627 0.00111682 0.99999937 -0.00010148 -0.00045615 0.00010199 0.99999989
0.99999699 -0.00086111 -0.00229536 0.00086080 0.99999962 -0.00013429 0.00229547 0.00013231 0.99999736
0.99999919 0.00007285 0.00126974 -0.00007219 0.99999986 -0.00051803 -0.00126977 0.00051794 0.99999906
0.99999977 0.00042606 0.00052108 -0.00042538 0.99999906 -0.00130151 -0.00052163 0.00130129 0.99999902
0.99999952 -0.00033820 0.00091915 0.00033864 0.99999982 -0.00048579 -0.00091899 0.00048610 0.99999946
0.99999884 0.00051775 0.00143129 -0.00051809 0.99999984 0.00023361 -0.00143117 -0.00023435 0.99999895
0.99999906 0.00066539 0.00120264 -0.00066477 0.99999964 -0.00051970 -0.00120299 0.00051890 0.99999914
0.99999936 -0.00109760 0.00027559 0.00109793 0.99999868 -0.00119900 -0.00027427 0.00119930 0.99999924
0.99999946 0.00015958 0.00102757 -0.00016005 0.99999988 0.00046098 -0.00102750 -0.00046115 0.99999937
0.99999875 -0.00038467 -0.00153610 0.00038621 0.99999942 0.00100216 0.00153572 -0.00100275 0.99999832
0.99999305 -0.00191082 -0.00320076 0.00191054 0.99999817 -0.00009047 0.00320092 0.00008436 0.99999487
0.99998708 -0.00345919 -0.00372477 0.00345331 0.99999278 -0.00158551 0.00373023 0.00157263 0.99999181
0.99997723 -0.00105314 -0.00666585 0.00104352 0.99999841 -0.00144660 0.00666736 0.00143961 0.99997674
0.99996951 -0.00289727 -0.00725152 0.00288617 0.99999465 -0.00154118 0.00725595 0.00152021 0.99997252
0.99997066 -0.00190493 -0.00741921 0.00191677 0.99999690 0.00158837 0.00741616 -0.00160255 0.99997122
0.99998184 0.00106226 -0.00593173 -0.00104820 0.99999663 0.00237347 0.00593423 -0.00236721 0.99997959
0.99998533 0.00307784 -0.00445801 -0.00307593 0.99999517 0.00043608 0.00445933 -0.00042236 0.99998997
0.99999604 0.00065029 -0.00273765 -0.00065256 0.99999944 -0.00082745 0.00273711 0.00082923 0.99999591
0.99999834 0.00174584 -0.00052968 -0.00174709 0.99999567 -0.00236748 0.00052555 0.00236840 0.99999706
0.99999778 0.00197682 0.00072329 -0.00197599 0.99999739 -0.00114349 -0.00072555 0.00114206 0.99999908
0.99999922 0.00032034 0.00121085 -0.00032221 0.99999875 0.00154731 -0.00121035 -0.00154770 0.99999807
0.99999218 0.00055885 0.00391494 -0.00056519 0.99999853 0.00161671 -0.00391404 -0.00161891 0.99999103
0.99998692 -0.00075700 0.00505910 0.00075177 0.99999918 0.00103564 -0.00505988 -0.00103182 0.99998667
0.99999035 0.00189891 0.00396208 -0.00190101 0.99999805 0.00052623 -0.00396108 -0.00053376 0.99999201
0.99996162 -0.00048085 0.00874851 0.00048093 0.99999988 -0.00000659 -0.00874851 0.00001080 0.99996173
0.99995571 0.00378118 0.00861824 -0.00377623 0.99999270 -0.00059141 -0.00862041 0.00055884 0.99996269
0.99995145 0.00156685 0.00972816 -0.00156315 0.99999870 -0.00038753 -0.00972876 0.00037231 0.99995261
0.99993413 0.00146054 0.01138452 -0.00146705 0.99999877 0.00056277 -0.01138368 -0.00057944 0.99993504
0.99994331 0.00095952 0.01060437 -0.00096087 0.99999953 0.00012188 -0.01060425 -0.00013206 0.99994376
0.99994507 0.00126428 0.01040499 -0.00125976 0.99999911 -0.00044117 -0.01040554 0.00042804 0.99994577
0.99993871 0.00037238 0.01106486 -0.00035491 0.99999869 -0.00158082 -0.01106544 0.00157680 0.99993753
0.99995538 -0.00114688 0.00937646 0.00116298 0.99999786 -0.00171245 -0.00937447 0.00172328 0.99995457
0.99997593 -0.00044164 0.00692379 0.00044951 0.99999925 -0.00113540 -0.00692328 0.00113848 0.99997539
0.99999023 -0.00269449 0.00350289 0.00269249 0.99999621 0.00057424 -0.00350442 -0.00056480 0.99999370
0.99999521 -0.00156180 0.00267231 0.00156074 0.99999870 0.00039910 -0.00267293 -0.00039493 0.99999635
0.99999620 -0.00270109 0.00055952 0.00270100 0.99999634 0.00016983 -0.00055998 -0.00016832 0.99999983
0.99999319 -0.00074088 -0.00361523 0.00074566 0.99999885 0.00132020 0.00361424 -0.00132289 0.99999259
0.99999902 -0.00117041 -0.00076904 0.00116998 0.99999916 -0.00056138 0.00076970 0.00056048 0.99999955
0.99999505 -0.00019498 -0.00314022 0.00019129 0.99999929 -0.00117717 0.00314045 0.00117656 0.99999438
0.99999738 0.00040271 -0.00225265 -0.00040548 0.99999916 -0.00123084 0.00225215 0.00123175 0.99999671
0.99999154 0.00053764 -0.00407906 -0.00053975 0.99999972 -0.00051824 0.00407878 0.00052044 0.99999155
0.99998430 -0.00314931 -0.00463552 0.00314592 0.99999478 -0.00073797 0.00463782 0.00072338 0.99998898
0.99999110 -0.00012631 -0.00421633 0.00013458 0.99999807 0.00196080 0.00421608 -0.00196135 0.99998919
0.99999594 0.00142459 -0.00246947 -0.00142211 0.99999848 0.00100600 0.00247090 -0.00100249 0.99999644
0.99998964 0.00055894 -0.00451636 -0.00055977 0.99999983 -0.00018294 0.00451626 0.00018547 0.99998978
0.99999159 0.00268748 -0.00309941 -0.00268617 0.99999630 0.00042891 0.00310055 -0.00042058 0.99999510
0.99999299 0.00268984 -0.00260590 -0.00268624 0.99999544 0.00138284 0.00260961 -0.00137583 0.99999565
0.99999800 -0.00077842 -0.00183982 0.00077959 0.99999950 0.00063108 0.00183932 -0.00063251 0.99999811
0.99999802 0.00007309 -0.00198688 -0.00007430 0.99999981 -0.00061136 0.00198684 0.00061150 0.99999784
0.99999334 -0.00098877 -0.00351250 0.00098539 0.99999905 -0.00096293 0.00351345 0.00095946 0.99999337
0.99999831 -0.00160943 -0.00089405 0.00160945 0.99999870 0.00002317 0.00089402 -0.00002461 0.99999960
0.99999983 -0.00017962 -0.00055926 0.00017995 0.99999981 0.00059516 0.00055916 -0.00059526 0.99999967
0.99999987 0.00007811 -0.00051302 -0.00007770 0.99999969 0.00078803 0.00051308 -0.00078799 0.99999956
0.99999985 -0.00050773 -0.00021281 0.00050787 0.99999967 0.00063454 0.00021249 -0.00063465 0.99999978
0.99999915 0.00126552 0.00031367 -0.00126593 0.99999836 0.00129659 -0.00031203 -0.00129698 0.99999911
0.99999927 0.00120762 0.00006118 -0.00120771 0.99999818 0.00147491 -0.00005940 -0.00147499 0.99999891
0.99999959 0.00046941 0.00077311 -0.00046870 0.99999946 -0.00092294 -0.00077354 0.00092258 0.99999928
0.99999913 -0.00004058 0.00132009 0.00004347 0.99999761 -0.00218816 -0.00132000 0.00218821 0.99999673
0.99999604 -0.00239855 0.00147327 0.00239878 0.99999711 -0.00015376 -0.00147290 0.00015730 0.99999890
0.99999599 -0.00261666 0.00108248 0.00261621 0.99999649 0.00042204 -0.00108358 -0.00041920 0.99999933
0.99999612 -0.00278549 -0.00001486 0.00278551 0.99999515 0.00139225 0.00001099 -0.00139229 0.99999903
0.99999916 -0.00125603 -0.00032984 0.00125657 0.99999786 0.00164215 0.00032778 -0.00164257 0.99999860
0.99999969 -0.00063798 0.00047213 0.00063771 0.99999963 0.00057204 -0.00047249 -0.00057174 0.99999972
0.99999963 -0.00085695 -0.00010781 0.00085704 0.99999932 0.00078537 0.00010714 -0.00078547 0.99999969
0.99999964 -0.00049816 -0.00068936 0.00049846 0.99999978 0.00043133 0.00068914 -0.00043167 0.99999967
0.99999931 -0.00116704 -0.00010589 0.00116710 0.99999918 0.00052046 0.00010528 -0.00052058 0.99999986
0.99999896 -0.00033313 -0.00140515 0.00033392 0.99999978 0.00056584 0.00140496 -0.00056631 0.99999885
0.99999895 -0.00037572 -0.00140081 0.00037621 0.99999987 0.00034643 0.00140068 -0.00034696 0.99999896
0.99999820 0.00024754 -0.00188017 -0.00024679 0.99999989 0.00039955 0.00188027 -0.00039908 0.99999815
0.99999441 -0.00046651 -0.00331159 0.00046352 0.99999948 -0.00090551 0.00331202 0.00090397 0.99999411
0.99999648 -0.00136021 -0.00227823 0.00135956 0.99999903 -0.00028793 0.00227862 0.00028483 0.99999736
0.99999764 0.00124603 -0.00178104 -0.00124483 0.99999900 0.00067529 0.00178188 -0.00067307 0.99999819
0.99999730 -0.00007062 -0.00232152 0.00007163 0.99999990 0.00043402 0.00232148 -0.00043418 0.99999721
0.99999984 0.00056265 -0.00006187 -0.00056259 0.99999933 0.00101076 0.00006244 -0.00101072 0.99999949
0.99999627 0.00090684 -0.00257799 -0.00090855 0.99999937 -0.00066277 0.00257739 0.00066511 0.99999646
0.99999780 0.00178635 -0.00110326 -0.00178606 0.99999837 0.00026601 0.00110374 -0.00026404 0.99999936
0.99999733 0.00116977 -0.00199524 -0.00117075 0.99999919 -0.00048981 0.00199467 0.00049215 0.99999789
0.99999252 0.00361797 -0.00136841 -0.00361787 0.99999345 0.00007984 0.00136869 -0.00007489 0.99999906
0.99999906 0.00078326 -0.00112239 -0.00078399 0.99999948 -0.00065133 0.00112188 0.00065221 0.99999916
0.99999897 0.00142496 0.00018217 -0.00142501 0.99999895 0.00025304 -0.00018180 -0.00025330 0.99999995
0.99999910 0.00079253 0.00107856 -0.00079497 0.99999711 0.00226702 -0.00107676 -0.00226788 0.99999685
0.99999811 0.00081848 0.00176389 -0.00082114 0.99999852 0.00150977 -0.00176266 -0.00151121 0.99999730
0.99999420 0.00307274 0.00147011 -0.00307465 0.99999442 0.00130497 -0.00146609 -0.00130948 0.99999807
0.99999627 0.00068062 0.00264507 -0.00068767 0.99999622 0.00266259 -0.00264325 -0.00266440 0.99999296
0.99998907 0.00165326 0.00437306 -0.00166222 0.99999652 0.00204752 -0.00436966 -0.00205476 0.99998834
0.99998254 0.00317690 0.00498179 -0.00318330 0.99999412 0.00127555 -0.00497771 -0.00129139 0.99998678
0.99997744 0.00115820 0.00661635 -0.00115211 0.99999891 -0.00092522 -0.00661741 0.00091757 0.99997768
0.99997498 0.00176048 0.00685145 -0.00175441 0.99999806 -0.00089191 -0.00685301 0.00087987 0.99997613
0.99997323 -0.00136253 0.00718949 0.00136382 0.99999905 -0.00017575 -0.00718924 0.00018556 0.99997414
0.99995203 0.00044556 0.00978503 -0.00041356 0.99999456 -0.00327228 -0.00978643 0.00326807 0.99994677
0.99995757 0.00011592 0.00921068 -0.00010683 0.99999951 -0.00098747 -0.00921079 0.00098645 0.99995709
0.99994437 -0.00010802 0.01054704 0.00010129 0.99999979 0.00063912 -0.01054710 -0.00063801 0.99994417
0.99991793 0.00020159 0.01280989 -0.00020575 0.99999993 0.00032292 -0.01280983 -0.00032553 0.99991790
0.99992783 -0.00034313 0.01200929 0.00034492 0.99999993 -0.00014644 -0.01200924 0.00015057 0.99992788
0.99992190 0.00171742 0.01237910 -0.00171270 0.99999846 -0.00039126 -0.01237976 0.00037003 0.99992330
0.99990631 -0.00253575 0.01345172 0.00251003 0.99999499 0.00192837 -0.01345654 -0.00189443 0.99990766
0.99984827 -0.00169354 0.01733670 0.00164231 0.99999424 0.00296865 -0.01734163 -0.00293973 0.99984530
0.99984075 -0.00066991 0.01783315 0.00066454 0.99999973 0.00030688 -0.01783335 -0.00029498 0.99984093
0.99971651 0.00045492 0.02380544 -0.00042430 0.99999908 -0.00129141 -0.02380601 0.00128094 0.99971578
0.99959231 0.00776363 0.02747628 -0.00771594 0.99996854 -0.00184093 -0.02748971 0.00162817 0.99962076
0.99957417 0.00466082 0.02880555 -0.00452099 0.99997769 -0.00491730 -0.02882783 0.00478498 0.99957294
0.99947684 0.00130329 0.03231625 -0.00092500 0.99993091 -0.01171826 -0.03232929 0.01168224 0.99940900
0.99944546 -0.00522962 0.03288488 0.00568053 0.99989093 -0.01363318 -0.03281000 0.01381242 0.99936616
0.99934125 -0.00435050 0.03602966 0.00487121 0.99988478 -0.01437713 -0.03596296 0.01454317 0.99924730
0.99955491 -0.00232884 0.02974149 0.00258946 0.99995856 -0.00872753 -0.02971993 0.00880066 0.99951952
0.99938194 0.00281523 0.03504005 -0.00273781 0.99999370 -0.00225732 -0.03504618 0.00215999 0.99938336
0.99909642 0.00624656 0.04203955 -0.00626250 0.99998036 0.00024737 -0.04203718 -0.00051042 0.99911592
0.99913233 0.00042343 0.04164614 -0.00035495 0.99999857 -0.00165175 -0.04164678 0.00163553 0.99913106
0.99882277 -0.00631853 0.04809517 0.00615967 0.99997508 0.00345060 -0.04811578 -0.00315028 0.99883680
0.99865483 -0.00764411 0.05128442 0.00718462 0.99993244 0.00913795 -0.05135081 -0.00875720 0.99864228
0.99842634 -0.00263656 0.05601695 0.00213425 0.99995700 0.00902495 -0.05603833 -0.00889119 0.99838903
0.99842178 0.00222702 0.05611593 -0.00258390 0.99997689 0.00628794 -0.05610063 -0.00642301 0.99840446
0.99812172 0.00463951 0.06108613 -0.00482685 0.99998409 0.00291967 -0.06107161 -0.00320904 0.99812823
0.99771638 0.00231443 0.06750308 -0.00280976 0.99996982 0.00724386 -0.06748427 -0.00741699 0.99769277
0.99739945 -0.00086682 0.07206653 0.00029895 0.99996883 0.00789011 -0.07207112 -0.00784805 0.99736862
0.99714949 -0.00384254 0.07535330 0.00289067 0.99991470 0.01273699 -0.07539581 -0.01248286 0.99707555
0.99738773 -0.00661450 0.07193030 0.00603062 0.99994711 0.00833150 -0.07198161 -0.00787596 0.99737486
0.99739283 -0.00334316 0.07208589 0.00309089 0.99998870 0.00361084 -0.07209714 -0.00337861 0.99739189
0.99726551 -0.00011048 0.07390191 -0.00021851 0.99999010 0.00444356 -0.07390167 -0.00444755 0.99725562
0.99717103 0.00328528 0.07509429 -0.00381708 0.99996864 0.00693930 -0.07506913 -0.00720631 0.99715229
0.99725184 -0.00220032 0.07405352 0.00197777 0.99999331 0.00307840 -0.07405980 -0.00292348 0.99724952
0.99738864 0.00323105 0.07214883 -0.00345276 0.99998969 0.00294845 -0.07213856 -0.00318987 0.99738952
0.99788056 0.00023982 0.06507172 -0.00024065 0.99999997 0.00000480 -0.06507172 -0.00002045 0.99788059
0.99820020 0.00100219 0.05996125 -0.00092726 0.99999875 -0.00127738 -0.05996246 0.00121948 0.99819989
0.99834589 -0.00447519 0.05731891 0.00453311 0.99998934 -0.00088053 -0.05731436 0.00113891 0.99835553
0.99858418 -0.00589548 0.05286663 0.00576826 0.99998009 0.00255884 -0.05288066 -0.00225027 0.99859830
0.99884051 -0.00411963 0.04796517 0.00382072 0.99997272 0.00632181 -0.04798991 -0.00613122 0.99882900
0.99906047 0.00138466 0.04331579 -0.00170584 0.99997132 0.00737873 -0.04330433 -0.00744569 0.99903418
0.99912283 0.00343463 0.04173453 -0.00374856 0.99996525 0.00744612 -0.04170750 -0.00759603 0.99910099
0.99932910 0.00685947 0.03597630 -0.00711269 0.99995079 0.00691516 -0.03592709 -0.00716641 0.99932872
0.99953108 -0.00189132 0.03056198 0.00192139 0.99999770 -0.00095450 -0.03056010 0.00101278 0.99953242
0.99965095 -0.00328642 0.02621410 0.00349383 0.99996293 -0.00787018 -0.02618726 0.00795902 0.99962537
0.99978953 -0.00690428 0.01931897 0.00716068 0.99988678 -0.01323422 -0.01922541 0.01336977 0.99972578
0.99989064 0.00127249 0.01473362 -0.00106316 0.99989851 -0.01420669 -0.01475021 0.01418947 0.99979052
0.99986253 0.00251713 0.01638871 -0.00232225 0.99992650 -0.01189924 -0.01641746 0.01185955 0.99979489
0.99990992 0.00500491 0.01245371 -0.00490526 0.99995581 -0.00801930 -0.01249330 0.00795749 0.99989029
0.99993420 0.00100894 0.01142743 -0.00103670 0.99999653 0.00242313 -0.01142494 -0.00243482 0.99993177
0.99995678 -0.00252118 0.00894861 0.00245504 0.99996964 0.00739504 -0.00896698 -0.00737275 0.99993262
0.99995590 -0.00489594 0.00801426 0.00485905 0.99997754 0.00461630 -0.00803668 -0.00457715 0.99995723
0.99996570 -0.00037821 0.00827321 0.00038422 0.99999966 -0.00072469 -0.00827293 0.00072784 0.99996551
0.99998786 -0.00057071 0.00489521 0.00059008 0.99999200 -0.00395671 -0.00489291 0.00395955 0.99998019
0.99998659 0.00097588 0.00508634 -0.00095665 0.99999239 -0.00378115 -0.00508999 0.00377623 0.99997992
0.99999443 0.00079157 0.00324259 -0.00079078 0.99999966 -0.00024381 -0.00324278 0.00024124 0.99999471
0.99998892 -0.00283911 0.00375386 0.00283927 0.99999597 -0.00003738 -0.00375374 0.00004804 0.99999295
0.99999449 -0.00319669 0.00089361 0.00319648 0.99999486 0.00024004 -0.00089438 -0.00023718 0.99999957
0.99999906 -0.00119728 0.00067202 0.00119685 0.99999908 0.00063780 -0.00067278 -0.00063699 0.99999957
0.99999918 0.00128226 0.00006085 -0.00128227 0.99999917 0.00013215 -0.00006068 -0.00013223 0.99999999
0.99999902 -0.00111469 -0.00084197 0.00111562 0.99999876 0.00110879 0.00084073 -0.00110973 0.99999903
0.99999939 0.00022994 -0.00107906 -0.00022983 0.99999997 0.00010384 0.00107909 -0.00010359 0.99999941
0.99999888 0.00095666 -0.00115318 -0.00095662 0.99999954 0.00003391 0.00115321 -0.00003280 0.99999933
0.99999771 -0.00197292 -0.00082714 0.00197351 0.99999780 0.00071701 0.00082572 -0.00071864 0.99999940
0.99999714 0.00037372 -0.00236394 -0.00037215 0.99999971 0.00066683 0.00236418 -0.00066595 0.99999698
0.99999816 0.00041920 -0.00187176 -0.00041385 0.99999583 0.00285670 0.00187295 -0.00285592 0.99999417
0.99999929 -0.00057638 -0.00104212 0.00057902 0.99999662 0.00253632 0.00104065 -0.00253692 0.99999624
0.99999568 -0.00188093 -0.00225978 0.00188360 0.99999753 0.00117936 0.00225755 -0.00118361 0.99999675
0.99999713 -0.00006617 -0.00239649 0.00006834 0.99999959 0.00090209 0.00239643 -0.00090225 0.99999672
0.99999846 0.00005358 -0.00175286 -0.00005366 1.00000000 -0.00004415 0.00175286 0.00004425 0.99999846
0.99999980 -0.00016107 -0.00061414 0.00016039 0.99999937 -0.00110980 0.00061431 0.00110970 0.99999920
0.99999773 0.00070337 -0.00201061 -0.00070780 0.99999732 -0.00220503 0.00200906 0.00220645 0.99999555
0.99999558 -0.00098260 -0.00280476 0.00098072 0.99999929 -0.00066978 0.00280541 0.00066703 0.99999584
0.99999328 -0.00264829 -0.00253543 0.00265508 0.99999289 0.00267638 0.00252833 -0.00268309 0.99999320
0.99999510 -0.00011868 -0.00312882 0.00012648 0.99999688 0.00249340 0.00312851 -0.00249379 0.99999200
0.99999190 -0.00116905 -0.00385220 0.00117523 0.99999802 0.00160382 0.00385032 -0.00160833 0.99999129
0.99998960 0.00015739 -0.00455727 -0.00015391 0.99999970 0.00076464 0.00455739 -0.00076393 0.99998932
0.99998690 0.00089903 -0.00503951 -0.00090114 0.99999951 -0.00041706 0.00503913 0.00042159 0.99998721
0.99999053 0.00077140 -0.00428304 -0.00077543 0.99999926 -0.00093831 0.00428231 0.00094163 0.99999039
0.99998749 0.00010879 -0.00500064 -0.00010792 0.99999998 0.00017563 0.00500066 -0.00017509 0.99998748
0.99999536 -0.00095967 -0.00289081 0.00096087 0.99999945 0.00041468 0.00289041 -0.00041745 0.99999574
0.99999846 -0.00083585 -0.00154379 0.00083524 0.99999958 -0.00038992 0.00154411 0.00038863 0.99999873
0.99999837 0.00032189 -0.00177475 -0.00032324 0.99999966 -0.00075936 0.00177451 0.00075993 0.99999814
0.99999906 0.00034999 -0.00132387 -0.00035171 0.99999910 -0.00129395 0.00132342 0.00129441 0.99999829
0.99999449 0.00275967 0.00184330 -0.00275394 0.99999139 -0.00310318 -0.00185185 0.00309808 0.99999349
0.99999669 0.00121292 0.00226816 -0.00120758 0.99999650 -0.00235545 -0.00227100 0.00235270 0.99999465
0.99999278 -0.00075642 0.00372423 0.00076182 0.99999866 -0.00144870 -0.00372313 0.00145153 0.99999202
0.99997828 -0.00142988 0.00643382 0.00142227 0.99999828 0.00118776 -0.00643551 -0.00117859 0.99997860
0.99999099 -0.00260445 0.00335101 0.00260037 0.99999587 0.00122111 -0.00335417 -0.00121238 0.99999364
0.99999775 -0.00020515 0.00211151 0.00020409 0.99999985 0.00050013 -0.00211161 -0.00049970 0.99999765
0.99999990 0.00035989 -0.00026456 -0.00035995 0.99999991 -0.00022554 0.00026448 0.00022564 0.99999994
0.99999778 0.00082701 -0.00193812 -0.00082683 0.99999965 0.00009391 0.00193820 -0.00009231 0.99999812
0.99999360 0.00103031 -0.00342667 -0.00103527 0.99999842 -0.00144647 0.00342517 0.00145001 0.99999308
0.99999068 0.00062232 -0.00427198 -0.00063665 0.99999417 -0.00335376 0.00426987 0.00335645 0.99998525
0.99997603 -0.00160480 -0.00673496 0.00156813 0.99998394 -0.00544701 0.00674359 0.00543632 0.99996248
0.99996815 -0.00091391 -0.00792856 0.00087344 0.99998658 -0.00510622 0.00793312 0.00509914 0.99995553
0.99995592 0.00026521 -0.00938581 -0.00028229 0.99999831 -0.00181842 0.00938531 0.00182099 0.99995430
0.99994462 0.00037125 -0.01051777 -0.00036423 0.99999971 0.00066970 0.01051801 -0.00066583 0.99994446
0.99993999 0.00104044 -0.01090613 -0.00103116 0.99999910 0.00085654 0.01090701 -0.00084524 0.99994016
0.99992939 0.00076831 -0.01185892 -0.00076168 0.99999955 0.00056291 0.01185935 -0.00055384 0.99992952
0.99993589 0.00080822 -0.01129437 -0.00080513 0.99999964 0.00027867 0.01129459 -0.00026956 0.99993618
0.99994306 0.00035511 -0.01066556 -0.00035143 0.99999988 0.00034626 0.01066568 -0.00034249 0.99994306
0.99995599 0.00093967 -0.00933480 -0.00093105 0.99999914 0.00092842 0.00933567 -0.00091969 0.99995600
0.99997264 0.00041352 -0.00738604 -0.00040803 0.99999964 0.00074499 0.00738635 -0.00074195 0.99997245
0.99998633 0.00018741 -0.00522468 -0.00018706 0.99999998 0.00006734 0.00522469 -0.00006637 0.99998635
0.99999715 0.00138746 -0.00194289 -0.00138528 0.99999841 0.00112713 0.00194445 -0.00112444 0.99999748
0.99999727 0.00206956 -0.00108540 -0.00206875 0.99999758 0.00074660 0.00108695 -0.00074435 0.99999913
0.99999960 -0.00022605 0.00087010 0.00022492 0.99999913 0.00129635 -0.00087039 -0.00129615 0.99999878
0.99999878 0.00044818 0.00149931 -0.00045140 0.99999758 0.00215396 -0.00149834 -0.00215463 0.99999656
0.99999713 -0.00077996 0.00226557 0.00078044 0.99999967 -0.00020931 -0.00226541 0.00021107 0.99999741
0.99999764 0.00025622 0.00215854 -0.00025271 0.99999865 -0.00162333 -0.00215896 0.00162278 0.99999635
0.99999792 -0.00049606 0.00197805 0.00049624 0.99999987 -0.00008909 -0.00197800 0.00009007 0.99999804
0.99999728 0.00011528 0.00233157 -0.00011602 0.99999994 0.00031667 -0.00233153 -0.00031694 0.99999723
0.99999729 -0.00098679 0.00210982 0.00098739 0.99999947 -0.00028072 -0.00210955 0.00028280 0.99999773
0.99999869 0.00020017 0.00160527 -0.00020094 0.99999986 0.00048483 -0.00160518 -0.00048515 0.99999859
0.99999794 0.00126952 0.00158378 -0.00126943 0.99999919 -0.00005447 -0.00158385 0.00005246 0.99999874
0.99999917 -0.00082067 0.00099442 0.00082299 0.99999694 -0.00233239 -0.00099251 0.00233321 0.99999679
0.99999750 0.00138358 0.00175830 -0.00138181 0.99999854 -0.00100839 -0.00175969 0.00100596 0.99999795
0.99999919 -0.00005992 0.00127468 0.00006069 0.99999981 -0.00060669 -0.00127464 0.00060676 0.99999900
0.99999943 -0.00035635 0.00100241 0.00035481 0.99999876 0.00153269 -0.00100295 -0.00153233 0.99999832
0.99999886 -0.00126587 0.00082215 0.00126317 0.99999384 0.00327613 -0.00082630 -0.00327509 0.99999430
0.99999935 -0.00012422 0.00113615 0.00011965 0.99999189 0.00402535 -0.00113664 -0.00402521 0.99999125
0.99999743 -0.00108995 0.00199023 0.00108509 0.99999644 0.00243855 -0.00199288 -0.00243639 0.99999505
0.99999925 -0.00115983 0.00039570 0.00115926 0.99999830 0.00143417 -0.00039737 -0.00143371 0.99999889
0.99999726 -0.00231157 -0.00037885 0.00231070 0.99999476 -0.00226882 0.00038409 0.00226794 0.99999735
0.99999909 -0.00010692 -0.00134524 0.00010570 0.99999958 -0.00090636 0.00134534 0.00090622 0.99999868
0.99999973 0.00049389 -0.00053966 -0.00049376 0.99999985 0.00023683 0.00053978 -0.00023657 0.99999983
0.99999822 0.00164391 -0.00092858 -0.00164378 0.99999864 0.00013944 0.00092880 -0.00013791 0.99999956
0.99999772 -0.00034017 -0.00210786 0.00033967 0.99999991 -0.00023532 0.00210794 0.00023460 0.99999775
0.99999521 0.00029559 -0.00308087 -0.00030106 0.99999837 -0.00177755 0.00308034 0.00177847 0.99999367
0.99999128 -0.00259013 -0.00327544 0.00258685 0.99999615 -0.00100300 0.00327802 0.00099452 0.99999413
0.99998760 -0.00122163 -0.00482730 0.00122693 0.99999865 0.00109653 0.00482596 -0.00110244 0.99998775
0.99999428 0.00027151 -0.00337048 -0.00026903 0.99999969 0.00073581 0.00337068 -0.00073489 0.99999405
0.99999171 0.00142873 -0.00381395 -0.00143028 0.99999890 -0.00040255 0.00381337 0.00040800 0.99999265
0.99998803 -0.00052300 -0.00486533 0.00051256 0.99999756 -0.00214739 0.00486645 0.00214487 0.99998586
0.99999052 0.00229825 -0.00369954 -0.00229938 0.99999731 -0.00030104 0.00369883 0.00030954 0.99999311
0.99999175 0.00169923 -0.00369016 -0.00169325 0.99999725 0.00162212 0.00369290 -0.00161586 0.99999188
0.99999637 0.00138858 -0.00231070 -0.00138551 0.99999816 0.00132927 0.00231254 -0.00132606 0.99999645
0.99999364 0.00150609 -0.00323178 -0.00150246 0.99999824 0.00112806 0.00323347 -0.00112320 0.99999414
0.99999104 0.00104444 -0.00410264 -0.00104366 0.99999944 0.00019253 0.00410284 -0.00018825 0.99999157
0.99999147 -0.00149965 -0.00384961 0.00150484 0.99999796 0.00134543 0.00384759 -0.00135122 0.99999169
0.99999231 -0.00001374 -0.00392213 0.00001203 0.99999991 -0.00043476 0.00392213 0.00043471 0.99999221
0.99999293 0.00008937 -0.00376038 -0.00009213 0.99999973 -0.00073387 0.00376032 0.00073421 0.99999266
0.99999285 0.00084699 -0.00368671 -0.00084426 0.99999937 0.00074304 0.00368734 -0.00073992 0.99999293
0.99999025 -0.00034115 -0.00440264 0.00034844 0.99999857 0.00165410 0.00440207 -0.00165562 0.99998894
0.99999012 0.00005867 -0.00444398 -0.00005637 0.99999986 0.00051792 0.00444401 -0.00051767 0.99998999
0.99999090 -0.00172086 -0.00390256 0.00171757 0.99999817 -0.00084606 0.00390401 0.00083935 0.99999203
0.99999063 0.00135552 -0.00411207 -0.00135742 0.99999897 -0.00045889 0.00411144 0.00046446 0.99999144
0.99999167 -0.00065711 -0.00402780 0.00065093 0.99999861 -0.00153564 0.00402881 0.00153300 0.99999071
0.99998818 -0.00146581 -0.00463639 0.00146180 0.99999855 -0.00086947 0.00463766 0.00086268 0.99998887
0.99998153 -0.00213098 -0.00569135 0.00213528 0.99999744 0.00074960 0.00568974 -0.00076174 0.99998352
0.99998627 0.00060344 -0.00520557 -0.00059244 0.99999759 0.00211361 0.00520684 -0.00211049 0.99998422
0.99998131 -0.00232767 -0.00565407 0.00233387 0.99999668 0.00108986 0.00565152 -0.00110304 0.99998342
0.99997786 -0.00089119 -0.00659440 0.00089560 0.99999938 0.00066615 0.00659381 -0.00067204 0.99997803
0.99997356 0.00045453 -0.00725745 -0.00046005 0.99999961 -0.00075815 0.00725710 0.00076147 0.99997338
0.99998275 0.00194809 -0.00554129 -0.00195592 0.99999710 -0.00140807 0.00553853 0.00141888 0.99998366
0.99997480 0.00268922 -0.00657062 -0.00269280 0.99999623 -0.00053586 0.00656915 0.00055354 0.99997827
0.99998288 0.00247083 -0.00530380 -0.00246947 0.99999692 0.00026341 0.00530443 -0.00025031 0.99998590
0.99998143 0.00212917 -0.00570951 -0.00212279 0.99999712 0.00112307 0.00571188 -0.00111093 0.99998307
0.99998865 0.00153469 -0.00451083 -0.00153978 0.99999818 -0.00112516 0.00450909 0.00113209 0.99998919
0.99999072 -0.00103366 -0.00418227 0.00103183 0.99999937 -0.00043776 0.00418272 0.00043344 0.99999116
0.99999034 -0.00020763 -0.00439133 0.00020284 0.99999938 -0.00109243 0.00439155 0.00109153 0.99998976
0.99998658 -0.00230274 -0.00463981 0.00230269 0.99999735 -0.00001615 0.00463983 0.00000547 0.99998924
0.99999394 -0.00153765 -0.00312235 0.00153685 0.99999879 -0.00026061 0.00312275 0.00025581 0.99999509
0.99999720 -0.00046068 -0.00232273 0.00046321 0.99999930 0.00108712 0.00232222 -0.00108820 0.99999671
0.99999584 -0.00020848 -0.00287539 0.00021149 0.99999943 0.00104917 0.00287517 -0.00104977 0.99999532
0.99999561 0.00035041 -0.00294191 -0.00035098 0.99999992 -0.00019251 0.00294184 0.00019354 0.99999565
0.99999863 0.00041630 -0.00160474 -0.00041804 0.99999932 -0.00108493 0.00160429 0.00108560 0.99999812
0.99999839 0.00129764 -0.00123789 -0.00129865 0.99999882 -0.00081625 0.00123682 0.00081786 0.99999890
0.99999671 0.00140621 -0.00214550 -0.00140441 0.99999866 0.00084415 0.00214669 -0.00084113 0.99999734
0.99999675 -0.00027458 -0.00253520 0.00028034 0.99999737 0.00227468 0.00253457 -0.00227538 0.99999420
0.99999829 -0.00061233 -0.00174415 0.00061514 0.99999851 0.00161068 0.00174316 -0.00161175 0.99999718
0.99999819 0.00188285 -0.00028447 -0.00188242 0.99999710 0.00150051 0.00028729 -0.00149998 0.99999883
0.99999788 -0.00137510 -0.00153556 0.00137649 0.99999864 0.00090651 0.00153431 -0.00090862 0.99999841
0.99999633 0.00007400 -0.00270656 -0.00007119 0.99999946 0.00103770 0.00270663 -0.00103750 0.99999580
0.99999959 -0.00009361 -0.00090347 0.00009467 0.99999931 0.00116971 0.00090336 -0.00116980 0.99999891
0.99999721 0.00109671 -0.00209181 -0.00109817 0.99999916 -0.00069371 0.00209105 0.00069600 0.99999757
0.99999666 0.00046589 -0.00254163 -0.00047001 0.99999857 -0.00162169 0.00254087 0.00162288 0.99999546
0.99999880 -0.00060780 -0.00142400 0.00060607 0.99999908 -0.00121284 0.00142473 0.00121198 0.99999825
0.99999893 0.00043357 -0.00139708 -0.00043404 0.99999985 -0.00033329 0.00139694 0.00033389 0.99999897
0.99999830 -0.00006383 -0.00184056 0.00006387 1.00000000 0.00001862 0.00184056 -0.00001874 0.99999831
0.99999549 -0.00078919 -0.00289663 0.00079585 0.99999704 0.00229886 0.00289481 -0.00230116 0.99999316
0.99999641 -0.00265922 -0.00033019 0.00266079 0.99998469 0.00485261 0.00031729 -0.00485347 0.99998817
0.99999808 0.00128478 -0.00147966 -0.00128061 0.99999522 0.00281549 0.00148327 -0.00281359 0.99999494
0.99999874 -0.00034064 0.00154837 0.00033707 0.99999728 0.00230598 -0.00154915 -0.00230546 0.99999614
0.99999769 0.00059298 -0.00206839 -0.00059324 0.99999982 -0.00012753 0.00206832 0.00012876 0.99999785
0.99999400 -0.00078605 -0.00337340 0.00077701 0.99999611 -0.00268025 0.00337549 0.00267761 0.99999072
0.99999274 -0.00013336 -0.00380871 0.00012691 0.99999856 -0.00169206 0.00380893 0.00169156 0.99999132
0.99999778 0.00114749 -0.00176519 -0.00114701 0.99999930 0.00027462 0.00176551 -0.00027259 0.99999840
0.99999697 -0.00010540 -0.00246024 0.00010507 0.99999999 -0.00013549 0.00246025 0.00013523 0.99999696
0.99999832 -0.00085436 -0.00162426 0.00085479 0.99999960 0.00026882 0.00162403 -0.00027021 0.99999864
0.99999846 -0.00132792 0.00114532 0.00132813 0.99999910 -0.00018478 -0.00114507 0.00018630 0.99999933
0.99999938 0.00107258 0.00029836 -0.00107245 0.99999933 -0.00043023 -0.00029882 0.00042991 0.99999986
0.99999589 0.00274900 -0.00081288 -0.00274730 0.99999405 0.00208722 0.00081862 -0.00208498 0.99999749
0.99999339 -0.00032561 0.00362096 0.00032874 0.99999957 -0.00086282 -0.00362068 0.00086401 0.99999307
0.99999876 -0.00097706 0.00123439 0.00098735 0.99996450 -0.00836799 -0.00122617 0.00836920 0.99996423
0.99999023 -0.00370853 0.00240753 0.00373882 0.99991234 -0.01270195 -0.00236021 0.01271083 0.99991643
0.99999841 -0.00165961 -0.00064621 0.00165285 0.99994536 -0.01032203 0.00066331 0.01032094 0.99994652
0.99999888 -0.00139812 0.00053548 0.00140090 0.99998530 -0.00523824 -0.00052814 0.00523898 0.99998614
0.99999648 0.00213860 0.00156753 -0.00214012 0.99999724 0.00097018 -0.00156545 -0.00097353 0.99999830
0.99999841 0.00137075 0.00113906 -0.00137037 0.99999900 -0.00033949 -0.00113952 0.00033793 0.99999929
0.99999771 0.00205754 -0.00058109 -0.00205580 0.99999347 0.00297194 0.00058720 -0.00297074 0.99999541
0.99999733 -0.00218756 -0.00074912 0.00219289 0.99997180 0.00718303 0.00073338 -0.00718465 0.99997392
0.99999727 -0.00233530 0.00008818 0.00233480 0.99998286 0.00536935 -0.00010072 -0.00536913 0.99998558
0.99999756 -0.00217918 -0.00037328 0.00218004 0.99999492 0.00232380 0.00036822 -0.00232460 0.99999723
0.99999420 0.00112576 -0.00321312 -0.00112290 0.99999897 0.00089165 0.00321412 -0.00088803 0.99999444
0.99999855 0.00169466 0.00019465 -0.00169402 0.99999341 -0.00321015 -0.00020009 0.00320981 0.99999483
0.99999874 0.00094505 -0.00127551 -0.00094883 0.99999517 -0.00296125 0.00127270 0.00296245 0.99999480
0.99999925 -0.00087711 -0.00085408 0.00087610 0.99999892 -0.00117712 0.00085511 0.00117637 0.99999894
0.99999943 0.00014419 -0.00105990 -0.00014383 0.99999993 0.00033405 0.00105995 -0.00033389 0.99999938
0.99999590 0.00241225 -0.00154508 -0.00241121 0.99999686 0.00067598 0.00154671 -0.00067226 0.99999858
0.99999342 0.00362010 0.00024234 -0.00362035 0.99999293 0.00101481 -0.00023866 -0.00101568 0.99999946
0.99999272 0.00007330 -0.00381588 -0.00007955 0.99999865 -0.00163866 0.00381575 0.00163895 0.99999138
0.99999329 -0.00331492 -0.00155629 0.00331335 0.99999400 -0.00101351 0.00155964 0.00100835 0.99999828
0.99998884 -0.00424016 -0.00208303 0.00424915 0.99998160 0.00432931 0.00206463 -0.00433811 0.99998846
0.99999259 -0.00364882 -0.00122601 0.00365935 0.99995550 0.00869497 0.00119423 -0.00869939 0.99996145
0.99993150 0.00201323 -0.01153007 -0.00191666 0.99996304 0.00838075 0.01154652 -0.00835807 0.99989841
0.99999062 0.00406075 -0.00150611 -0.00404774 0.99995534 0.00854018 0.00154072 -0.00853400 0.99996240
0.99999360 0.00275465 -0.00228110 -0.00274344 0.99998420 0.00490593 0.00229458 -0.00489964 0.99998536
0.99999320 -0.00328006 -0.00168738 0.00328340 0.99999264 0.00198312 0.00168086 -0.00198864 0.99999661
0.99997066 -0.00649830 -0.00405522 0.00649829 0.99997889 -0.00001436 0.00405523 -0.00001199 0.99999178
0.99998586 -0.00269438 -0.00458537 0.00269502 0.99999636 0.00013174 0.00458500 -0.00014409 0.99998948
0.99998964 -0.00051427 -0.00452192 0.00051954 0.99999919 0.00116390 0.00452131 -0.00116623 0.99998910
0.99998482 0.00052545 -0.00548449 -0.00051145 0.99999661 0.00255274 0.00548582 -0.00254989 0.99998170
0.99998855 0.00102169 -0.00467553 -0.00100733 0.99999477 0.00307425 0.00467864 -0.00306951 0.99998434
0.99998772 0.00052970 -0.00492755 -0.00051655 0.99999630 0.00266978 0.00492894 -0.00266720 0.99998430
0.99999631 -0.00095658 -0.00254328 0.00095869 0.99999920 0.00082601 0.00254249 -0.00082845 0.99999642
0.99999054 -0.00197719 -0.00387392 0.00198015 0.99999775 0.00076097 0.00387241 -0.00076864 0.99999221
0.99999466 -0.00108027 -0.00308537 0.00108817 0.99999613 0.00256043 0.00308259 -0.00256378 0.99999196
0.99999601 -0.00005242 -0.00282607 0.00005083 0.99999984 -0.00056154 0.00282610 0.00056139 0.99999585
0.99999845 -0.00154649 -0.00083865 0.00154704 0.99999859 0.00064674 0.00083764 -0.00064804 0.99999944
0.99999385 -0.00287095 -0.00201626 0.00288916 0.99995453 0.00908818 0.00199007 -0.00909395 0.99995667
0.99999741 -0.00139672 -0.00179877 0.00142072 0.99990906 0.01341061 0.00177988 -0.01341313 0.99990846
0.99999848 0.00173126 -0.00022651 -0.00172980 0.99997866 0.00630015 0.00023741 -0.00629975 0.99998013
0.99998962 0.00440699 -0.00115793 -0.00441568 0.99996123 -0.00761839 0.00112431 0.00762342 0.99997031
0.99999858 0.00084759 -0.00145582 -0.00086857 0.99989494 -0.01446935 0.00144341 0.01447059 0.99989425
0.99999630 -0.00271710 0.00015819 0.00271969 0.99980077 -0.01977438 -0.00010443 0.01977473 0.99980446
0.99999392 -0.00311740 -0.00156142 0.00310020 0.99993582 -0.01089689 0.00159529 0.01089198 0.99993941
0.99999869 -0.00151498 0.00056378 0.00151288 0.99999197 0.00371034 -0.00056940 -0.00370948 0.99999296
0.99999582 0.00289257 -0.00000630 -0.00289242 0.99996095 0.00835039 0.00003046 -0.00835034 0.99996513
0.99999254 0.00361684 0.00135783 -0.00362248 0.99998471 0.00417774 -0.00134270 -0.00418263 0.99999035
0.99999990 -0.00010064 0.00043580 0.00010181 0.99999640 -0.00267956 -0.00043553 0.00267961 0.99999632
0.99998915 -0.00460189 0.00072933 0.00460548 0.99997694 -0.00499031 -0.00070635 0.00499361 0.99998728
0.99999345 -0.00334025 0.00139561 0.00334500 0.99998859 -0.00341109 -0.00138420 0.00341574 0.99999321
0.99999679 0.00038558 0.00250334 -0.00038014 0.99999756 -0.00217494 -0.00250418 0.00217398 0.99999450
0.99999709 0.00164947 0.00175899 -0.00165186 0.99999771 0.00135806 -0.00175675 -0.00136096 0.99999753
0.99999432 0.00131030 0.00310603 -0.00130801 0.99999887 -0.00073814 -0.00310699 0.00073407 0.99999490
0.99999542 0.00184355 0.00240032 -0.00183719 0.99999480 -0.00264860 -0.00240519 0.00264417 0.99999361
0.99999439 0.00071144 0.00327237 -0.00071015 0.99999967 -0.00039365 -0.00327265 0.00039133 0.99999457
0.99999183 0.00045959 0.00401671 -0.00045709 0.99999970 -0.00062404 -0.00401700 0.00062220 0.99999174
0.99998476 0.00241201 0.00496544 -0.00241059 0.99999705 -0.00029121 -0.00496612 0.00027924 0.99998763
0.99999343 0.00114337 0.00344108 -0.00114304 0.99999934 -0.00010051 -0.00344119 0.00009657 0.99999407
0.99999477 0.00005203 0.00323368 -0.00005217 1.00000000 0.00004434 -0.00323368 -0.00004451 0.99999477
0.99998856 -0.00038197 0.00476731 0.00037777 0.99999954 0.00088276 -0.00476765 -0.00088095 0.99998825
0.99999569 -0.00110783 0.00271926 0.00110634 0.99999924 0.00055235 -0.00271987 -0.00054934 0.99999615
0.99999490 0.00064652 0.00312815 -0.00064983 0.99999923 0.00105702 -0.00312746 -0.00105905 0.99999455
0.99999697 -0.00053298 0.00240246 0.00052894 0.99999844 0.00168257 -0.00240335 -0.00168130 0.99999570
0.99999734 0.00045966 0.00225922 -0.00045996 0.99999989 0.00013145 -0.00225916 -0.00013249 0.99999744
0.99999656 0.00039453 0.00259345 -0.00039277 0.99999969 -0.00067642 -0.00259372 0.00067540 0.99999641
0.99999844 0.00088815 0.00152790 -0.00088681 0.99999923 -0.00087215 -0.00152867 0.00087079 0.99999845
