1.00000000 0.00000000 0.00000000 0.00000000 1.00000000 0.00000000 0.00000000 0.00000000 1.00000000
0.99999271 -0.00136244 -0.00356644 0.00132540 0.99994537 -0.01036819 0.00358037 0.01036339 0.99993989
0.99999418 0.00024976 -0.00340240 -0.00021450 0.99994633 0.01035816 0.00340480 -0.01035737 0.99994056
0.99999223 0.00187209 -0.00346828 -0.00182919 0.99992232 0.01232916 0.00349109 -0.01232272 0.99991798
0.99999497 0.00172893 -0.00265888 -0.00171867 0.99999108 0.00385711 0.00266553 -0.00385252 0.99998903
0.99999994 0.00008288 -0.00034801 -0.00008397 0.99999505 -0.00314403 0.00034775 0.00314406 0.99999500
0.99999979 0.00049780 0.00040461 -0.00049651 0.99999485 -0.00317037 -0.00040619 0.00317017 0.99999489
0.99999916 0.00094288 0.00089392 -0.00094173 0.99999873 -0.00128959 -0.00089513 0.00128875 0.99999877
0.99999961 0.00088279 0.00006245 -0.00088285 0.99999916 0.00095369 -0.00006161 -0.00095375 0.99999954
0.99999996 -0.00027305 0.00011112 0.00027297 0.99999969 0.00073877 -0.00011133 -0.00073874 0.99999972
0.99999997 0.00023873 0.00006773 -0.00023868 0.99999977 -0.00062843 -0.00006788 0.00062842 0.99999980
0.99999992 0.00016371 -0.00036842 -0.00016412 0.99999938 -0.00110539 0.00036824 0.00110545 0.99999932
0.99999985 0.00016349 -0.00052380 -0.00016388 0.99999972 -0.00073519 0.00052368 0.00073528 0.99999959
0.99999961 0.00074103 -0.00048366 -0.00074086 0.99999967 0.00034798 0.00048392 -0.00034762 0.99999982
0.99999895 0.00142570 0.00025083 -0.00142589 0.99999868 0.00077848 -0.00024972 -0.00077884 0.99999967
0.99999973 0.00072709 -0.00005267 -0.00072711 0.99999966 -0.00039530 0.00005238 0.00039534 0.99999992
0.99999986 0.00038704 0.00037099 -0.00038664 0.99999935 -0.00107010 -0.00037141 0.00106996 0.99999936
0.99999956 0.00093109 0.00014596 -0.00093090 0.99999873 -0.00129049 -0.00014716 0.00129035 0.99999916
0.99999999 0.00011546 -0.00006400 -0.00011549 0.99999990 -0.00042396 0.00006395 0.00042397 0.99999991
0.99999981 0.00000811 -0.00061655 -0.00000799 0.99999998 0.00020781 0.00061655 -0.00020780 0.99999979
0.99999785 -0.00172859 -0.00114654 0.00172850 0.99999850 -0.00008610 0.00114668 0.00008412 0.99999934
0.99999891 0.00048763 -0.00139651 -0.00048773 0.99999988 -0.00006814 0.00139648 0.00006882 0.99999902
0.99999928 -0.00073969 -0.00094932 0.00073958 0.99999972 -0.00012372 0.00094942 0.00012302 0.99999954
0.99999862 -0.00027213 -0.00163748 0.00027188 0.99999995 -0.00014912 0.00163752 0.00014868 0.99999865
0.99999831 -0.00112745 -0.00145462 0.00112794 0.99999931 0.00033542 0.00145424 -0.00033706 0.99999889
0.99999854 -0.00022578 -0.00169396 0.00022644 0.99999990 0.00038683 0.00169387 -0.00038721 0.99999849
0.99999623 0.00138786 -0.00236888 -0.00138469 0.99999814 0.00133915 0.00237074 -0.00133586 0.99999630
0.99999339 0.00203862 -0.00301217 -0.00203618 0.99999760 0.00081284 0.00301382 -0.00080670 0.99999513
0.99999299 0.00015919 -0.00374092 -0.00016414 0.99999911 -0.00132260 0.00374070 0.00132321 0.99999213
0.99998508 0.00196824 -0.00509659 -0.00199233 0.99998685 -0.00472523 0.00508722 0.00473532 0.99997585
0.99998324 0.00083225 -0.00572909 -0.00084684 0.99999640 -0.00254425 0.00572695 0.00254906 0.99998035
0.99997704 -0.00102436 -0.00669783 0.00103849 0.99999724 0.00210676 0.00669565 -0.00211367 0.99997535
0.99998648 0.00082179 -0.00513463 -0.00080480 0.99999420 0.00330963 0.00513732 -0.00330546 0.99998134
0.99999383 0.00040737 -0.00348907 -0.00040345 0.99999929 0.00112461 0.00348952 -0.00112319 0.99999328
0.99999282 0.00295659 -0.00237080 -0.00295755 0.99999555 -0.00039895 0.00236961 0.00040596 0.99999711
0.99999826 0.00172046 -0.00071938 -0.00171992 0.99999824 0.00075109 0.00072067 -0.00074985 0.99999946
0.99999858 0.00167758 0.00013271 -0.00167771 0.99999811 0.00098328 -0.00013106 -0.00098350 0.99999951
0.99999811 0.00173558 0.00087101 -0.00173591 0.99999842 0.00038723 -0.00087033 -0.00038874 0.99999955
0.99999949 0.00040938 0.00091883 -0.00040892 0.99999979 -0.00050435 -0.00091903 0.00050397 0.99999945
0.99999934 0.00007958 0.00114547 -0.00007865 0.99999966 -0.00081529 -0.00114553 0.00081520 0.99999901
0.99999926 -0.00041818 0.00114210 0.00041925 0.99999948 -0.00093173 -0.00114171 0.00093221 0.99999891
0.99999927 0.00004412 0.00120812 -0.00004357 0.99999990 -0.00045039 -0.00120814 0.00045034 0.99999917
0.99999936 0.00026142 0.00109648 -0.00026187 0.99999988 0.00040615 -0.00109637 -0.00040644 0.99999932
0.99999909 0.00027548 0.00131817 -0.00027531 0.99999995 -0.00012855 -0.00131821 0.00012819 0.99999912
0.99999936 0.00004129 0.00112765 -0.00004049 0.99999975 -0.00071167 -0.00112768 0.00071163 0.99999911
0.99999959 0.00051158 0.00074932 -0.00051116 0.99999971 -0.00055650 -0.00074961 0.00055611 0.99999956
0.99999977 0.00019897 0.00064167 -0.00019887 0.99999997 -0.00015146 -0.00064170 0.00015134 0.99999978
0.99999978 0.00050190 0.00042503 -0.00050181 0.99999985 -0.00021507 -0.00042514 0.00021486 0.99999989
0.99999975 0.00067655 0.00020455 -0.00067644 0.99999961 -0.00056187 -0.00020493 0.00056173 0.99999982
0.99999988 0.00023664 0.00043570 -0.00023676 0.99999994 0.00026525 -0.00043564 -0.00026535 0.99999987
0.99999998 0.00017252 0.00006782 -0.00017255 0.99999992 0.00035997 -0.00006776 -0.00035999 0.99999993
0.99999942 0.00102504 0.00033930 -0.00102492 0.99999940 -0.00037437 -0.00033968 0.00037402 0.99999987
0.99999994 -0.00006900 0.00034422 0.00006939 0.99999934 -0.00114353 -0.00034414 0.00114355 0.99999929
0.99999991 0.00008832 -0.00041895 -0.00008805 0.99999978 0.00065442 0.00041901 -0.00065438 0.99999970
0.99999853 -0.00055034 -0.00162570 0.00055199 0.99999933 0.00101460 0.00162514 -0.00101549 0.99999816
0.99999373 -0.00130716 -0.00329066 0.00130754 0.99999914 0.00011220 0.00329051 -0.00011650 0.99999458
0.99998592 -0.00259204 -0.00463098 0.00258602 0.99999581 -0.00130450 0.00463434 0.00129250 0.99998843
0.99997793 -0.00162031 -0.00644369 0.00160736 0.99999668 -0.00201472 0.00644694 0.00200432 0.99997721
0.99997029 -0.00223360 -0.00737790 0.00222568 0.99999694 -0.00108102 0.00738029 0.00106457 0.99997220
0.99997319 0.00030139 -0.00731593 -0.00029039 0.99999883 0.00150329 0.00731637 -0.00150113 0.99997211
0.99998066 0.00147284 -0.00604171 -0.00146163 0.99999720 0.00185970 0.00604443 -0.00185084 0.99998002
0.99998465 0.00341067 -0.00436622 -0.00340891 0.99999411 0.00040937 0.00436759 -0.00039448 0.99999038
0.99999439 0.00211524 -0.00259568 -0.00211882 0.99999681 -0.00137679 0.00259276 0.00138229 0.99999568
0.99999538 0.00286900 -0.00100859 -0.00287171 0.99999225 -0.00269457 0.00100085 0.00269745 0.99999586
0.99999862 0.00161205 0.00039609 -0.00161148 0.99999769 -0.00142203 -0.00039838 0.00142139 0.99999891
0.99999868 -0.00044592 0.00156319 0.00044552 0.99999987 0.00025811 -0.00156330 -0.00025741 0.99999874
0.99999396 0.00071158 0.00340058 -0.00071554 0.99999907 0.00116320 -0.00339975 -0.00116562 0.99999354
0.99998422 0.00027154 0.00561178 -0.00027693 0.99999950 0.00095991 -0.00561152 -0.00096145 0.99998379
0.99997830 0.00257124 0.00606595 -0.00257113 0.99999669 -0.00002610 -0.00606600 0.00001050 0.99998160
0.99996334 0.00027345 0.00855786 -0.00026931 0.99999985 -0.00048570 -0.00855799 0.00048338 0.99996326
0.99995385 0.00244081 0.00929165 -0.00243972 0.99999702 -0.00012893 -0.00929194 0.00010626 0.99995682
0.99993366 0.00283524 0.01116383 -0.00283118 0.99999592 -0.00037925 -0.01116486 0.00034762 0.99993761
0.99994047 0.00181733 0.01075847 -0.00181871 0.99999834 0.00011896 -0.01075823 -0.00013852 0.99994212
0.99994011 0.00151163 0.01083914 -0.00151186 0.99999886 0.00001363 -0.01083911 -0.00003002 0.99994125
0.99994182 0.00164788 0.01066049 -0.00164010 0.99999838 -0.00073916 -0.01066169 0.00072163 0.99994290
0.99994341 0.00066024 0.01061812 -0.00065109 0.99999941 -0.00086502 -0.01061869 0.00085806 0.99994325
0.99996073 -0.00106058 0.00879846 0.00107420 0.99999823 -0.00154286 -0.00879681 0.00155225 0.99996010
0.99997492 -0.00076343 0.00704109 0.00076846 0.99999945 -0.00071196 -0.00704054 0.00071735 0.99997496
0.99998419 -0.00350769 0.00439515 0.00350700 0.99999384 0.00016425 -0.00439570 -0.00014883 0.99999033
0.99999599 -0.00218984 0.00179767 0.00218952 0.99999759 0.00017708 -0.00179805 -0.00017314 0.99999837
0.99999784 -0.00203732 0.00041400 0.00203735 0.99999792 -0.00007599 -0.00041384 0.00007684 0.99999991
0.99999927 0.00010527 -0.00120711 -0.00010393 0.99999938 0.00110822 0.00120722 -0.00110809 0.99999866
0.99999864 -0.00036283 -0.00160633 0.00036274 0.99999993 -0.00005828 0.00160635 0.00005770 0.99999871
0.99999607 0.00066135 -0.00272528 -0.00066423 0.99999922 -0.00105725 0.00272458 0.00105906 0.99999573
0.99999549 0.00035070 -0.00298438 -0.00035509 0.99999885 -0.00147177 0.00298386 0.00147282 0.99999446
0.99999262 0.00040657 -0.00382151 -0.00040959 0.99999960 -0.00078964 0.00382119 0.00079120 0.99999239
0.99999227 -0.00078488 -0.00385224 0.00078427 0.99999968 -0.00015983 0.00385237 0.00015681 0.99999257
0.99999170 -0.00044924 -0.00404992 0.00044923 0.99999990 -0.00000507 0.00404992 0.00000325 0.99999180
0.99999108 0.00056840 -0.00418554 -0.00056617 0.99999970 0.00053384 0.00418585 -0.00053146 0.99999110
0.99999338 0.00077933 -0.00355446 -0.00077918 0.99999970 0.00004325 0.00355449 -0.00004048 0.99999368
0.99999356 0.00135484 -0.00332462 -0.00135229 0.99999879 0.00076776 0.00332566 -0.00076326 0.99999418
0.99999414 0.00197604 -0.00279716 -0.00197220 0.99999711 0.00137440 0.00279987 -0.00136887 0.99999514
0.99999667 0.00195827 -0.00168360 -0.00195760 0.99999801 0.00039634 0.00168437 -0.00039304 0.99999850
0.99999693 0.00191037 -0.00157852 -0.00191176 0.99999779 -0.00087748 0.00157684 0.00088049 0.99999837
0.99999809 -0.00015768 -0.00194959 0.00015570 0.99999947 -0.00101437 0.00194975 0.00101406 0.99999759
0.99999900 -0.00029346 -0.00138524 0.00029378 0.99999993 0.00023129 0.00138517 -0.00023169 0.99999901
0.99999941 0.00053284 -0.00095138 -0.00053217 0.99999961 0.00071102 0.00095176 -0.00071051 0.99999929
0.99999935 0.00042241 -0.00105820 -0.00042141 0.99999947 0.00094450 0.00105860 -0.00094405 0.99999899
0.99999987 0.00013247 -0.00048870 -0.00013219 0.99999983 0.00057253 0.00048878 -0.00057247 0.99999972
0.99999822 0.00188403 -0.00013665 -0.00188391 0.99999788 0.00082758 0.00013821 -0.00082732 0.99999965
0.99999735 0.00230055 0.00011935 -0.00230069 0.99999660 0.00123152 -0.00011652 -0.00123179 0.99999923
0.99999960 0.00088225 -0.00017562 -0.00088233 0.99999951 -0.00044591 0.00017522 0.00044606 0.99999989
0.99999993 0.00033945 0.00013705 -0.00033916 0.99999780 -0.00206768 -0.00013775 0.00206763 0.99999785
0.99999986 -0.00053091 0.00001218 0.00053092 0.99999957 -0.00075691 -0.00001177 0.00075692 0.99999971
0.99999834 -0.00180371 -0.00024732 0.00180367 0.99999836 -0.00014665 0.00024759 0.00014620 0.99999996
0.99999883 -0.00152917 -0.00005215 0.00152923 0.99999816 0.00115519 0.00005038 -0.00115527 0.99999933
0.99999986 -0.00051787 -0.00012510 0.00051804 0.99999889 0.00139358 0.00012438 -0.00139364 0.99999902
0.99999939 -0.00110554 -0.00002726 0.00110555 0.99999916 0.00067000 0.00002652 -0.00067003 0.99999978
0.99999999 0.00003191 -0.00013445 -0.00003179 0.99999961 0.00087871 0.00013448 -0.00087870 0.99999960
0.99999992 -0.00013309 -0.00038321 0.00013320 0.99999995 0.00029344 0.00038317 -0.00029349 0.99999988
0.99999956 -0.00046704 -0.00081893 0.00046736 0.99999981 0.00039207 0.00081874 -0.00039245 0.99999959
0.99999950 -0.00000170 -0.00099871 0.00000216 0.99999989 0.00045833 0.00099870 -0.00045834 0.99999940
0.99999890 -0.00000652 -0.00148460 0.00000740 0.99999982 0.00059797 0.00148460 -0.00059798 0.99999872
0.99999785 0.00108613 -0.00176760 -0.00108548 0.99999934 0.00036736 0.00176800 -0.00036544 0.99999837
0.99999778 -0.00018742 -0.00210090 0.00018661 0.99999991 -0.00038512 0.00210097 0.00038472 0.99999772
0.99999835 -0.00051866 -0.00174093 0.00051874 0.99999986 0.00004194 0.00174091 -0.00004284 0.99999848
0.99999764 0.00074182 -0.00204005 -0.00074118 0.99999968 0.00031350 0.00204028 -0.00031199 0.99999787
0.99999718 0.00144086 -0.00188947 -0.00144098 0.99999896 -0.00006102 0.00188938 0.00006374 0.99999821
0.99999718 0.00098387 -0.00216329 -0.00098322 0.99999947 0.00030144 0.00216358 -0.00029931 0.99999761
0.99999706 0.00116724 -0.00212559 -0.00116849 0.99999914 -0.00059085 0.00212490 0.00059333 0.99999757
0.99999584 0.00211244 -0.00196592 -0.00211257 0.99999777 -0.00006195 0.00196578 0.00006610 0.99999807
0.99999834 0.00141858 -0.00114632 -0.00141963 0.99999858 -0.00090903 0.00114503 0.00091066 0.99999893
0.99999771 0.00183020 -0.00111239 -0.00183193 0.99999712 -0.00155182 0.00110954 0.00155386 0.99999818
0.99999879 0.00148972 -0.00043716 -0.00149000 0.99999869 -0.00063156 0.00043622 0.00063221 0.99999971
0.99999873 0.00159337 0.00000766 -0.00159338 0.99999866 0.00037909 -0.00000706 -0.00037910 0.99999993
0.99999979 0.00060786 -0.00022825 -0.00060726 0.99999641 0.00261029 0.00022983 -0.00261015 0.99999657
0.99999709 0.00226354 0.00083006 -0.00226510 0.99999567 0.00187625 -0.00082581 -0.00187812 0.99999790
0.99999315 0.00330744 0.00166245 -0.00331082 0.99999246 0.00203029 -0.00165572 -0.00203578 0.99999656
0.99999214 0.00204289 0.00339747 -0.00205203 0.99999428 0.00268941 -0.00339196 -0.00269636 0.99999061
0.99998998 0.00178499 0.00410645 -0.00179418 0.99999589 0.00223449 -0.00410245 -0.00224184 0.99998907
0.99998551 0.00271503 0.00464948 -0.00272330 0.99999472 0.00177253 -0.00464464 -0.00178516 0.99998762
0.99998079 0.00254574 0.00565109 -0.00254574 0.99999676 -0.00000808 -0.00565110 -0.00000631 0.99998403
0.99997405 0.00166010 0.00701007 -0.00165423 0.99999828 -0.00084303 -0.00701145 0.00083141 0.99997507
0.99997641 -0.00019374 0.00686647 0.00019513 0.99999996 -0.00020174 -0.00686643 0.00020307 0.99997641
0.99996208 0.00076815 0.00867478 -0.00075442 0.99999846 -0.00158568 -0.00867598 0.00157907 0.99996112
0.99995933 0.00129242 0.00892589 -0.00128195 0.99999848 -0.00117909 -0.00892740 0.00116760 0.99995947
0.99995309 0.00020528 0.00968361 -0.00021274 0.99999968 0.00076918 -0.00968344 -0.00077121 0.99995282
0.99995634 0.00249929 0.00900429 -0.00250778 0.99999642 0.00093184 -0.00900192 -0.00095438 0.99995903
0.99994357 0.00065648 0.01060293 -0.00065511 0.99999978 -0.00013329 -0.01060302 0.00012633 0.99994378
0.99992822 0.00282890 0.01164267 -0.00282283 0.99999587 -0.00053786 -0.01164414 0.00050496 0.99993208
0.99988254 -0.00106581 0.01528975 0.00104550 0.99999856 0.00133684 -0.01529115 -0.00132069 0.99988221
0.99986876 0.00042061 0.01619504 -0.00045374 0.99999781 0.00204209 -0.01619415 -0.00204917 0.99986677
0.99983036 0.00039650 0.01841443 -0.00040184 0.99999988 0.00028605 -0.01841432 -0.00029340 0.99983040
0.99975078 0.00274852 0.02215456 -0.00270225 0.99999411 -0.00211822 -0.02216025 0.00205782 0.99975231
0.99961874 0.00830696 0.02633209 -0.00825136 0.99996349 -0.00221927 -0.02634956 0.00200115 0.99965079
0.99959899 0.00623079 0.02762303 -0.00608597 0.99996731 -0.00532353 -0.02765530 0.00515329 0.99960424
0.99951319 0.00091764 0.03118558 -0.00056505 0.99993585 -0.01131305 -0.03119396 0.01128992 0.99944959
0.99943249 -0.00439593 0.03339722 0.00484917 0.99989708 -0.01350235 -0.03333442 0.01365664 0.99935095
0.99937349 -0.00399906 0.03516574 0.00450013 0.99988931 -0.01418128 -0.03510513 0.01433064 0.99928087
0.99933227 -0.00175137 0.03649589 0.00203823 0.99996731 -0.00782442 -0.03648100 0.00789358 0.99930317
0.99919953 0.00255184 0.03992217 -0.00248255 0.99999533 -0.00178509 -0.03992654 0.00168455 0.99920120
0.99905302 0.00621470 0.04306330 -0.00619634 0.99998065 -0.00055969 -0.04306595 0.00029232 0.99907219
0.99904075 0.00229103 0.04373023 -0.00219962 0.99999529 -0.00213840 -0.04373492 0.00204016 0.99904109
0.99893337 -0.00630311 0.04574269 0.00616095 0.99997575 0.00324803 -0.04576205 -0.00296275 0.99894798
0.99871563 -0.00703256 0.05017597 0.00658534 0.99993716 0.00907282 -0.05023663 -0.00873074 0.99869918
0.99860117 -0.00235062 0.05282211 0.00187603 0.99995745 0.00903241 -0.05284110 -0.00892068 0.99856309
0.99831177 0.00301733 0.05800436 -0.00334497 0.99997899 0.00555220 -0.05798639 -0.00573684 0.99830089
0.99799338 0.00541598 0.06308633 -0.00560531 0.99998030 0.00282457 -0.06306979 -0.00317252 0.99800408
0.99779276 0.00288285 0.06634224 -0.00325164 0.99997985 0.00545153 -0.06632519 -0.00565522 0.99778203
0.99751777 -0.00055031 0.07041304 -0.00016588 0.99994832 0.01016509 -0.07041500 -0.01015154 0.99746613
0.99738739 -0.00446625 0.07210026 0.00367853 0.99993213 0.01105440 -0.07214473 -0.01076029 0.99733613
0.99740999 -0.00560517 0.07170699 0.00500429 0.99995087 0.00855669 -0.07175143 -0.00817568 0.99738904
0.99733118 -0.00156728 0.07299363 0.00130495 0.99999252 0.00364141 -0.07299879 -0.00353644 0.99732576
0.99723128 -0.00042335 0.07436124 0.00013030 0.99999221 0.00394569 -0.07436233 -0.00392507 0.99722356
0.99727347 0.00080874 0.07379003 -0.00115222 0.99998870 0.00461235 -0.07378546 -0.00468479 0.99726313
0.99734778 -0.00153942 0.07276696 0.00121999 0.99998943 0.00443400 -0.07277302 -0.00433346 0.99733911
0.99753045 0.00218504 0.07020135 -0.00233986 0.99999501 0.00212312 -0.07019636 -0.00228214 0.99753058
0.99786739 0.00016944 0.06527363 -0.00013539 0.99999985 -0.00052601 -0.06527371 0.00051605 0.99786726
0.99821100 0.00081639 0.05978411 -0.00072163 0.99999845 -0.00160661 -0.05978533 0.00156059 0.99821004
0.99836583 -0.00221316 0.05710324 0.00220523 0.99999755 0.00020181 -0.05710355 -0.00007555 0.99836826
0.99855666 -0.00450714 0.05351899 0.00437941 0.99998728 0.00250375 -0.05352960 -0.00226575 0.99856369
0.99882548 -0.00468837 0.04822520 0.00441552 0.99997365 0.00576279 -0.04825095 -0.00554308 0.99881986
0.99906267 0.00138057 0.04326518 -0.00170958 0.99996990 0.00756842 -0.04325343 -0.00763529 0.99903496
0.99920521 0.00356623 0.03970172 -0.00389512 0.99995871 0.00820990 -0.03967080 -0.00835802 0.99917785
0.99935166 0.00739110 0.03523677 -0.00763122 0.99994854 0.00668478 -0.03518554 -0.00694935 0.99935664
0.99954038 -0.00022701 0.03031449 0.00026674 0.99999911 -0.00130655 -0.03031417 0.00131404 0.99953956
0.99965411 -0.00267623 0.02616303 0.00289043 0.99996259 -0.00815291 -0.02614024 0.00822571 0.99962444
0.99973825 -0.00604384 0.02206593 0.00631636 0.99990438 -0.01230151 -0.02198947 0.01243767 0.99968083
0.99984273 -0.00055327 0.01772591 0.00080735 0.99989700 -0.01432958 -0.01771616 0.01434164 0.99974019
0.99987559 0.00213214 0.01562859 -0.00193761 0.99992060 -0.01245164 -0.01565390 0.01241981 0.99980033
0.99990058 0.00629072 0.01261932 -0.00619166 0.99994983 -0.00787345 -0.01266822 0.00779454 0.99988937
0.99994353 0.00198783 0.01043924 -0.00201331 0.99999502 0.00243103 -0.01043436 -0.00245191 0.99994255
0.99995656 -0.00226065 0.00904231 0.00218947 0.99996660 0.00787495 -0.00905981 -0.00785481 0.99992811
0.99996293 -0.00311378 0.00802750 0.00307834 0.99998548 0.00442388 -0.00804116 -0.00439901 0.99995799
0.99997584 -0.00229034 0.00656334 0.00229757 0.99999676 -0.00109464 -0.00656081 0.00110969 0.99997786
0.99998734 0.00068477 0.00498428 -0.00066280 0.99999006 -0.00440808 -0.00498725 0.00440472 0.99997786
0.99998900 0.00157525 0.00441780 -0.00156390 0.99999547 -0.00257142 -0.00442183 0.00256448 0.99998694
0.99999424 0.00114571 0.00319394 -0.00114314 0.99999902 -0.00080725 -0.00319486 0.00080359 0.99999457
0.99999543 -0.00184999 0.00238932 0.00185032 0.99999828 -0.00013627 -0.00238906 0.00014069 0.99999714
0.99999622 -0.00247596 0.00119436 0.00247585 0.99999693 0.00010050 -0.00119461 -0.00009754 0.99999928
0.99999989 0.00021128 0.00042414 -0.00021132 0.99999997 0.00009848 -0.00042412 -0.00009857 0.99999991
0.99999837 0.00179956 -0.00015959 -0.00179955 0.99999838 0.00005828 0.00015969 -0.00005799 0.99999999
0.99999944 0.00054159 -0.00090848 -0.00054139 0.99999983 0.00021986 0.00090860 -0.00021937 0.99999956
0.99999920 -0.00016452 -0.00125757 0.00016465 0.99999998 0.00010431 0.00125756 -0.00010452 0.99999920
0.99999929 -0.00042274 -0.00111221 0.00042274 0.99999991 -0.00000606 0.00111221 0.00000559 0.99999938
0.99999837 0.00073915 -0.00164811 -0.00073847 0.99999964 0.00041314 0.00164842 -0.00041192 0.99999856
0.99999847 0.00059826 -0.00164402 -0.00059656 0.99999929 0.00103569 0.00164464 -0.00103471 0.99999811
0.99999821 0.00104173 -0.00158202 -0.00103789 0.99999651 0.00242881 0.00158455 -0.00242716 0.99999580
0.99999877 -0.00011773 -0.00156695 0.00012182 0.99999658 0.00261187 0.00156664 -0.00261205 0.99999536
0.99999621 -0.00120943 -0.00247335 0.00121177 0.99999882 0.00094475 0.00247220 -0.00094775 0.99999649
0.99999547 0.00040417 -0.00298175 -0.00040418 0.99999992 -0.00000226 0.00298175 0.00000347 0.99999555
0.99999632 0.00076342 -0.00260476 -0.00076479 0.99999957 -0.00052542 0.00260436 0.00052741 0.99999647
0.99999540 0.00177010 -0.00246154 -0.00177404 0.99999715 -0.00159960 0.00245870 0.00160396 0.99999569
0.99999730 0.00069803 -0.00221584 -0.00070313 0.99999711 -0.00230064 0.00221422 0.00230219 0.99999490
0.99999593 -0.00133433 -0.00252034 0.00133202 0.99999869 -0.00091860 0.00252156 0.00091524 0.99999640
0.99999440 -0.00144752 -0.00301844 0.00145280 0.99999742 0.00174766 0.00301590 -0.00175204 0.99999392
0.99999508 -0.00007541 -0.00313655 0.00008142 0.99999816 0.00191450 0.00313640 -0.00191474 0.99999325
0.99999505 0.00067270 -0.00307370 -0.00066982 0.99999934 0.00093651 0.00307433 -0.00093445 0.99999484
0.99999080 0.00049261 -0.00426134 -0.00049260 0.99999988 0.00000415 0.00426134 -0.00000206 0.99999092
0.99998567 0.00091963 -0.00527465 -0.00092332 0.99999933 -0.00069726 0.00527401 0.00070212 0.99998585
0.99998723 0.00108349 -0.00493630 -0.00108815 0.99999896 -0.00094137 0.00493527 0.00094672 0.99998737
0.99999220 0.00142938 -0.00368212 -0.00142923 0.99999898 0.00004315 0.00368218 -0.00003788 0.99999322
0.99999684 0.00030297 -0.00249569 -0.00030233 0.99999992 0.00025694 0.00249577 -0.00025618 0.99999685
0.99999766 -0.00035979 -0.00213420 0.00035853 0.99999976 -0.00059245 0.00213441 0.00059168 0.99999755
0.99999829 0.00044341 -0.00179453 -0.00044510 0.99999946 -0.00093981 0.00179411 0.00094060 0.99999795
0.99999770 0.00146692 -0.00156342 -0.00146845 0.99999845 -0.00097533 0.00156199 0.00097763 0.99999830
0.99999671 0.00253858 -0.00036575 -0.00253964 0.99999249 -0.00292777 0.00035832 0.00292869 0.99999565
0.99999628 0.00174187 0.00209922 -0.00173627 0.99999493 -0.00266888 -0.00210385 0.00266523 0.99999424
0.99999395 -0.00000227 0.00347792 0.00000573 0.99999951 -0.00099423 -0.00347791 0.00099425 0.99999346
0.99999316 -0.00138995 0.00342730 0.00138761 0.99999880 0.00068635 -0.00342825 -0.00068159 0.99999389
0.99999409 -0.00174849 0.00296055 0.00174667 0.99999828 0.00061873 -0.00296163 -0.00061356 0.99999543
0.99999811 -0.00098890 0.00167688 0.00098852 0.99999949 0.00022730 -0.00167710 -0.00022565 0.99999857
0.99999982 -0.00011786 -0.00058834 0.00011795 0.99999998 0.00014637 0.00058832 -0.00014644 0.99999982
0.99999621 0.00145578 -0.00233625 -0.00145636 0.99999891 -0.00024651 0.00233589 0.00024991 0.99999724
0.99999226 0.00137669 -0.00368683 -0.00138293 0.99999762 -0.00168933 0.00368450 0.00169442 0.99999178
0.99998766 0.00076878 -0.00490875 -0.00078575 0.99999372 -0.00345593 0.00490606 0.00345975 0.99998198
0.99998184 -0.00011897 -0.00602532 0.00008385 0.99998301 -0.00582873 0.00602591 0.00582812 0.99996486
0.99997192 -0.00063384 -0.00746762 0.00059994 0.99998951 -0.00454025 0.00747042 0.00453564 0.99996181
0.99995601 -0.00042803 -0.00937024 0.00041109 0.99999828 -0.00180970 0.00937100 0.00180577 0.99995446
0.99994662 0.00054745 -0.01031797 -0.00054191 0.99999971 0.00053971 0.01031826 -0.00053409 0.99994662
0.99993761 0.00136446 -0.01108674 -0.00135875 0.99999894 0.00052258 0.01108744 -0.00050749 0.99993840
0.99993690 0.00054169 -0.01122065 -0.00053500 0.99999968 0.00059944 0.01122097 -0.00059340 0.99993687
0.99993782 0.00057904 -0.01113610 -0.00057511 0.99999977 0.00035597 0.01113630 -0.00034954 0.99993793
0.99994479 0.00086578 -0.01047267 -0.00086453 0.99999962 0.00012458 0.01047278 -0.00011552 0.99994515
0.99995449 0.00126030 -0.00945642 -0.00125660 0.99999913 0.00039744 0.00945691 -0.00038554 0.99995521
0.99997100 0.00094915 -0.00755592 -0.00094288 0.99999921 0.00083353 0.00755671 -0.00082638 0.99997111
0.99998588 0.00078860 -0.00525476 -0.00078978 0.99999966 -0.00022292 0.00525458 0.00022707 0.99998617
0.99999188 0.00210824 -0.00343318 -0.00210588 0.99999754 0.00069131 0.00343463 -0.00068407 0.99999387
0.99999637 0.00239162 -0.00124379 -0.00239135 0.99999712 0.00021594 0.00124431 -0.00021296 0.99999920
0.99999972 0.00055680 0.00049732 -0.00055750 0.99999885 0.00141040 -0.00049654 -0.00141067 0.99999888
0.99999894 0.00063436 0.00131326 -0.00063681 0.99999805 0.00187045 -0.00131207 -0.00187129 0.99999739
0.99999727 -0.00026608 0.00232027 0.00026695 0.99999990 -0.00037191 -0.00232017 0.00037252 0.99999724
0.99999750 0.00069558 0.00212434 -0.00069262 0.99999879 -0.00139404 -0.00212531 0.00139257 0.99999677
0.99999801 -0.00018232 0.00198861 0.00018519 0.99999894 -0.00144333 -0.00198834 0.00144370 0.99999698
0.99999796 0.00051141 0.00195160 -0.00051017 0.99999967 -0.00063391 -0.00195193 0.00063291 0.99999789
0.99999786 -0.00006750 0.00206784 0.00006867 0.99999984 -0.00056702 -0.00206780 0.00056716 0.99999770
0.99999862 0.00022378 0.00164405 -0.00022434 0.99999992 0.00033842 -0.00164397 -0.00033879 0.99999859
0.99999844 0.00066493 0.00163468 -0.00066530 0.99999975 0.00022588 -0.00163453 -0.00022696 0.99999864
0.99999829 0.00044963 0.00179636 -0.00044776 0.99999936 -0.00103821 -0.00179683 0.00103741 0.99999785
0.99999875 0.00044289 0.00151650 -0.00044163 0.99999956 -0.00082928 -0.00151686 0.00082861 0.99999851
0.99999910 0.00041123 0.00127503 -0.00041018 0.99999958 -0.00082005 -0.00127537 0.00081952 0.99999885
0.99999953 -0.00007223 0.00097171 0.00007060 0.99999860 0.00167436 -0.00097183 -0.00167429 0.99999813
0.99999926 -0.00091365 0.00080148 0.00091109 0.99999448 0.00319604 -0.00080440 -0.00319531 0.99999457
0.99999818 0.00148096 0.00120162 -0.00148612 0.99998963 0.00430550 -0.00119523 -0.00430728 0.99999001
0.99999901 -0.00089519 0.00108959 0.00089392 0.99999893 0.00115843 -0.00109063 -0.00115746 0.99999874
0.99999989 -0.00045255 0.00007882 0.00045253 0.99999988 0.00020367 -0.00007891 -0.00020363 0.99999998
0.99999949 0.00093490 -0.00038920 -0.00093610 0.99999483 -0.00307659 0.00038633 0.00307696 0.99999519
0.99999961 0.00019855 -0.00086070 -0.00019955 0.99999930 -0.00116342 0.00086047 0.00116359 0.99999895
0.99999929 0.00016397 -0.00117889 -0.00016573 0.99999887 -0.00149506 0.00117864 0.00149526 0.99999819
0.99999766 0.00176982 -0.00124536 -0.00176746 0.99999665 0.00188958 0.00124870 -0.00188738 0.99999744
0.99999819 0.00060167 -0.00180662 -0.00060272 0.99999965 -0.00058035 0.00180627 0.00058144 0.99999820
0.99999576 0.00068172 -0.00283052 -0.00068493 0.99999912 -0.00113559 0.00282974 0.00113753 0.99999535
0.99999380 -0.00086453 -0.00341287 0.00085993 0.99999872 -0.00134618 0.00341403 0.00134323 0.99999327
0.99999168 -0.00083992 -0.00399115 0.00084294 0.99999936 0.00075443 0.00399051 -0.00075779 0.99999175
0.99999118 0.00060875 -0.00415591 -0.00060422 0.99999922 0.00109282 0.00415657 -0.00109030 0.99999077
0.99998804 0.00169895 -0.00458583 -0.00170108 0.99999845 -0.00046103 0.00458504 0.00046883 0.99998938
0.99998998 0.00091278 -0.00438246 -0.00092104 0.99999780 -0.00188408 0.00438073 0.00188809 0.99998862
0.99998979 0.00069938 -0.00446532 -0.00070338 0.99999935 -0.00089503 0.00446470 0.00089817 0.99998963
0.99999012 0.00132580 -0.00424320 -0.00132135 0.99999857 0.00105088 0.00424458 -0.00104526 0.99999045
0.99999293 0.00094037 -0.00364011 -0.00093591 0.99999881 0.00122506 0.00364126 -0.00122165 0.99999262
0.99999381 0.00046438 -0.00348893 -0.00045980 0.99999904 0.00131084 0.00348954 -0.00130923 0.99999305
0.99999216 0.00073987 -0.00388923 -0.00073834 0.99999965 0.00039479 0.00388952 -0.00039192 0.99999236
0.99999151 -0.00017402 -0.00411712 0.00017690 0.99999974 0.00069919 0.00411700 -0.00069991 0.99999128
0.99999173 -0.00043875 -0.00404430 0.00043761 0.99999986 -0.00028285 0.00404442 0.00028108 0.99999178
0.99999173 -0.00038465 -0.00404791 0.00038060 0.99999943 -0.00099992 0.00404829 0.00099837 0.99999131
0.99999190 0.00034964 -0.00400975 -0.00034721 0.99999976 0.00060639 0.00400996 -0.00060500 0.99999178
0.99999170 0.00016393 -0.00407220 -0.00015822 0.99999900 0.00140182 0.00407243 -0.00140117 0.99999073
0.99999105 0.00123588 -0.00404597 -0.00123302 0.99999899 0.00070955 0.00404684 -0.00070455 0.99999156
0.99999223 0.00021476 -0.00393706 -0.00021892 0.99999942 -0.00105513 0.00393683 0.00105598 0.99999169
0.99999214 0.00054987 -0.00392779 -0.00055421 0.99999924 -0.00110454 0.00392718 0.00110671 0.99999168
0.99999144 -0.00025605 -0.00413036 0.00024908 0.99999855 -0.00168683 0.00413079 0.00168579 0.99999005
0.99998921 -0.00060834 -0.00460619 0.00060430 0.99999943 -0.00087895 0.00460672 0.00087616 0.99998901
0.99998672 -0.00084151 -0.00508518 0.00084596 0.99999926 0.00087280 0.00508444 -0.00087709 0.99998669
0.99998365 -0.00021059 -0.00571398 0.00022529 0.99999667 0.00257064 0.00571342 -0.00257189 0.99998037
0.99997913 -0.00100807 -0.00638222 0.00101965 0.99999784 0.00181138 0.00638038 -0.00181785 0.99997799
0.99997759 -0.00036886 -0.00668454 0.00037133 0.99999986 0.00036866 0.00668440 -0.00037113 0.99997759
0.99997746 0.00083909 -0.00666218 -0.00084503 0.99999925 -0.00088943 0.00666142 0.00089504 0.99997741
0.99997878 0.00113630 -0.00641541 -0.00114814 0.99999764 -0.00184255 0.00641330 0.00184988 0.99997772
0.99997888 0.00210484 -0.00614971 -0.00210755 0.99999768 -0.00043487 0.00614878 0.00044782 0.99998100
0.99998111 0.00253245 -0.00560099 -0.00252949 0.99999666 0.00053465 0.00560232 -0.00052047 0.99998417
0.99998403 0.00225860 -0.00518020 -0.00225331 0.99999694 0.00102592 0.00518250 -0.00101423 0.99998606
0.99998573 0.00177670 -0.00503777 -0.00178498 0.99999706 -0.00163923 0.00503484 0.00164820 0.99998597
0.99999012 0.00013513 -0.00444342 -0.00013858 0.99999969 -0.00077744 0.00444332 0.00077805 0.99998983
0.99999115 -0.00054046 -0.00417238 0.00053735 0.99999958 -0.00074763 0.00417278 0.00074538 0.99999102
0.99999468 -0.00057002 -0.00321128 0.00056993 0.99999984 -0.00002972 0.00321129 0.00002789 0.99999484
0.99999489 -0.00064590 -0.00313153 0.00064216 0.99999908 -0.00119590 0.00313230 0.00119389 0.99999438
0.99999609 -0.00004364 -0.00279765 0.00004563 0.99999975 0.00071015 0.00279762 -0.00071028 0.99999583
0.99999621 -0.00003857 -0.00275310 0.00004112 0.99999957 0.00092447 0.00275307 -0.00092458 0.99999578
0.99999650 0.00091673 -0.00248179 -0.00091614 0.99999955 0.00023898 0.00248201 -0.00023671 0.99999689
0.99999719 0.00052228 -0.00231258 -0.00052504 0.99999915 -0.00119162 0.00231196 0.00119283 0.99999662
0.99999722 0.00030040 -0.00234033 -0.00030233 0.99999961 -0.00082572 0.00234008 0.00082643 0.99999692
0.99999652 0.00125941 -0.00231743 -0.00125870 0.99999916 0.00030786 0.00231782 -0.00030494 0.99999727
0.99999771 -0.00004434 -0.00213841 0.00004675 0.99999936 0.00112996 0.00213835 -0.00113006 0.99999708
0.99999782 -0.00005098 -0.00208890 0.00005399 0.99999896 0.00144174 0.00208883 -0.00144185 0.99999678
0.99999785 0.00002429 -0.00207196 -0.00002303 0.99999981 0.00061167 0.00207198 -0.00061162 0.99999767
0.99999847 -0.00082451 -0.00154057 0.00082587 0.99999927 0.00088354 0.00153984 -0.00088481 0.99999842
0.99999718 0.00113368 -0.00208556 -0.00113169 0.99999890 0.00095631 0.00208664 -0.00095394 0.99999737
0.99999812 0.00102985 -0.00164345 -0.00102898 0.99999933 0.00052770 0.00164400 -0.00052601 0.99999851
0.99999733 0.00089405 -0.00213023 -0.00089647 0.99999895 -0.00113554 0.00212921 0.00113745 0.99999709
0.99999808 0.00079841 -0.00178785 -0.00080198 0.99999769 -0.00199502 0.00178625 0.00199645 0.99999641
0.99999753 0.00158802 -0.00155265 -0.00159073 0.99999722 -0.00174338 0.00154987 0.00174585 0.99999727
0.99999804 0.00091377 -0.00175831 -0.00091527 0.99999922 -0.00085364 0.00175753 0.00085525 0.99999809
0.99999807 0.00114124 -0.00159944 -0.00114149 0.99999934 -0.00015615 0.00159926 0.00015797 0.99999871
0.99999778 0.00088553 -0.00191383 -0.00088294 0.99999869 0.00135552 0.00191503 -0.00135383 0.99999725
0.99999610 -0.00217324 -0.00175250 0.00218121 0.99998723 0.00455833 0.00174257 -0.00456214 0.99998808
0.99999690 0.00085196 -0.00233952 -0.00084438 0.99999440 0.00323895 0.00234227 -0.00323696 0.99999202
0.99999561 0.00116054 -0.00272642 -0.00115559 0.99999769 0.00181305 0.00272852 -0.00180989 0.99999464
0.99999304 0.00223043 -0.00299169 -0.00223280 0.99999719 -0.00079033 0.00298992 0.00079700 0.99999521
0.99999582 -0.00082066 -0.00277290 0.00081254 0.99999538 -0.00292828 0.00277529 0.00292602 0.99999187
0.99999668 0.00086465 -0.00242563 -0.00086844 0.99999840 -0.00156391 0.00242428 0.00156601 0.99999584
0.99999648 0.00142560 -0.00223618 -0.00142463 0.99999889 0.00043345 0.00223679 -0.00043027 0.99999741
0.99999640 0.00126159 -0.00236738 -0.00126013 0.99999901 0.00061845 0.00236816 -0.00061546 0.99999701
0.99999743 -0.00012303 -0.00226590 0.00012459 0.99999975 0.00068944 0.00226581 -0.00068972 0.99999720
0.99999915 -0.00012415 -0.00129443 0.00012367 0.99999992 -0.00037099 0.00129448 0.00037083 0.99999909
0.99999791 0.00132439 -0.00155651 -0.00132501 0.99999904 -0.00039560 0.00155598 0.00039766 0.99999871
0.99999401 0.00317415 -0.00138000 -0.00317289 0.99999455 0.00090990 0.00138289 -0.00090552 0.99999863
0.99999827 0.00114660 -0.00146391 -0.00114618 0.99999930 0.00028344 0.00146423 -0.00028176 0.99999889
0.99999786 0.00032301 -0.00204546 -0.00034132 0.99995983 -0.00895715 0.00204249 0.00895783 0.99995779
0.99999608 -0.00250672 -0.00124969 0.00249031 0.99991280 -0.01296884 0.00128209 0.01296568 0.99991512
0.99999893 -0.00110922 -0.00095825 0.00109945 0.99994803 -0.01013506 0.00096944 0.01013399 0.99994818
0.99999955 0.00007780 -0.00094431 -0.00008174 0.99999126 -0.00418044 0.00094398 0.00418051 0.99999082
0.99999412 0.00315301 -0.00134587 -0.00315248 0.99999495 0.00040094 0.00134713 -0.00039669 0.99999901
0.99999731 0.00210566 -0.00097704 -0.00210633 0.99999755 -0.00068591 0.00097559 0.00068796 0.99999929
0.99999725 0.00200277 -0.00121827 -0.00199881 0.99999273 0.00324624 0.00122476 -0.00324379 0.99999399
0.99999670 -0.00204358 -0.00155844 0.00205628 0.99996434 0.00819030 0.00154165 -0.00819348 0.99996524
0.99999850 -0.00082977 -0.00152320 0.00084006 0.99997675 0.00676759 0.00151755 -0.00676886 0.99997594
0.99999819 -0.00173287 -0.00078981 0.00173511 0.99999446 0.00283999 0.00078488 -0.00284136 0.99999566
0.99999837 0.00139734 -0.00114360 -0.00139748 0.99999902 -0.00012211 0.00114343 0.00012371 0.99999934
0.99999839 0.00130712 -0.00122558 -0.00131117 0.99999367 -0.00330893 0.00122125 0.00331053 0.99999377
0.99999812 0.00141069 -0.00132921 -0.00141454 0.99999479 -0.00290023 0.00132512 0.00290210 0.99999491
0.99999978 -0.00010786 -0.00064973 0.00010709 0.99999929 -0.00119018 0.00064985 0.00119011 0.99999908
0.99999897 -0.00052142 -0.00134067 0.00052208 0.99999974 0.00048969 0.00134042 -0.00049039 0.99999898
0.99999313 0.00346569 -0.00131187 -0.00346393 0.99999310 0.00134342 0.00131652 -0.00133887 0.99999824
0.99999165 0.00385932 -0.00134078 -0.00385909 0.99999254 0.00017494 0.00134144 -0.00016976 0.99999909
0.99999726 0.00153988 -0.00176309 -0.00154135 0.99999846 -0.00083572 0.00176180 0.00083844 0.99999810
0.99999500 -0.00259551 -0.00180412 0.00259576 0.99999662 0.00013973 0.00180375 -0.00014442 0.99999836
0.99998836 -0.00438510 -0.00201459 0.00439308 0.99998246 0.00397369 0.00199713 -0.00398249 0.99999008
0.99999386 -0.00254943 -0.00240350 0.00256925 0.99996242 0.00828000 0.00238230 -0.00828612 0.99996283
0.99999662 0.00169949 -0.00196583 -0.00168301 0.99996368 0.00835514 0.00197996 -0.00835181 0.99996316
0.99998851 0.00432469 -0.00206582 -0.00430745 0.99995647 0.00827622 0.00210152 -0.00826723 0.99996362
0.99999350 0.00170348 -0.00317683 -0.00168600 0.99998348 0.00549539 0.00318614 -0.00549000 0.99997985
0.99998951 -0.00310959 -0.00336350 0.00311531 0.99999371 0.00169768 0.00335820 -0.00170814 0.99999290
0.99998716 -0.00400011 -0.00311123 0.00399702 0.99999151 -0.00099959 0.00311521 0.00098714 0.99999466
0.99998854 -0.00295144 -0.00376893 0.00295169 0.99999564 0.00006216 0.00376873 -0.00007328 0.99999290
0.99998722 -0.00128916 -0.00488876 0.00129081 0.99999911 0.00033591 0.00488832 -0.00034222 0.99998799
0.99998630 0.00068925 -0.00518951 -0.00067616 0.99999659 0.00252400 0.00519123 -0.00252046 0.99998335
0.99998754 0.00179900 -0.00465648 -0.00178550 0.99999419 0.00290241 0.00466167 -0.00289406 0.99998495
0.99998847 0.00130888 -0.00462091 -0.00129628 0.99999544 0.00272864 0.00462446 -0.00272262 0.99998560
0.99998916 -0.00219172 -0.00410882 0.00219415 0.99999742 0.00058728 0.00410752 -0.00059628 0.99999139
0.99999326 -0.00099705 -0.00353329 0.00099744 0.99999950 0.00010983 0.00353318 -0.00011335 0.99999375
0.99999487 0.00120602 -0.00296732 -0.00120058 0.99999760 0.00183410 0.00296952 -0.00183053 0.99999392
0.99999605 0.00165386 -0.00227459 -0.00165537 0.99999841 -0.00066185 0.00227349 0.00066561 0.99999719
0.99999762 -0.00126497 -0.00177791 0.00126593 0.99999905 0.00054104 0.00177722 -0.00054329 0.99999827
0.99999351 -0.00251431 -0.00258153 0.00253643 0.99995979 0.00860199 0.00255980 -0.00860848 0.99995967
0.99999840 -0.00036933 -0.00174921 0.00039243 0.99991250 0.01322240 0.00174417 -0.01322307 0.99991105
0.99998473 0.00549930 -0.00055421 -0.00549703 0.99997685 0.00400914 0.00057624 -0.00400603 0.99999181
0.99999085 0.00403932 -0.00140715 -0.00404859 0.99996971 -0.00664802 0.00138025 0.00665366 0.99997691
0.99999806 0.00057324 -0.00188200 -0.00060025 0.99989637 -0.01438372 0.00187356 0.01438482 0.99989478
0.99999677 -0.00253715 0.00017035 0.00254001 0.99980324 -0.01967304 -0.00012040 0.01967341 0.99980645
0.99999897 -0.00143587 0.00005192 0.00143635 0.99994148 -0.01072297 -0.00003652 0.01072303 0.99994251
0.99999865 -0.00156498 -0.00050098 0.00156718 0.99998902 0.00441595 0.00049407 -0.00441673 0.99999012
0.99999809 0.00192904 0.00030096 -0.00193148 0.99996361 0.00830975 -0.00028492 -0.00831032 0.99996543
0.99999393 0.00332289 0.00104917 -0.00332739 0.99998513 0.00432077 -0.00103480 -0.00432423 0.99999012
0.99999811 0.00150766 0.00122427 -0.00150378 0.99999385 -0.00316967 -0.00122904 0.00316783 0.99999423
0.99999546 -0.00282256 0.00105941 0.00282723 0.99998615 -0.00443983 -0.00104686 0.00444280 0.99998958
0.99999763 -0.00133075 0.00172439 0.00133773 0.99999089 -0.00405226 -0.00171898 0.00405456 0.99999030
0.99999784 0.00085188 0.00189402 -0.00084827 0.99999782 -0.00190628 -0.00189563 0.00190467 0.99999639
0.99999396 0.00277971 0.00208732 -0.00278175 0.99999566 0.00097510 -0.00208460 -0.00098090 0.99999735
0.99999640 0.00128047 0.00235608 -0.00127921 0.99999904 -0.00053567 -0.00235676 0.00053265 0.99999708
0.99999443 0.00162652 0.00291418 -0.00162340 0.99999811 -0.00107372 -0.00291592 0.00106899 0.99999518
0.99999438 0.00022422 0.00334597 -0.00022256 0.99999985 -0.00049654 -0.00334608 0.00049579 0.99999428
0.99999349 0.00192018 0.00305369 -0.00191903 0.99999809 -0.00037804 -0.00305441 0.00037217 0.99999527
0.99999265 0.00127409 0.00361653 -0.00127609 0.99999903 0.00055035 -0.00361583 -0.00055496 0.99999331
0.99999373 0.00083117 0.00344225 -0.00083019 0.99999961 -0.00028657 -0.00344249 0.00028371 0.99999403
0.99999278 0.00083341 0.00370668 -0.00083396 0.99999964 0.00014544 -0.00370656 -0.00014853 0.99999312
0.99999185 0.00127586 0.00383004 -0.00127539 0.99999918 -0.00012626 -0.00383020 0.00012138 0.99999266
0.99999463 0.00052234 0.00323546 -0.00052462 0.99999961 0.00070503 -0.00323509 -0.00070672 0.99999452
0.99999684 0.00051080 0.00246092 -0.00051127 0.99999985 0.00018686 -0.00246083 -0.00018812 0.99999695
0.99999830 0.00024430 0.00182672 -0.00024490 0.99999992 0.00032642 -0.00182664 -0.00032687 0.99999828
0.99999870 -0.00042387 0.00155502 0.00042403 0.99999990 -0.00010408 -0.00155497 0.00010474 0.99999879
0.99999939 0.00075191 0.00081101 -0.00075167 0.99999967 -0.00029786 -0.00081123 0.00029725 0.99999963
0.99999917 0.00110368 0.00065976 -0.00110300 0.99999885 -0.00103626 -0.00066090 0.00103553 0.99999925
