1.00000000 0.00000000 0.00000000 0.00000000 1.00000000 0.00000000 0.00000000 0.00000000 1.00000000
0.99999828 0.00180631 0.00042395 -0.00180479 0.99999206 -0.00355389 -0.00043037 0.00355312 0.99999360
0.99999902 0.00134952 -0.00038373 -0.00135062 0.99999490 -0.00289335 0.00037982 0.00289386 0.99999574
0.99999726 -0.00073187 -0.00222193 0.00073046 0.99999953 -0.00063551 0.00222239 0.00063388 0.99999733
0.99999178 -0.00256951 -0.00313736 0.00256671 0.99999630 -0.00089576 0.00313965 0.00088770 0.99999468
0.99998587 -0.00331717 -0.00415448 0.00331860 0.99999444 0.00033588 0.00415334 -0.00034966 0.99999131
0.99998840 -0.00177978 -0.00447493 0.00178305 0.99999814 0.00072853 0.00447363 -0.00073650 0.99998972
0.99998841 0.00245069 -0.00414337 -0.00245315 0.99999682 -0.00058884 0.00414191 0.00059900 0.99999124
0.99999087 0.00138105 -0.00404361 -0.00138061 0.99999904 0.00011308 0.00404376 -0.00010750 0.99999182
0.99999013 0.00092388 -0.00434505 -0.00092956 0.99999872 -0.00130539 0.00434384 0.00130942 0.99998971
0.99998797 0.00093457 -0.00481530 -0.00093051 0.99999921 0.00084636 0.00481609 -0.00084187 0.99998805
0.99999121 -0.00040186 -0.00417349 0.00039986 0.99999980 -0.00047992 0.00417369 0.00047825 0.99999118
0.99999024 -0.00007259 -0.00441817 0.00006397 0.99999810 -0.00195045 0.00441830 0.00195014 0.99998834
0.99998937 -0.00035918 -0.00459627 0.00035580 0.99999967 -0.00073627 0.00459654 0.00073463 0.99998917
0.99999140 0.00137233 -0.00391404 -0.00137204 0.99999906 0.00007562 0.00391414 -0.00007025 0.99999234
0.99999148 0.00148051 -0.00385226 -0.00147868 0.99999879 0.00047711 0.00385296 -0.00047141 0.99999247
0.99999386 0.00096912 -0.00336741 -0.00096752 0.99999942 0.00047656 0.00336787 -0.00047330 0.99999422
0.99999692 0.00130794 -0.00211063 -0.00130791 0.99999914 0.00001358 0.00211065 -0.00001082 0.99999777
0.99999830 0.00096936 -0.00156776 -0.00096992 0.99999947 -0.00035639 0.00156742 0.00035791 0.99999871
0.99999911 0.00058851 -0.00119693 -0.00058929 0.99999961 -0.00065253 0.00119655 0.00065324 0.99999907
0.99999891 0.00118505 -0.00088081 -0.00118578 0.99999896 -0.00081896 0.00087984 0.00082000 0.99999928
0.99999821 0.00072356 -0.00174776 -0.00072522 0.99999929 -0.00094767 0.00174707 0.00094894 0.99999802
0.99999928 0.00065697 -0.00100411 -0.00065835 0.99999883 -0.00138011 0.00100321 0.00138077 0.99999854
0.99999940 0.00097337 -0.00050432 -0.00097393 0.99999891 -0.00110961 0.00050324 0.00111010 0.99999926
0.99999989 0.00015670 -0.00044544 -0.00015737 0.99999886 -0.00150156 0.00044521 0.00150163 0.99999877
0.99999991 -0.00025115 -0.00035112 0.00025070 0.99999914 -0.00128432 0.00035144 0.00128424 0.99999911
0.99999957 -0.00073238 -0.00056102 0.00073158 0.99999870 -0.00143779 0.00056207 0.00143738 0.99999881
0.99999858 0.00165955 -0.00028615 -0.00166001 0.99999735 -0.00159760 0.00028350 0.00159807 0.99999868
0.99999700 0.00235000 -0.00069374 -0.00235040 0.99999708 -0.00056443 0.00069242 0.00056606 0.99999960
0.99999423 0.00336001 -0.00049787 -0.00335912 0.99999278 0.00177871 0.00050384 -0.00177703 0.99999829
0.99999916 0.00108422 0.00070407 -0.00108673 0.99999301 0.00357801 -0.00070019 -0.00357877 0.99999335
0.99999972 -0.00073587 -0.00011111 0.00073605 0.99999839 0.00163483 0.00010990 -0.00163491 0.99999866
0.99999775 -0.00160715 -0.00138568 0.00160460 0.99999702 -0.00184055 0.00138863 0.00183833 0.99999735
0.99999913 0.00125271 0.00042286 -0.00125155 0.99999545 -0.00274501 -0.00042629 0.00274448 0.99999614
0.99999707 0.00232489 0.00067126 -0.00232391 0.99999623 -0.00146252 -0.00067466 0.00146096 0.99999871
0.99999232 0.00369700 0.00129986 -0.00369652 0.99999310 -0.00036715 -0.00130121 0.00036234 0.99999909
0.99999995 0.00029832 0.00005684 -0.00029828 0.99999963 -0.00081013 -0.00005708 0.00081011 0.99999967
0.99999957 -0.00082106 0.00042713 0.00082112 0.99999965 -0.00014900 -0.00042701 0.00014936 0.99999990
0.99999909 0.00035271 0.00129871 -0.00035406 0.99999940 0.00104144 -0.00129835 -0.00104190 0.99999861
0.99999548 0.00266707 0.00138807 -0.00266245 0.99999097 -0.00331352 -0.00139690 0.00330981 0.99999355
0.99998921 0.00442521 0.00141212 -0.00441358 0.99995717 -0.00813524 -0.00144806 0.00812892 0.99996591
0.99999808 0.00136823 0.00140148 -0.00135746 0.99996976 -0.00765700 -0.00141191 0.00765509 0.99996970
0.99999722 -0.00137082 0.00191646 0.00137672 0.99999430 -0.00308378 -0.00191222 0.00308641 0.99999341
0.99999678 -0.00190896 0.00166958 0.00190405 0.99999387 0.00293895 -0.00167518 -0.00293576 0.99999429
0.99999720 -0.00003999 0.00236798 0.00003503 0.99999781 0.00209159 -0.00236806 -0.00209150 0.99999501
0.99999266 0.00287357 0.00253418 -0.00287735 0.99999475 0.00149052 -0.00252988 -0.00149780 0.99999568
0.99999791 0.00137873 0.00150879 -0.00137915 0.99999901 0.00027442 -0.00150841 -0.00027650 0.99999882
0.99999760 -0.00073939 0.00206226 0.00074345 0.99999779 -0.00196833 -0.00206080 0.00196985 0.99999594
0.99999592 -0.00122297 0.00258244 0.00122703 0.99999801 -0.00157279 -0.00258051 0.00157595 0.99999543
0.99999831 0.00065969 0.00171583 -0.00065885 0.99999966 -0.00049292 -0.00171615 0.00049179 0.99999841
0.99999805 -0.00001213 0.00197542 0.00001013 0.99999949 0.00101140 -0.00197544 -0.00101138 0.99999754
0.99999854 0.00074084 0.00153974 -0.00074273 0.99999896 0.00123248 -0.00153882 -0.00123362 0.99999806
0.99999951 -0.00041944 0.00089345 0.00041841 0.99999924 0.00115842 -0.00089393 -0.00115805 0.99999893
0.99999975 0.00070634 -0.00006092 -0.00070632 0.99999969 0.00033687 0.00006116 -0.00033683 0.99999994
0.99999905 0.00097116 -0.00097781 -0.00097122 0.99999953 -0.00005779 0.00097776 0.00005874 0.99999952
0.99999868 0.00092946 -0.00133218 -0.00092690 0.99999773 0.00191992 0.00133396 -0.00191868 0.99999727
0.99999930 0.00047307 -0.00108869 -0.00047101 0.99999810 0.00189326 0.00108958 -0.00189275 0.99999762
0.99999871 0.00143279 -0.00073108 -0.00143247 0.99999888 0.00043474 0.00073170 -0.00043369 0.99999964
0.99999435 0.00313497 -0.00121240 -0.00313662 0.99999415 -0.00136775 0.00120810 0.00137154 0.99999833
0.99999666 0.00258426 -0.00005003 -0.00258428 0.99999659 -0.00037759 0.00004905 0.00037771 0.99999993
0.99999977 0.00060710 -0.00031691 -0.00060612 0.99999503 0.00309285 0.00031878 -0.00309266 0.99999517
0.99999754 -0.00216735 -0.00046495 0.00216953 0.99998637 0.00474861 0.00045465 -0.00474960 0.99998862
0.99999930 -0.00055514 -0.00104488 0.00055890 0.99999335 0.00360463 0.00104288 -0.00360521 0.99999296
0.99999839 0.00178079 -0.00022632 -0.00178036 0.99999668 0.00186344 0.00022964 -0.00186303 0.99999824
0.99999091 0.00425304 -0.00030537 -0.00425266 0.99999021 0.00121976 0.00031056 -0.00121845 0.99999921
0.99999870 0.00128205 -0.00097632 -0.00128247 0.99999909 -0.00042760 0.00097577 0.00042885 0.99999943
0.99999949 -0.00080416 -0.00061388 0.00080312 0.99999824 -0.00169488 0.00061524 0.00169438 0.99999838
0.99999532 -0.00296501 -0.00076032 0.00296329 0.99999305 -0.00226194 0.00076702 0.00225968 0.99999715
0.99999960 -0.00075850 -0.00048004 0.00075808 0.99999933 -0.00087669 0.00048070 0.00087633 0.99999950
0.99999761 0.00214645 0.00041579 -0.00214664 0.99999759 0.00045406 -0.00041481 -0.00045496 0.99999981
0.99999873 0.00149276 0.00055770 -0.00149312 0.99999868 0.00064700 -0.00055674 -0.00064783 0.99999964
0.99999937 0.00043433 0.00103862 -0.00043476 0.99999982 0.00041628 -0.00103844 -0.00041673 0.99999937
0.99999847 -0.00125869 0.00121395 0.00125831 0.99999916 0.00031654 -0.00121435 -0.00031501 0.99999921
0.99999822 -0.00137261 0.00129486 0.00137241 0.99999905 0.00015515 -0.00129508 -0.00015338 0.99999915
0.99999796 -0.00183923 0.00083388 0.00183927 0.99999831 -0.00005636 -0.00083378 0.00005789 0.99999965
0.99999814 -0.00160862 0.00106194 0.00160886 0.99999868 -0.00022555 -0.00106158 0.00022726 0.99999941
0.99999866 -0.00131072 0.00098110 0.00131108 0.99999907 -0.00036870 -0.00098062 0.00036998 0.99999945
0.99999961 -0.00017666 0.00086144 0.00017696 0.99999992 -0.00034537 -0.00086138 0.00034552 0.99999957
0.99999950 -0.00063446 0.00076651 0.00063483 0.99999968 -0.00048254 -0.00076621 0.00048303 0.99999959
0.99999898 -0.00124152 0.00070157 0.00124170 0.99999919 -0.00026220 -0.00070124 0.00026307 0.99999972
0.99999885 -0.00143775 0.00047997 0.00143777 0.99999897 -0.00004576 -0.00047990 0.00004645 0.99999988
0.99999965 -0.00083562 0.00000431 0.00083562 0.99999965 -0.00002820 -0.00000429 0.00002820 1.00000000
0.99999985 -0.00051252 0.00019553 0.00051261 0.99999977 -0.00043968 -0.00019530 0.00043978 0.99999988
0.99999990 -0.00033782 -0.00030227 0.00033756 0.99999959 -0.00084395 0.00030256 0.00084385 0.99999960
0.99999998 0.00002365 -0.00017756 -0.00002372 0.99999992 -0.00040536 0.00017755 0.00040537 0.99999990
0.99999998 -0.00003530 0.00018101 0.00003540 0.99999986 -0.00053722 -0.00018099 0.00053722 0.99999984
0.99999987 0.00026358 -0.00044439 -0.00026384 0.99999979 -0.00059516 0.00044424 0.00059528 0.99999972
0.99999912 -0.00083247 -0.00103302 0.00083175 0.99999941 -0.00069739 0.00103360 0.00069653 0.99999922
0.99999988 -0.00014652 -0.00045700 0.00014631 0.99999988 -0.00046126 0.00045706 0.00046119 0.99999979
0.99999998 -0.00014446 -0.00012861 0.00014440 0.99999988 -0.00047658 0.00012868 0.00047656 0.99999988
0.99999955 -0.00063622 -0.00070936 0.00063611 0.99999978 -0.00016377 0.00070947 0.00016332 0.99999973
0.99999811 -0.00053837 -0.00187064 0.00053954 0.99999966 0.00062449 0.00187030 -0.00062550 0.99999806
0.99999832 0.00003369 -0.00183377 -0.00003331 0.99999998 0.00020411 0.00183378 -0.00020404 0.99999830
0.99999958 0.00001154 -0.00091659 -0.00001062 0.99999949 0.00100578 0.00091660 -0.00100576 0.99999907
0.99999903 0.00027250 -0.00136927 -0.00027187 0.99999986 0.00045603 0.00136939 -0.00045566 0.99999896
0.99999913 -0.00081934 -0.00102935 0.00081986 0.99999953 0.00050924 0.00102893 -0.00051008 0.99999934
0.99999953 -0.00058778 -0.00077594 0.00058736 0.99999969 -0.00052884 0.00077625 0.00052838 0.99999956
0.99999948 0.00001829 -0.00101833 -0.00001913 0.99999966 -0.00082554 0.00101831 0.00082556 0.99999914
0.99999880 0.00091847 -0.00124470 -0.00091901 0.99999948 -0.00043091 0.00124431 0.00043206 0.99999913
0.99999907 -0.00000271 -0.00136623 0.00000204 0.99999988 -0.00048753 0.00136623 0.00048753 0.99999895
0.99999908 -0.00012855 -0.00135048 0.00012808 0.99999993 -0.00034556 0.00135053 0.00034539 0.99999903
0.99999882 -0.00116914 -0.00099726 0.00116927 0.99999931 0.00012582 0.00099711 -0.00012698 0.99999949
0.99999959 -0.00043531 -0.00080030 0.00043564 0.99999982 0.00042045 0.00080012 -0.00042080 0.99999959
0.99999826 0.00159522 -0.00096717 -0.00159544 0.99999870 -0.00022348 0.00096681 0.00022502 0.99999951
0.99999839 0.00141146 -0.00110485 -0.00141319 0.99999777 -0.00156777 0.00110264 0.00156933 0.99999816
0.99999923 0.00012842 -0.00123549 -0.00013268 0.99999404 -0.00344976 0.00123504 0.00344992 0.99999329
0.99999579 -0.00270237 -0.00105753 0.00269903 0.99999143 -0.00313911 0.00106601 0.00313625 0.99999451
0.99999628 -0.00232348 -0.00143051 0.00232092 0.99999571 -0.00178904 0.00143467 0.00178572 0.99999738
0.99999920 0.00051109 -0.00115557 -0.00051232 0.99999930 -0.00106476 0.00115503 0.00106535 0.99999877
0.99999551 0.00284309 -0.00095200 -0.00284125 0.99999409 0.00193470 0.00095749 -0.00193199 0.99999768
0.99999972 0.00043995 -0.00060602 -0.00043698 0.99998795 0.00489008 0.00060816 -0.00488981 0.99998786
0.99999901 -0.00129490 -0.00055265 0.00129837 0.99997922 0.00631391 0.00054447 -0.00631462 0.99997991
0.99999945 -0.00104529 -0.00011487 0.00104617 0.99996843 0.00787636 0.00010663 -0.00787648 0.99996897
0.99999965 0.00063069 0.00055068 -0.00063433 0.99997779 0.00663415 -0.00054648 -0.00663450 0.99997784
0.99999925 0.00067204 0.00102208 -0.00067576 0.99999312 0.00364792 -0.00101962 -0.00364861 0.99999282
0.99999865 0.00111035 0.00120881 -0.00110999 0.99999934 -0.00029530 -0.00120914 0.00029395 0.99999923
0.99999788 0.00061140 0.00196661 -0.00060476 0.99999414 -0.00337028 -0.00196866 0.00336908 0.99999239
0.99999775 0.00105330 0.00184226 -0.00104582 0.99999121 -0.00406011 -0.00184652 0.00405818 0.99999006
0.99999720 -0.00207349 0.00114209 0.00207767 0.99999110 -0.00367126 -0.00113447 0.00367362 0.99999261
0.99999619 -0.00239450 0.00137698 0.00239775 0.99999433 -0.00236440 -0.00137131 0.00236769 0.99999626
0.99999835 -0.00062376 0.00170728 0.00062589 0.99999903 -0.00124522 -0.00170650 0.00124628 0.99999777
0.99999598 0.00268745 0.00090240 -0.00268746 0.99999639 0.00001474 -0.00090236 -0.00001716 0.99999959
0.99999914 0.00111796 0.00068081 -0.00111788 0.99999937 -0.00012144 -0.00068094 0.00012067 0.99999976
0.99999962 0.00087251 -0.00002591 -0.00087253 0.99999941 -0.00064502 0.00002535 0.00064504 0.99999979
0.99999962 -0.00067223 -0.00055446 0.00067244 0.99999971 0.00037108 0.00055421 -0.00037145 0.99999978
0.99999961 0.00054517 -0.00069657 -0.00054552 0.99999972 -0.00051261 0.00069629 0.00051299 0.99999963
0.99999929 0.00118034 -0.00018053 -0.00118057 0.99999847 -0.00128765 0.00017901 0.00128787 0.99999915
0.99999878 0.00126338 -0.00091437 -0.00126319 0.99999918 0.00020744 0.00091463 -0.00020629 0.99999956
0.99999921 0.00102211 -0.00073035 -0.00102235 0.99999942 -0.00033471 0.00073001 0.00033546 0.99999968
0.99999975 0.00029768 -0.00063938 -0.00029766 0.99999996 0.00001948 0.00063938 -0.00001929 0.99999980
0.99999994 0.00022160 -0.00024993 -0.00022155 0.99999996 0.00019593 0.00024997 -0.00019587 0.99999995
0.99999983 0.00021059 0.00053722 -0.00021087 0.99999984 0.00052525 -0.00053711 -0.00052536 0.99999972
0.99999989 0.00047192 -0.00008029 -0.00047188 0.99999978 0.00045534 0.00008051 -0.00045530 0.99999989
0.99999993 0.00024983 0.00027437 -0.00024982 0.99999997 -0.00004382 -0.00027438 0.00004375 0.99999996
0.99999988 -0.00005603 -0.00048920 0.00005593 0.99999998 -0.00020336 0.00048921 0.00020333 0.99999986
0.99999996 0.00005359 -0.00028216 -0.00005359 1.00000000 -0.00000647 0.00028216 0.00000649 0.99999996
0.99999971 0.00036136 -0.00066746 -0.00036136 0.99999993 0.00000693 0.00066747 -0.00000669 0.99999978
0.99999895 0.00073352 -0.00124581 -0.00073371 0.99999972 -0.00014975 0.00124570 0.00015066 0.99999921
0.99999856 0.00015852 -0.00168970 -0.00015782 0.99999990 0.00041666 0.00168977 -0.00041639 0.99999849
0.99999855 0.00126427 -0.00113880 -0.00126356 0.99999901 0.00061750 0.00113958 -0.00061606 0.99999916
0.99999781 0.00028843 -0.00207354 -0.00028714 0.99999977 0.00061936 0.00207372 -0.00061876 0.99999766
0.99999737 0.00053179 -0.00223007 -0.00053101 0.99999980 0.00035080 0.00223025 -0.00034962 0.99999745
0.99999720 0.00078087 -0.00223573 -0.00078104 0.99999969 -0.00007437 0.00223567 0.00007612 0.99999750
0.99999243 0.00162130 -0.00353578 -0.00162373 0.99999845 -0.00068575 0.00353466 0.00069148 0.99999351
0.99999217 0.00151383 -0.00365609 -0.00151233 0.99999877 0.00041327 0.00365671 -0.00040773 0.99999323
0.99998820 0.00045983 -0.00483666 -0.00046702 0.99999879 -0.00148536 0.00483597 0.00148760 0.99998720
0.99999249 0.00050008 -0.00384388 -0.00050289 0.99999961 -0.00073138 0.00384351 0.00073330 0.99999234
0.99998716 0.00122050 -0.00491824 -0.00122767 0.99999819 -0.00145497 0.00491645 0.00146099 0.99998685
0.99999302 -0.00016999 -0.00373367 0.00016700 0.99999967 -0.00079918 0.00373380 0.00079855 0.99999271
0.99999211 -0.00052757 -0.00393840 0.00052419 0.99999949 -0.00086089 0.00393885 0.00085882 0.99999187
0.99999274 -0.00100255 -0.00367612 0.00099902 0.99999904 -0.00096282 0.00367708 0.00095914 0.99999278
0.99999731 0.00006728 -0.00231758 -0.00006680 0.99999998 0.00020552 0.00231760 -0.00020536 0.99999729
0.99999848 0.00148046 -0.00092197 -0.00147978 0.99999863 0.00073609 0.00092306 -0.00073472 0.99999930
0.99999740 0.00191414 0.00124089 -0.00191537 0.99999768 0.00098353 -0.00123901 -0.00098590 0.99999875
0.99999272 0.00249683 0.00288500 -0.00249882 0.99999664 0.00068366 -0.00288328 -0.00069086 0.99999560
0.99998443 0.00195398 0.00522644 -0.00195754 0.99999786 0.00067504 -0.00522511 -0.00068526 0.99998611
0.99996377 0.00246817 0.00814626 -0.00246806 0.99999695 -0.00002361 -0.00814630 0.00000350 0.99996682
0.99989876 0.00340611 0.01381537 -0.00341118 0.99999412 0.00034379 -0.01381412 -0.00039088 0.99990450
0.99979304 0.00374400 0.01999660 -0.00376120 0.99999259 0.00082287 -0.01999337 -0.00089791 0.99979971
0.99967572 0.00232422 0.02535849 -0.00234284 0.99999701 0.00070460 -0.02535678 -0.00076378 0.99967817
0.99951811 0.00079398 0.03103088 -0.00080677 0.99999959 0.00039974 -0.03103055 -0.00042458 0.99951835
0.99933199 -0.00097076 0.03653261 0.00097366 0.99999952 -0.00006136 -0.03653253 0.00009689 0.99933246
0.99912752 -0.00104941 0.04175036 0.00104044 0.99999943 0.00023662 -0.04175059 -0.00019298 0.99912805
0.99890601 -0.00171541 0.04673163 0.00171743 0.99999853 -0.00000289 -0.04673156 0.00008315 0.99890748
0.99872343 -0.00238827 0.05045603 0.00238808 0.99999715 0.00006407 -0.05045604 0.00005651 0.99872628
0.99854583 -0.00346653 0.05379789 0.00344153 0.99999392 0.00055733 -0.05379949 -0.00037137 0.99855169
0.99843815 -0.00347250 0.05576014 0.00346488 0.99999397 0.00023348 -0.05576062 -0.00003992 0.99844417
0.99820444 -0.00395231 0.05976852 0.00383683 0.99999054 0.00204687 -0.05977605 -0.00181387 0.99821017
0.99820759 -0.00266167 0.05978730 0.00263865 0.99999641 0.00046388 -0.05978832 -0.00030530 0.99821103
0.99819528 -0.00454971 0.05987897 0.00448233 0.99998916 0.00125944 -0.05988405 -0.00098877 0.99820485
0.99804927 -0.00208635 0.06239632 0.00203145 0.99999749 0.00094319 -0.06239813 -0.00081460 0.99805101
0.99798758 -0.00040722 0.06340834 0.00048376 0.99999917 -0.00119182 -0.06340780 0.00122010 0.99798695
0.99786096 0.00324397 0.06529154 -0.00319058 0.99999448 -0.00092210 -0.06529417 0.00071181 0.99786580
0.99778751 0.00510282 0.06628765 -0.00513809 0.99998673 0.00036157 -0.06628493 -0.00070136 0.99780049
0.99766487 0.00277602 0.06824289 -0.00290837 0.99999408 0.00184009 -0.06823737 -0.00203427 0.99766704
0.99760249 -0.00154576 0.06918733 0.00148287 0.99999844 0.00096028 -0.06918871 -0.00085538 0.99760322
0.99759919 -0.00025771 0.06925169 0.00018723 0.99999946 0.00102418 -0.06925191 -0.00100875 0.99759869
0.99749462 0.00500747 0.07056494 -0.00502037 0.99998740 0.00000556 -0.07056402 -0.00035981 0.99750719
0.99760498 0.00188592 0.06914294 -0.00188073 0.99999822 -0.00014010 -0.06914308 0.00000972 0.99760675
0.99797645 -0.00063088 0.06358157 0.00060290 0.99999971 0.00045918 -0.06358184 -0.00041992 0.99797654
0.99836272 -0.00433021 0.05703614 0.00437389 0.99999023 -0.00064099 -0.05703281 0.00088941 0.99837191
0.99862162 -0.00304082 0.05239859 0.00308996 0.99999486 -0.00085667 -0.05239571 0.00101740 0.99862588
0.99895614 -0.00127272 0.04566186 0.00131543 0.99999872 -0.00090540 -0.04566065 0.00096452 0.99895654
0.99916514 0.00081049 0.04084566 -0.00079405 0.99999960 -0.00041866 -0.04084599 0.00038588 0.99916538
0.99934232 -0.00072836 0.03625449 0.00076144 0.99999931 -0.00089879 -0.03625381 0.00092581 0.99934219
0.99948879 -0.00180470 0.03192019 0.00184116 0.99999769 -0.00111280 -0.03191810 0.00117100 0.99948980
0.99960795 -0.00131763 0.02796811 0.00134944 0.99999846 -0.00111855 -0.02796660 0.00115585 0.99960819
0.99971320 -0.00031090 0.02394606 0.00034150 0.99999913 -0.00127373 -0.02394564 0.00128155 0.99971244
0.99977179 -0.00034783 0.02135988 0.00036579 0.99999958 -0.00083700 -0.02135958 0.00084463 0.99977150
0.99982668 -0.00143395 0.01856190 0.00145899 0.99999804 -0.00133569 -0.01855995 0.00136254 0.99982682
0.99988677 -0.00182052 0.01493784 0.00185027 0.99999633 -0.00197834 -0.01493418 0.00200576 0.99988647
0.99991782 -0.00094718 0.01278522 0.00097232 0.99999761 -0.00196071 -0.01278333 0.00197298 0.99991634
0.99995706 -0.00052212 0.00925231 0.00052783 0.99999967 -0.00061414 -0.00925198 0.00061900 0.99995701
0.99997848 -0.00039258 0.00654805 0.00039204 0.99999992 0.00008379 -0.00654809 -0.00008122 0.99997856
0.99999207 -0.00097899 0.00386095 0.00098036 0.99999946 -0.00035489 -0.00386060 0.00035868 0.99999248
0.99999679 0.00020927 0.00252688 -0.00020899 0.99999997 -0.00010942 -0.00252690 0.00010889 0.99999680
0.99999966 0.00048462 0.00066910 -0.00048521 0.99999950 0.00087720 -0.00066867 -0.00087753 0.99999939
0.99999906 0.00039734 -0.00131088 -0.00039619 0.99999953 0.00088263 0.00131123 -0.00088211 0.99999875
0.99999687 -0.00008378 -0.00249872 0.00008626 0.99999951 0.00098984 0.00249864 -0.00099005 0.99999639
0.99999473 0.00001128 -0.00324774 -0.00000947 0.99999984 0.00055694 0.00324774 -0.00055690 0.99999457
0.99999147 0.00064591 -0.00407875 -0.00064620 0.99999979 -0.00006915 0.00407870 0.00007178 0.99999168
0.99999442 0.00018176 -0.00333501 -0.00018351 0.99999985 -0.00052416 0.00333491 0.00052477 0.99999430
0.99999189 0.00018693 -0.00402265 -0.00018145 0.99999905 0.00136427 0.00402290 -0.00136353 0.99999098
0.99998618 0.00009015 -0.00525613 -0.00008657 0.99999976 0.00068208 0.00525619 -0.00068162 0.99998595
0.99998900 -0.00033192 -0.00467915 0.00033532 0.99999968 0.00072577 0.00467890 -0.00072733 0.99998879
0.99998764 -0.00080657 -0.00490627 0.00081093 0.99999928 0.00088626 0.00490555 -0.00089023 0.99998757
0.99998878 -0.00059312 -0.00470062 0.00059449 0.99999978 0.00029125 0.00470044 -0.00029405 0.99998891
0.99998885 0.00008382 -0.00472210 -0.00008036 0.99999973 0.00073266 0.00472216 -0.00073227 0.99998858
0.99998920 0.00082976 -0.00457210 -0.00082518 0.99999916 0.00100305 0.00457293 -0.00099927 0.99998904
0.99998716 -0.00042638 -0.00504893 0.00042302 0.99999969 -0.00066783 0.00504921 0.00066568 0.99998703
0.99999438 0.00004377 -0.00335152 -0.00004518 0.99999991 -0.00041884 0.00335150 0.00041899 0.99999430
0.99999818 0.00157717 -0.00107629 -0.00157834 0.99999817 -0.00108034 0.00107459 0.00108204 0.99999884
0.99999952 0.00093908 0.00027143 -0.00093878 0.99999895 -0.00110742 -0.00027247 0.00110716 0.99999935
0.99999975 -0.00000013 0.00070240 0.00000094 0.99999932 -0.00116223 -0.00070240 0.00116223 0.99999908
0.99999943 -0.00090990 0.00055194 0.00091064 0.99999869 -0.00133900 -0.00055073 0.00133951 0.99999895
0.99999935 -0.00007935 0.00113951 0.00007998 0.99999984 -0.00055392 -0.00113947 0.00055401 0.99999920
0.99999937 0.00053072 0.00098590 -0.00053053 0.99999984 -0.00018591 -0.00098600 0.00018538 0.99999950
0.99999953 0.00051592 0.00082673 -0.00051599 0.99999986 0.00008926 -0.00082668 -0.00008969 0.99999965
0.99999988 -0.00038639 0.00029076 0.00038635 0.99999991 0.00014561 -0.00029082 -0.00014550 0.99999995
0.99999990 0.00037926 0.00022679 -0.00037897 0.99999909 -0.00129826 -0.00022728 0.00129818 0.99999913
0.99999998 -0.00004976 -0.00018883 0.00004947 0.99999879 -0.00155415 0.00018890 0.00155414 0.99999877
0.99999975 -0.00013152 -0.00069487 0.00012967 0.99999648 -0.00265004 0.00069522 0.00264995 0.99999625
0.99999890 -0.00137705 -0.00054652 0.00137665 0.99999877 -0.00074646 0.00054754 0.00074571 0.99999957
0.99999866 -0.00145398 -0.00074712 0.00145367 0.99999885 -0.00042059 0.00074773 0.00041951 0.99999963
0.99999988 -0.00026119 -0.00042347 0.00026172 0.99999919 0.00124957 0.00042315 -0.00124968 0.99999913
0.99999960 0.00056406 -0.00070092 -0.00056253 0.99999748 0.00217395 0.00070214 -0.00217355 0.99999739
0.99999957 0.00057766 -0.00072637 -0.00057690 0.99999930 0.00103542 0.00072697 -0.00103500 0.99999920
0.99999979 0.00027162 -0.00059204 -0.00027157 0.99999996 0.00007942 0.00059206 -0.00007926 0.99999982
0.99999902 0.00132069 -0.00047102 -0.00132126 0.99999841 -0.00119487 0.00046944 0.00119549 0.99999918
0.99999743 0.00202246 0.00102716 -0.00202129 0.99999730 -0.00114473 -0.00102947 0.00114265 0.99999882
0.99999443 0.00243787 0.00228029 -0.00243681 0.99999692 -0.00046868 -0.00228143 0.00046312 0.99999729
0.99999825 0.00169261 0.00079130 -0.00169239 0.99999853 -0.00027400 -0.00079176 0.00027266 0.99999965
0.99999748 0.00092746 0.00204538 -0.00092723 0.99999956 -0.00011624 -0.00204549 0.00011434 0.99999790
0.99999848 0.00083225 0.00152891 -0.00083185 0.99999962 -0.00026230 -0.00152913 0.00026103 0.99999880
0.99999758 0.00077607 0.00205839 -0.00077532 0.99999963 -0.00036607 -0.00205867 0.00036448 0.99999781
0.99999787 0.00160914 0.00129566 -0.00160883 0.99999868 -0.00024763 -0.00129606 0.00024554 0.99999913
0.99999887 0.00087489 0.00122512 -0.00087518 0.99999959 0.00023052 -0.00122492 -0.00023159 0.99999922
0.99999953 -0.00050227 0.00082818 0.00050203 0.99999983 0.00028487 -0.00082833 -0.00028445 0.99999962
0.99999996 0.00001688 -0.00027750 -0.00001694 0.99999998 -0.00021279 0.00027750 0.00021279 0.99999994
0.99999992 -0.00001245 -0.00040083 0.00001235 0.99999997 -0.00023136 0.00040083 0.00023136 0.99999989
0.99999970 0.00035758 -0.00069406 -0.00035823 0.99999949 -0.00094423 0.00069373 0.00094447 0.99999931
0.99999978 0.00033310 -0.00057630 -0.00033348 0.99999972 -0.00066617 0.00057607 0.00066637 0.99999961
0.99999979 0.00058063 -0.00029100 -0.00058074 0.99999976 -0.00038959 0.00029077 0.00038976 0.99999988
0.99999970 0.00043677 -0.00063632 -0.00043669 0.99999990 0.00011428 0.00063637 -0.00011400 0.99999979
0.99999966 0.00056820 -0.00059211 -0.00056823 0.99999984 -0.00005788 0.00059208 0.00005822 0.99999982
0.99999972 0.00069350 -0.00028371 -0.00069345 0.99999974 0.00018599 0.00028384 -0.00018580 0.99999994
0.99999943 0.00106500 -0.00001257 -0.00106501 0.99999921 -0.00066945 0.00001186 0.00066946 0.99999978
0.99999933 0.00112883 0.00027212 -0.00112882 0.99999936 -0.00002071 -0.00027214 0.00002040 0.99999996
0.99999937 0.00096153 0.00058526 -0.00096120 0.99999938 -0.00056712 -0.00058581 0.00056655 0.99999967
0.99999993 0.00000983 0.00037851 -0.00000971 0.99999995 -0.00031333 -0.00037851 0.00031333 0.99999988
0.99999976 -0.00020453 0.00065648 0.00020440 0.99999996 0.00019821 -0.00065652 -0.00019807 0.99999976
0.99999986 0.00030326 0.00044092 -0.00030288 0.99999957 -0.00087411 -0.00044119 0.00087398 0.99999952
0.99999927 -0.00006141 0.00120874 0.00006204 0.99999986 -0.00052299 -0.00120871 0.00052307 0.99999913
0.99999914 0.00110770 0.00069636 -0.00110713 0.99999905 -0.00081563 -0.00069727 0.00081486 0.99999942
0.99999955 0.00092303 0.00022333 -0.00092293 0.99999947 -0.00045643 -0.00022376 0.00045622 0.99999987
0.99999954 0.00089240 0.00034374 -0.00089237 0.99999960 -0.00009538 -0.00034383 0.00009507 0.99999994
0.99999945 0.00080295 0.00066857 -0.00080307 0.99999966 0.00017957 -0.00066842 -0.00018011 0.99999976
0.99999870 0.00158218 0.00031889 -0.00158208 0.99999870 -0.00032274 -0.00031940 0.00032223 0.99999990
0.99999857 0.00165922 0.00032670 -0.00165913 0.99999859 -0.00027070 -0.00032715 0.00027016 0.99999991
0.99999865 0.00160250 0.00035759 -0.00160228 0.99999853 -0.00061166 -0.00035857 0.00061109 0.99999975
0.99999957 0.00091481 0.00017639 -0.00091472 0.99999947 -0.00046898 -0.00017682 0.00046882 0.99999987
0.99999982 0.00038517 0.00045226 -0.00038500 0.99999986 -0.00037479 -0.00045241 0.00037461 0.99999983
0.99999976 0.00065687 0.00019718 -0.00065679 0.99999971 -0.00038307 -0.00019743 0.00038294 0.99999991
0.99999945 0.00094596 0.00046290 -0.00094611 0.99999950 0.00033686 -0.00046259 -0.00033730 0.99999984
0.99999998 0.00009641 0.00016746 -0.00009645 0.99999996 0.00026758 -0.00016744 -0.00026759 0.99999995
0.99999876 -0.00154941 -0.00026335 0.00154944 0.99999879 0.00011208 0.00026318 -0.00011249 0.99999996
0.99999977 -0.00067157 0.00011737 0.00067154 0.99999973 0.00028909 -0.00011756 -0.00028901 0.99999995
0.99999980 0.00037482 0.00051116 -0.00037448 0.99999970 -0.00067390 -0.00051142 0.00067371 0.99999964
0.99999992 0.00019677 -0.00034941 -0.00019694 0.99999987 -0.00046665 0.00034932 0.00046672 0.99999983
0.99999993 0.00018058 -0.00032256 -0.00018067 0.99999994 -0.00029230 0.00032250 0.00029236 0.99999991
0.99999992 -0.00038789 0.00011648 0.00038791 0.99999992 -0.00013127 -0.00011642 0.00013132 0.99999998
0.99999994 -0.00030366 0.00015328 0.00030373 0.99999984 -0.00048520 -0.00015313 0.00048525 0.99999987
0.99999967 0.00081029 0.00007256 -0.00081027 0.99999963 -0.00028534 -0.00007279 0.00028529 0.99999996
0.99999966 0.00082527 0.00005624 -0.00082527 0.99999966 0.00002450 -0.00005622 -0.00002455 1.00000000
0.99999983 0.00057705 0.00009553 -0.00057706 0.99999983 0.00012213 -0.00009546 -0.00012219 0.99999999
0.99999954 -0.00068017 -0.00068092 0.00068012 0.99999977 -0.00006913 0.00068096 0.00006867 0.99999977
0.99999983 0.00013208 -0.00056897 -0.00013170 0.99999976 0.00067439 0.00056906 -0.00067431 0.99999961
0.99999961 0.00078538 -0.00041336 -0.00078537 0.99999969 0.00001111 0.00041337 -0.00001079 0.99999991
0.99999947 -0.00014869 -0.00101712 0.00014852 0.99999997 -0.00016864 0.00101714 0.00016849 0.99999947
0.99999956 -0.00008916 -0.00093622 0.00008953 0.99999992 0.00038907 0.00093619 -0.00038915 0.99999949
0.99999520 0.00055265 -0.00304996 -0.00055624 0.99999915 -0.00117688 0.00304931 0.00117858 0.99999466
0.99999700 0.00158359 -0.00186913 -0.00158375 0.99999874 -0.00008499 0.00186899 0.00008795 0.99999825
0.99999834 -0.00055280 -0.00173819 0.00055334 0.99999980 0.00031002 0.00173802 -0.00031098 0.99999844
0.99999696 -0.00002177 0.00246705 0.00002246 0.99999996 -0.00028089 -0.00246704 0.00028094 0.99999692
0.99997185 0.00075398 -0.00746538 -0.00075653 0.99999966 -0.00033888 0.00746512 0.00034451 0.99997208
0.99997678 0.00100235 -0.00674088 -0.00100018 0.99999945 0.00032556 0.00674120 -0.00031881 0.99997723
0.99998344 0.00030815 -0.00574704 -0.00031693 0.99999878 -0.00152735 0.00574657 0.00152914 0.99998232
0.99999899 0.00043069 -0.00135797 -0.00043535 0.99999402 -0.00343060 0.00135648 0.00343119 0.99999319
0.99999765 0.00096794 -0.00193777 -0.00096590 0.99999898 0.00105476 0.00193879 -0.00105289 0.99999757
0.99997719 0.00146139 -0.00659426 -0.00145010 0.99999747 0.00171731 0.00659675 -0.00170771 0.99997678
0.99999962 0.00067908 -0.00053973 -0.00067918 0.99999975 -0.00018928 0.00053960 0.00018965 0.99999984
0.99999261 0.00013443 -0.00384091 -0.00016528 0.99996773 -0.00803229 0.00383970 0.00803287 0.99996036
0.99997688 0.00067207 -0.00676711 -0.00071792 0.99997679 -0.00677582 0.00676239 0.00678052 0.99995415
0.99997169 0.00248381 -0.00710343 -0.00248497 0.99999690 -0.00015565 0.00710302 0.00017329 0.99997476
0.99998498 0.00166150 -0.00522345 -0.00166567 0.99999830 -0.00079372 0.00522212 0.00080241 0.99998604
0.99999511 0.00190311 -0.00248095 -0.00190964 0.99999471 -0.00263123 0.00247593 0.00263596 0.99999346
0.99997497 -0.00002976 -0.00707551 -0.00001133 0.99998314 -0.00580729 0.00707556 0.00580723 0.99995811
0.99998528 0.00033609 -0.00541515 -0.00033679 0.99999994 -0.00012814 0.00541511 0.00012997 0.99998533
0.99999217 0.00220372 -0.00328666 -0.00221088 0.99999519 -0.00217432 0.00328185 0.00218157 0.99999224
0.99998496 0.00330506 -0.00437675 -0.00329989 0.99999385 0.00118668 0.00438064 -0.00117222 0.99998972
0.99995896 0.00392611 0.00816424 -0.00388940 0.99998228 -0.00450678 -0.00818178 0.00447484 0.99995652
0.99999284 0.00251231 -0.00282909 -0.00253287 0.99997022 -0.00728993 0.00281069 0.00729705 0.99996943
0.99992031 0.00265567 0.01234151 -0.00259553 0.99998469 -0.00488609 -0.01235430 0.00485367 0.99991190
0.99965485 0.00238329 0.02616308 -0.00240084 0.99999691 0.00063945 -0.02616147 -0.00070204 0.99965748
0.99959370 0.00003035 0.02850337 -0.00003615 0.99999998 0.00020304 -0.02850336 -0.00020398 0.99959368
0.99941685 0.00046407 0.03414298 -0.00051979 0.99999855 0.00162316 -0.03414218 -0.00163996 0.99941564
0.99896709 -0.00075293 0.04543338 0.00063379 0.99999632 0.00263675 -0.04543520 -0.00260524 0.99896389
0.99908297 -0.00097638 0.04280497 0.00094873 0.99999933 0.00066616 -0.04280559 -0.00062493 0.99908323
0.99781117 -0.00062621 0.06612478 0.00040700 0.99999438 0.00332862 -0.06612649 -0.00329442 0.99780581
0.99795391 -0.00230510 0.06389586 0.00240773 0.99999593 -0.00152921 -0.06389208 0.00167993 0.99795540
0.99776599 -0.00369688 0.06670350 0.00334957 0.99998025 0.00531775 -0.06672185 -0.00508245 0.99775867
0.99756981 -0.00552672 0.06945446 0.00513705 0.99997006 0.00578785 -0.06948437 -0.00541700 0.99756833
0.99750840 -0.00558591 0.07032636 0.00541672 0.99998196 0.00259627 -0.07033960 -0.00220886 0.99752066
0.99761471 -0.00446393 0.06888372 0.00432849 0.99998839 0.00211537 -0.06889237 -0.00181216 0.99762245
0.99767060 -0.00087892 0.06821001 0.00086309 0.99999959 0.00026157 -0.06821021 -0.00020209 0.99767095
0.99727636 0.00418950 0.07363634 -0.00436515 0.99998800 0.00222463 -0.07362614 -0.00254001 0.99728268
0.99721139 0.00031080 0.07462805 -0.00045199 0.99999814 0.00187511 -0.07462733 -0.00190362 0.99720968
0.99699286 -0.00088046 0.07748852 0.00080236 0.99999914 0.00103891 -0.07748936 -0.00097361 0.99699270
0.99722477 -0.00011223 0.07444966 0.00008184 0.99999991 0.00041125 -0.07444970 -0.00040401 0.99722469
0.99750996 -0.00492169 0.07035378 0.00499102 0.99998722 -0.00080957 -0.07034890 0.00115869 0.99752177
0.99790210 -0.00457279 0.06457939 0.00479059 0.99998335 -0.00321811 -0.06456360 0.00352073 0.99790738
0.99796872 -0.00058041 0.06370320 0.00071275 0.99999764 -0.00205467 -0.06370186 0.00209590 0.99796677
0.99831160 0.00264485 0.05802550 -0.00258521 0.99999605 -0.00110283 -0.05802819 0.00095096 0.99831449
0.99864282 -0.00052638 0.05207927 0.00054155 0.99999981 -0.00027714 -0.05207911 0.00030497 0.99864292
0.99893740 -0.00216065 0.04603688 0.00211043 0.99999712 0.00113943 -0.04603921 -0.00104107 0.99893909
0.99892265 -0.00071497 0.04640071 0.00060151 0.99999680 0.00245910 -0.04640232 -0.00242854 0.99891988
0.99910901 -0.00177137 0.04216693 0.00181512 0.99999785 -0.00099920 -0.04216507 0.00107485 0.99911008
0.99930603 -0.00065309 0.03724282 0.00066613 0.99999972 -0.00033774 -0.03724258 0.00036232 0.99930619
0.99939409 0.00001405 0.03480591 -0.00002084 0.99999998 0.00019468 -0.03480591 -0.00019529 0.99939407
0.99954792 -0.00041430 0.03006293 0.00040448 0.99999986 0.00033252 -0.03006306 -0.00032021 0.99954795
0.99965214 -0.00224020 0.02627908 0.00225700 0.99999727 -0.00060976 -0.02627764 0.00066886 0.99965446
0.99975072 -0.00235970 0.02220202 0.00237334 0.99999701 -0.00058820 -0.02220057 0.00064075 0.99975333
0.99980697 -0.00318270 0.01938818 0.00319814 0.99999459 -0.00076529 -0.01938564 0.00082715 0.99981174
0.99987587 0.00089320 0.01573041 -0.00088898 0.99999957 -0.00027504 -0.01573065 0.00026102 0.99987623
0.99992378 -0.00020465 0.01234462 0.00021110 0.99999984 -0.00052124 -0.01234451 0.00052381 0.99992367
0.99995341 0.00049293 0.00964019 -0.00048422 0.99999947 -0.00090579 -0.00964063 0.00090108 0.99995312
0.99997688 -0.00102935 0.00672105 0.00103356 0.99999927 -0.00062347 -0.00672040 0.00063040 0.99997722
0.99999075 -0.00036420 0.00428478 0.00036612 0.99999983 -0.00044771 -0.00428461 0.00044927 0.99999072
0.99999759 -0.00101164 0.00194601 0.00101299 0.99999925 -0.00069463 -0.00194530 0.00069660 0.99999787
0.99999967 -0.00076607 0.00025699 0.00076619 0.99999959 -0.00049027 -0.00025661 0.00049047 0.99999985
0.99999992 0.00023570 -0.00031297 -0.00023558 0.99999990 0.00037582 0.00031306 -0.00037574 0.99999988
0.99999929 0.00000231 -0.00119285 -0.00000139 0.99999970 0.00077092 0.00119285 -0.00077092 0.99999899
0.99999674 -0.00212727 -0.00141566 0.00212932 0.99999668 0.00144882 0.00141257 -0.00145183 0.99999795
0.99999869 -0.00096549 -0.00129606 0.00096764 0.99999815 0.00166049 0.00129446 -0.00166174 0.99999778
0.99999932 -0.00052180 -0.00104430 0.00052291 0.99999930 0.00106198 0.00104375 -0.00106252 0.99999889
0.99999678 -0.00184678 -0.00174031 0.00184701 0.99999829 0.00013229 0.00174007 -0.00013550 0.99999848
0.99999924 -0.00116488 -0.00040232 0.00116505 0.99999923 0.00041586 0.00040184 -0.00041633 0.99999983
0.99999892 0.00009459 -0.00146601 -0.00009419 0.99999996 0.00027068 0.00146603 -0.00027054 0.99999889
0.99999934 -0.00028432 -0.00111666 0.00028408 0.99999994 -0.00021809 0.00111673 0.00021777 0.99999935
0.99999705 -0.00097816 -0.00222215 0.00097706 0.99999940 -0.00049840 0.00222264 0.00049623 0.99999741
0.99999763 -0.00058382 -0.00209605 0.00058178 0.99999936 -0.00097542 0.00209662 0.00097420 0.99999733
0.99999659 0.00033488 -0.00259133 -0.00033829 0.99999908 -0.00131441 0.00259088 0.00131528 0.99999578
0.99999812 0.00004366 -0.00193917 -0.00004439 0.99999993 -0.00037861 0.00193916 0.00037869 0.99999805
0.99999940 0.00028435 -0.00105417 -0.00028425 0.99999995 0.00009653 0.00105420 -0.00009623 0.99999944
0.99999862 0.00109847 -0.00124919 -0.00109798 0.99999932 0.00039655 0.00124962 -0.00039518 0.99999914
0.99999819 0.00073239 -0.00175358 -0.00073016 0.99999892 0.00127229 0.00175451 -0.00127101 0.99999765
0.99999936 0.00067154 -0.00090852 -0.00067089 0.99999952 0.00071895 0.00090900 -0.00071834 0.99999933
0.99999908 0.00115172 -0.00071856 -0.00115138 0.99999923 0.00046968 0.00071910 -0.00046885 0.99999963
0.99999833 0.00182014 0.00014258 -0.00182010 0.99999831 -0.00026162 -0.00014305 0.00026136 0.99999996
0.99999802 0.00120983 0.00158194 -0.00120991 0.99999927 0.00005111 -0.00158188 -0.00005302 0.99999875
0.99999741 0.00075224 0.00214961 -0.00075235 0.99999972 0.00005105 -0.00214957 -0.00005266 0.99999769
0.99999745 0.00068986 0.00215034 -0.00068861 0.99999959 -0.00058416 -0.00215074 0.00058268 0.99999752
0.99999275 0.00178154 0.00336649 -0.00178230 0.99999839 0.00022316 -0.00336608 -0.00022916 0.99999431
0.99998991 0.00253813 0.00370528 -0.00254257 0.99999605 0.00119586 -0.00370223 -0.00120527 0.99999242
0.99995765 0.00407569 0.00825167 -0.00408636 0.99999084 0.00127602 -0.00824639 -0.00130969 0.99996514
0.99994957 0.00383907 0.00927985 -0.00383538 0.99999256 -0.00041506 -0.00928137 0.00037945 0.99995686
0.99990314 0.00221474 0.01374078 -0.00221734 0.99999753 0.00017370 -0.01374036 -0.00020416 0.99990558
0.99983403 0.00096716 0.01819287 -0.00097132 0.99999950 0.00022005 -0.01819265 -0.00023768 0.99983447
0.99971667 0.00127855 0.02376870 -0.00127888 0.99999918 -0.00000153 -0.02376868 -0.00002887 0.99971748
0.99955565 0.00069156 0.02979981 -0.00071594 0.99999942 0.00080765 -0.02979924 -0.00082862 0.99955556
0.99937497 0.00049682 0.03534731 -0.00051897 0.99999967 0.00061762 -0.03534699 -0.00063558 0.99937490
0.99914265 -0.00243290 0.04132861 0.00244463 0.99999698 -0.00023329 -0.04132792 0.00033412 0.99914558
0.99892087 -0.00306210 0.04634351 0.00307587 0.99999524 -0.00022583 -0.04634260 0.00036814 0.99892554
0.99868267 -0.00385079 0.05116738 0.00382400 0.99999250 0.00062157 -0.05116939 -0.00042509 0.99868990
0.99843853 -0.00435715 0.05569121 0.00434597 0.99999050 0.00032190 -0.05569209 -0.00007937 0.99844799
0.99827567 -0.00413759 0.05855394 0.00417157 0.99999119 -0.00045814 -0.05855153 0.00070161 0.99828414
0.99822195 -0.00370507 0.05949134 0.00373021 0.99999299 -0.00031156 -0.05948977 0.00053292 0.99822877
0.99818951 -0.00266540 0.06008828 0.00266402 0.99999645 0.00010297 -0.06008834 0.00005729 0.99819306
0.99818385 -0.00370030 0.06012741 0.00370832 0.99999312 -0.00002183 -0.06012691 0.00024476 0.99819071
0.99820992 -0.00132141 0.05979310 0.00149228 0.99999493 -0.00281321 -0.05978908 0.00289740 0.99820683
0.99820023 -0.00057553 0.05996645 0.00079016 0.99999337 -0.00355564 -0.05996400 0.00359663 0.99819406
0.99809708 0.00303979 0.06158724 -0.00281718 0.99998918 -0.00370110 -0.06159782 0.00352055 0.99809484
0.99795554 0.00305008 0.06383911 -0.00285324 0.99999089 -0.00317427 -0.06384821 0.00298563 0.99795516
0.99787663 0.00218647 0.06509577 -0.00219469 0.99999759 0.00005477 -0.06509549 -0.00019752 0.99787902
0.99788742 0.00145957 0.06495057 -0.00158528 0.99999697 0.00188407 -0.06494762 -0.00198305 0.99788670
0.99787637 0.00218887 0.06509965 -0.00234284 0.99999464 0.00228893 -0.06509429 -0.00243659 0.99787614
0.99794084 0.00114253 0.06413087 -0.00133529 0.99999472 0.00296289 -0.06412714 -0.00304242 0.99793710
0.99810967 -0.00217327 0.06141962 0.00198894 0.99999333 0.00306207 -0.06142586 -0.00293413 0.99810734
0.99836911 -0.00076464 0.05708353 0.00062001 0.99999655 0.00255125 -0.05708528 -0.00251170 0.99836615
0.99862961 0.00065312 0.05233037 -0.00068803 0.99999955 0.00064907 -0.05232992 -0.00068418 0.99862962
0.99884530 0.00121035 0.04802708 -0.00109248 0.99999633 -0.00248035 -0.04802991 0.00242501 0.99884295
0.99897913 0.00285354 0.04508388 -0.00273942 0.99999289 -0.00259280 -0.04509096 0.00246665 0.99897984
