0.99999321 -0.00070341 0.00361795 0.00068559 0.99998764 0.00492503 -0.00362137 -0.00492251 0.99998133
0.99999022 -0.00341256 0.00281394 0.00341747 0.99999264 -0.00174459 -0.00280797 0.00175419 0.99999452
0.99998818 0.00172046 0.00454655 -0.00168949 0.99997542 -0.00680545 -0.00455814 0.00679769 0.99996651
0.99997425 0.00673115 0.00248829 -0.00671835 0.99996434 -0.00511780 -0.00252265 0.00510095 0.99998381
0.99998434 -0.00543829 0.00132289 0.00543672 0.99998452 0.00118612 -0.00132932 -0.00117891 0.99999842
0.99995072 -0.00984900 0.00124398 0.00984249 0.99993839 0.00513192 -0.00129445 -0.00511942 0.99998606
0.99998590 -0.00440559 0.00296374 0.00440222 0.99998966 0.00114348 -0.00296875 -0.00113042 0.99999495
0.99999987 -0.00044274 -0.00024384 0.00044327 0.99999752 0.00218208 0.00024287 -0.00218219 0.99999759
0.99998937 0.00459040 -0.00043764 -0.00458759 0.99997020 0.00620853 0.00046613 -0.00620646 0.99998063
0.99999947 0.00039630 0.00095187 -0.00040068 0.99998930 0.00460922 -0.00095004 -0.00460960 0.99998892
0.99999965 -0.00076218 -0.00035828 0.00076061 0.99999015 -0.00437356 0.00036161 0.00437329 0.99999037
0.99999579 0.00249962 0.00147634 -0.00248671 0.99995922 -0.00868208 -0.00149798 0.00867837 0.99996122
0.99999828 0.00149850 0.00108931 -0.00149405 0.99999059 -0.00407241 -0.00109540 0.00407078 0.99999111
0.99999828 0.00185196 0.00012362 -0.00185289 0.99996674 0.00794219 -0.00010891 -0.00794240 0.99996845
0.99999576 -0.00259914 0.00131567 0.00258679 0.99995337 0.00930451 -0.00133979 -0.00930107 0.99995585
0.99999358 -0.00352770 -0.00062996 0.00352864 0.99999264 0.00150579 0.00062464 -0.00150800 0.99999867
0.99999154 -0.00302858 0.00278473 0.00305382 0.99995387 -0.00910721 -0.00275702 0.00911564 0.99995465
0.99999224 0.00206664 0.00335374 -0.00204326 0.99997369 -0.00696020 -0.00336803 0.00695329 0.99997015
0.99999454 -0.00070435 0.00322737 0.00071690 0.99999218 -0.00388980 -0.00322461 0.00389209 0.99998723
0.99999219 -0.00298375 0.00259273 0.00298054 0.99999479 0.00124142 -0.00259642 -0.00123369 0.99999587
0.99999630 0.00041377 0.00268990 -0.00041960 0.99999757 0.00216634 -0.00268899 -0.00216746 0.99999404
0.99998799 0.00390489 0.00296231 -0.00392168 0.99997617 0.00568084 -0.00294005 -0.00569239 0.99997948
0.99999352 0.00189084 0.00306341 -0.00191601 0.99996425 0.00823541 -0.00304773 -0.00824123 0.99996140
0.99999361 0.00071351 0.00350186 -0.00073390 0.99998276 0.00582559 -0.00349764 -0.00582812 0.99997690
0.99999764 -0.00081406 0.00201185 0.00081629 0.99999905 -0.00110833 -0.00201095 0.00110997 0.99999736
0.99999650 0.00029540 0.00262902 -0.00027787 0.99997775 -0.00666434 -0.00263093 0.00666359 0.99997434
0.99999631 0.00141130 0.00232208 -0.00138956 0.99995543 -0.00933811 -0.00233516 0.00933485 0.99995370
0.99999612 0.00162449 0.00226087 -0.00162106 0.99999753 -0.00151856 -0.00226333 0.00151489 0.99999629
0.99999637 0.00147017 0.00225920 -0.00147928 0.99999076 0.00403676 -0.00225325 -0.00404009 0.99998930
0.99997838 0.00410788 0.00513372 -0.00414369 0.99996703 0.00698408 -0.00510486 -0.00700520 0.99996243
0.99997572 0.00578472 0.00388647 -0.00579863 0.99997680 0.00357516 -0.00386569 -0.00359761 0.99998606
0.99997883 0.00482790 0.00436294 -0.00481863 0.99998611 -0.00213338 -0.00437318 0.00211231 0.99998821
0.99999052 0.00178266 0.00397363 -0.00175929 0.99998118 -0.00587705 -0.00398403 0.00587001 0.99997483
0.99998847 -0.00345709 0.00333232 0.00348727 0.99995257 -0.00909422 -0.00330072 0.00910574 0.99995309
0.99998371 -0.00214635 0.00528980 0.00216997 0.99998768 -0.00446364 -0.00528015 0.00447505 0.99997605
0.99998451 -0.00232470 0.00505639 0.00230512 0.99998984 0.00387467 -0.00506535 -0.00386296 0.99997971
0.99996944 -0.00275065 0.00731816 0.00266249 0.99992410 0.01202972 -0.00735069 -0.01200987 0.99990086
0.99996066 -0.00284201 0.00840264 0.00279073 0.99997745 0.00610800 -0.00841981 -0.00608431 0.99994604
0.99993838 -0.00413342 0.01030328 0.00416355 0.99998711 -0.00290522 -0.01029113 0.00294794 0.99994270
0.99997361 -0.00273723 0.00673007 0.00279043 0.99996483 -0.00790891 -0.00670819 0.00792748 0.99994608
0.99992506 -0.00178835 0.01211079 0.00184427 0.99998768 -0.00460744 -0.01210241 0.00462943 0.99991605
0.99995524 -0.00305452 0.00895509 0.00305482 0.99999533 -0.00001981 -0.00895499 0.00004717 0.99995990
0.99994853 -0.00739371 0.00694698 0.00737699 0.99996984 0.00242967 -0.00696473 -0.00237830 0.99997292
0.99997624 -0.00430640 0.00538230 0.00429275 0.99998755 0.00254449 -0.00539319 -0.00252132 0.99998228
0.99997208 -0.00617864 0.00420196 0.00617188 0.99997964 0.00161984 -0.00421188 -0.00159386 0.99998986
0.99999748 -0.00193005 0.00114612 0.00193214 0.99999646 -0.00182738 -0.00114259 0.00182959 0.99999767
0.99999965 -0.00038650 0.00073599 0.00038712 0.99999957 -0.00084682 -0.00073566 0.00084710 0.99999937
0.99999758 -0.00219015 -0.00020047 0.00218976 0.99999576 -0.00191894 0.00020467 0.00191849 0.99999814
0.99999524 0.00074095 -0.00299458 -0.00074063 0.99999972 0.00010823 0.00299466 -0.00010601 0.99999551
0.99999571 -0.00140770 -0.00256870 0.00141146 0.99999794 0.00146158 0.00256663 -0.00146520 0.99999563
0.99998290 0.00391324 -0.00434639 -0.00391361 0.99999234 -0.00007621 0.00434605 0.00009322 0.99999055
0.99995667 -0.00318980 -0.00874556 0.00317961 0.99999425 -0.00117950 0.00874927 0.00115164 0.99996106
0.99996893 -0.00086937 -0.00783534 0.00088017 0.99999867 0.00137564 0.00783413 -0.00138250 0.99996836
0.99983641 -0.00637299 -0.01692767 0.00642990 0.99997385 0.00330941 0.01690614 -0.00341772 0.99985124
0.99997429 -0.00164987 -0.00697807 0.00168461 0.99998620 0.00497554 0.00696976 -0.00498717 0.99996327
0.99996863 -0.00202107 -0.00765874 0.00206918 0.99997815 0.00627884 0.00764588 -0.00629449 0.99995096
0.99997058 -0.00086758 -0.00762168 0.00088166 0.99999791 0.00184449 0.00762006 -0.00185116 0.99996925
0.99990407 -0.00379455 -0.01332097 0.00377564 0.99999183 -0.00144441 0.01332635 0.00139398 0.99991023
0.99990988 0.00028432 -0.01342177 -0.00034425 0.99998998 -0.00446284 0.01342037 0.00446706 0.99989996
0.99997285 0.00011139 -0.00736729 -0.00014563 0.99998919 -0.00464822 0.00736670 0.00464916 0.99996206
0.99994841 0.00220531 -0.00991562 -0.00223789 0.99999213 -0.00327527 0.00990832 0.00329729 0.99994548
0.99994293 0.00307258 -0.01023242 -0.00309707 0.99999238 -0.00237796 0.01022504 0.00240952 0.99994482
0.99994906 0.00324366 -0.00955842 -0.00325473 0.99999405 -0.00114252 0.00955466 0.00117357 0.99995366
0.99996521 0.00402934 -0.00730424 -0.00402726 0.99999185 0.00029947 0.00730539 -0.00027005 0.99997328
0.99994378 0.00459369 -0.00955730 -0.00459434 0.99998944 -0.00004655 0.00955698 0.00009045 0.99995433
0.99996703 0.00173808 -0.00793235 -0.00173654 0.99999847 0.00020099 0.00793268 -0.00018721 0.99996852
0.99996627 0.00083115 -0.00817117 -0.00083930 0.99999915 -0.00099463 0.00817034 0.00100145 0.99996612
0.99997134 0.00277478 -0.00704463 -0.00276641 0.99999546 0.00119748 0.00704792 -0.00117795 0.99997447
0.99998237 0.00054833 -0.00591192 -0.00054728 0.99999983 0.00017963 0.00591202 -0.00017639 0.99998251
0.99998323 -0.00036205 -0.00577979 0.00036581 0.99999972 0.00064948 0.00577956 -0.00065158 0.99998309
0.99998889 -0.00048625 -0.00468893 0.00049075 0.99999942 0.00096006 0.00468846 -0.00096235 0.99998855
0.99999553 -0.00246849 -0.00168475 0.00247617 0.99998647 0.00457581 0.00167343 -0.00457997 0.99998811
0.99999453 0.00056135 -0.00326048 -0.00055557 0.99999828 0.00177205 0.00326147 -0.00177023 0.99999311
0.99998702 -0.00400848 -0.00314511 0.00401367 0.99999059 0.00164772 0.00313848 -0.00166032 0.99999370
0.99998329 -0.00374210 -0.00440653 0.00373623 0.99999212 -0.00134008 0.00441151 0.00132359 0.99998939
0.99999496 -0.00213922 -0.00234662 0.00213792 0.99999756 -0.00055430 0.00234780 0.00054928 0.99999709
0.99999894 0.00042702 -0.00138847 -0.00042687 0.99999990 0.00010506 0.00138851 -0.00010447 0.99999903
0.99999748 0.00072706 -0.00212250 -0.00072205 0.99999696 0.00235876 0.00212421 -0.00235722 0.99999497
0.99999422 -0.00134647 -0.00312318 0.00134721 0.99999907 0.00023237 0.00312287 -0.00023658 0.99999510
0.99999945 -0.00022470 -0.00102104 0.00022463 0.99999997 -0.00007313 0.00102105 0.00007290 0.99999948
0.99999776 0.00148497 -0.00150698 -0.00148538 0.99999886 -0.00027002 0.00150657 0.00027226 0.99999883
0.99999880 0.00148609 0.00043032 -0.00148581 0.99999868 -0.00065642 -0.00043130 0.00065578 0.99999969
0.99999793 0.00191008 0.00070046 -0.00190890 0.99999675 -0.00168878 -0.00070368 0.00168744 0.99999833
0.99998853 0.00108814 0.00466340 -0.00107612 0.99999610 -0.00257909 -0.00466619 0.00257404 0.99998580
0.99999301 0.00195823 0.00318362 -0.00195262 0.99999653 -0.00176696 -0.00318707 0.00176073 0.99999337
0.99999033 0.00175608 0.00403215 -0.00175077 0.99999759 -0.00132145 -0.00403446 0.00131437 0.99999100
0.99999196 0.00111332 0.00385260 -0.00111415 0.99999936 0.00021532 -0.00385235 -0.00021961 0.99999256
0.99999091 0.00015577 0.00426168 -0.00016058 0.99999935 0.00112703 -0.00426150 -0.00112771 0.99999028
0.99999093 0.00058932 0.00421823 -0.00060002 0.99999661 0.00253570 -0.00421672 -0.00253820 0.99998789
0.99998522 -0.00254809 0.00480269 0.00254173 0.99999589 0.00133005 -0.00480606 -0.00131782 0.99998758
0.99997832 0.00186590 0.00631420 -0.00186470 0.99999824 -0.00019722 -0.00631455 0.00018544 0.99998005
0.99996751 0.00086741 0.00801379 -0.00086433 0.99999955 -0.00038824 -0.00801413 0.00038131 0.99996781
0.99997086 -0.00026395 0.00762923 0.00026508 0.99999995 -0.00014740 -0.00762920 0.00014942 0.99997089
0.99997924 -0.00125519 0.00632038 0.00125617 0.99999920 -0.00015015 -0.00632019 0.00015809 0.99998001
0.99998062 -0.00086740 0.00616528 0.00087069 0.99999948 -0.00053011 -0.00616481 0.00053547 0.99998085
0.99997990 -0.00079433 0.00629065 0.00079669 0.99999961 -0.00037248 -0.00629035 0.00037748 0.99998014
0.99997642 -0.00127677 0.00674707 0.00128744 0.99999793 -0.00157775 -0.00674504 0.00158639 0.99997599
0.99998876 -0.00075626 0.00468069 0.00076347 0.99999852 -0.00154013 -0.00467952 0.00154368 0.99998786
0.99998915 -0.00051439 0.00463033 0.00051378 0.99999986 0.00013207 -0.00463040 -0.00012969 0.99998927
0.99999711 -0.00134263 0.00199213 0.00134060 0.99999858 0.00102041 -0.00199350 -0.00101774 0.99999750
0.99999738 -0.00126252 0.00191167 0.00125951 0.99999796 0.00157789 -0.00191366 -0.00157547 0.99999693
0.99999830 -0.00138589 0.00121465 0.00138571 0.99999903 0.00015091 -0.00121485 -0.00014922 0.99999925
0.99999791 -0.00203343 -0.00023375 0.00203306 0.99999671 -0.00156272 0.00023693 0.00156225 0.99999875
0.99999852 -0.00144957 -0.00092995 0.00144823 0.99999791 -0.00144628 0.00093204 0.00144493 0.99999852
0.99999347 0.00333179 -0.00139627 -0.00333028 0.99999387 0.00108349 0.00139987 -0.00107883 0.99999844
0.99999868 0.00083384 -0.00139465 -0.00083298 0.99999946 0.00061927 0.00139517 -0.00061811 0.99999884
0.99999652 -0.00214181 -0.00153730 0.00214308 0.99999737 0.00082200 0.00153554 -0.00082529 0.99999848
0.99998490 -0.00426854 -0.00345974 0.00426978 0.99999082 0.00035237 0.00345820 -0.00036714 0.99999395
0.99999404 -0.00232936 -0.00254662 0.00233212 0.99999670 0.00107991 0.00254410 -0.00108584 0.99999617
0.99999240 0.00008664 -0.00389783 -0.00009525 0.99999756 -0.00220765 0.00389763 0.00220801 0.99998997
0.99997968 0.00134053 -0.00623249 -0.00133958 0.99999909 0.00015639 0.00623270 -0.00014803 0.99998057
0.99997048 -0.00172595 -0.00748692 0.00174239 0.99999608 0.00219031 0.00748311 -0.00220329 0.99996957
0.99995564 -0.00317308 -0.00886880 0.00317891 0.99999474 0.00064349 0.00886671 -0.00067165 0.99996046
0.99993302 -0.00340333 -0.01106226 0.00340948 0.99999404 0.00053687 0.01106037 -0.00057455 0.99993867
0.99993499 -0.00276755 -0.01106152 0.00277067 0.99999613 0.00026693 0.01106074 -0.00029756 0.99993878
0.99995357 0.00078357 -0.00960404 -0.00077216 0.99999899 0.00119166 0.00960497 -0.00118419 0.99995317
0.99994659 0.00272825 -0.00996850 -0.00272929 0.99999627 -0.00009144 0.00996822 0.00011864 0.99995031
0.99996844 0.00180013 -0.00773790 -0.00180179 0.99999835 -0.00020874 0.00773751 0.00022267 0.99997004
0.99999244 0.00222092 -0.00319062 -0.00222063 0.99999753 0.00009678 0.00319083 -0.00008969 0.99999491
0.99999857 -0.00064625 -0.00156446 0.00064501 0.99999948 -0.00079087 0.00156497 0.00078985 0.99999846
0.99999691 0.00011000 -0.00248154 -0.00011003 0.99999999 -0.00001334 0.00248154 0.00001362 0.99999692
0.99999913 -0.00029856 -0.00128663 0.00029777 0.99999977 -0.00061286 0.00128682 0.00061247 0.99999898
0.99999961 0.00006250 -0.00087913 -0.00006364 0.99999915 -0.00130322 0.00087905 0.00130328 0.99999876
0.99999950 0.00087889 0.00048414 -0.00087836 0.99999902 -0.00109081 -0.00048509 0.00109039 0.99999929
0.99999726 0.00131184 0.00193898 -0.00131099 0.99999904 -0.00043958 -0.00193956 0.00043704 0.99999802
0.99999433 -0.00058140 0.00331757 0.00057951 0.99999967 0.00057187 -0.00331790 -0.00056995 0.99999433
0.99999713 -0.00093193 0.00220874 0.00093149 0.99999955 0.00019996 -0.00220892 -0.00019790 0.99999754
0.99999514 -0.00003256 0.00311841 0.00003360 0.99999994 -0.00033255 -0.00311840 0.00033266 0.99999508
0.99999713 -0.00033162 0.00237341 0.00033182 0.99999994 -0.00008150 -0.00237339 0.00008229 0.99999718
0.99999161 0.00063556 0.00404676 -0.00063939 0.99999935 0.00094524 -0.00404615 -0.00094782 0.99999137
0.99999672 0.00034054 0.00253661 -0.00034073 0.99999994 0.00007329 -0.00253658 -0.00007416 0.99999678
0.99998290 0.00014937 0.00584546 -0.00014902 0.99999999 -0.00005995 -0.00584547 0.00005908 0.99998291
0.99997812 0.00047751 0.00659731 -0.00048423 0.99999937 0.00101713 -0.00659682 -0.00102030 0.99997772
0.99997343 0.00063180 0.00726232 -0.00064209 0.99999879 0.00141460 -0.00726142 -0.00141923 0.99997263
0.99994873 0.00180847 0.00996331 -0.00181167 0.99999831 0.00031221 -0.00996273 -0.00033024 0.99995032
0.99996612 -0.00044491 0.00821895 0.00043877 0.99999962 0.00074832 -0.00821928 -0.00074469 0.99996594
0.99996265 -0.00036319 0.00863560 0.00035123 0.99999898 0.00138655 -0.00863610 -0.00138347 0.99996175
0.99995261 -0.00120826 0.00966024 0.00119604 0.99999848 0.00127070 -0.00966176 -0.00125909 0.99995253
0.99993349 0.00225948 0.01130963 -0.00228540 0.99999479 0.00227921 -0.01130443 -0.00230491 0.99993345
0.99993737 0.00142525 0.01110072 -0.00144930 0.99999662 0.00215867 -0.01109760 -0.00217462 0.99993606
0.99993736 0.00085509 0.01115956 -0.00087892 0.99999734 0.00213059 -0.01115771 -0.00214026 0.99993546
0.99992980 -0.00009584 0.01184869 0.00009065 0.99999990 0.00043857 -0.01184873 -0.00043747 0.99992971
0.99986624 0.00147000 0.01628949 -0.00146036 0.99999875 -0.00060417 -0.01629036 0.00058030 0.99986713
0.99982841 0.00040405 0.01851979 -0.00040949 0.99999987 0.00028960 -0.01851967 -0.00029714 0.99982845
0.99976442 -0.00107387 0.02167837 0.00107093 0.99999942 0.00014683 -0.02167851 -0.00012358 0.99976499
0.99973158 -0.00249382 0.02303381 0.00248112 0.99999675 0.00057979 -0.02303518 -0.00052249 0.99973452
0.99979056 -0.00378717 0.02011214 0.00376049 0.99999200 0.00136424 -0.02011715 -0.00128832 0.99979680
0.99975072 -0.00152921 0.02227448 0.00149433 0.99999763 0.00158243 -0.02227684 -0.00154875 0.99975064
0.99982022 -0.00390065 0.01855587 0.00388962 0.99999224 0.00063072 -0.01855818 -0.00055843 0.99982763
0.99980160 -0.00482191 0.01932661 0.00481340 0.99998830 0.00048703 -0.01932873 -0.00039391 0.99981310
0.99987395 -0.00539152 0.01493386 0.00539784 0.99998536 -0.00038278 -0.01493157 0.00046334 0.99988841
0.99993143 -0.00815220 0.00840715 0.00814872 0.99996670 0.00044794 -0.00841053 -0.00037940 0.99996456
0.99995586 -0.00895387 0.00284758 0.00895076 0.99995934 0.00110101 -0.00285733 -0.00107547 0.99999534
0.99995611 -0.00703273 -0.00619079 0.00703807 0.99997488 0.00084137 0.00618471 -0.00088490 0.99998048
0.99993285 -0.00413877 -0.01082418 0.00414872 0.99999099 0.00089738 0.01082037 -0.00094223 0.99994101
0.99989752 -0.00013915 -0.01431517 0.00014951 0.99999973 0.00072227 0.01431506 -0.00072434 0.99989727
0.99976787 0.00056691 -0.02153791 -0.00056948 0.99999983 -0.00011299 0.02153785 0.00012523 0.99976803
0.99964545 0.00046953 -0.02662227 -0.00048429 0.99999973 -0.00054789 0.02662201 0.00056059 0.99964541
0.99966937 0.00094259 -0.02569568 -0.00094336 0.99999955 -0.00001793 0.02569565 0.00004217 0.99966981
0.99960863 -0.00152470 -0.02793305 0.00156385 0.99999783 0.00137959 0.02793089 -0.00142273 0.99960884
0.99951210 -0.00022597 -0.03123329 0.00030994 0.99999635 0.00268365 0.03123257 -0.00269202 0.99950852
0.99940406 0.00124377 -0.03449617 -0.00123138 0.99999917 0.00038025 0.03449661 -0.00033755 0.99940476
0.99938196 0.00306146 -0.03501906 -0.00302846 0.99999492 0.00099512 0.03502193 -0.00088845 0.99938615
0.99927037 0.00356719 -0.03802633 -0.00356954 0.99999363 0.00000621 0.03802611 0.00012953 0.99927674
0.99934995 0.00495585 -0.03570866 -0.00494320 0.99998768 0.00044266 0.03571041 -0.00026586 0.99936214
0.99954374 0.00685072 -0.02941748 -0.00686588 0.99997634 -0.00041451 0.02941394 0.00061630 0.99956713
0.99964432 0.00591753 -0.02600412 -0.00592483 0.99998243 -0.00020353 0.02600246 0.00035752 0.99966181
0.99974603 0.00500993 -0.02197218 -0.00500463 0.99998743 0.00029593 0.02197339 -0.00018590 0.99975854
0.99982031 0.00325264 -0.01867536 -0.00324997 0.99999470 0.00017321 0.01867582 -0.00011249 0.99982559
0.99985937 0.00323709 -0.01645507 -0.00324552 0.99999462 -0.00048542 0.01645341 0.00053876 0.99986449
0.99993597 0.00252107 -0.01103148 -0.00254896 0.99999359 -0.00251538 0.01102506 0.00254334 0.99993599
0.99997200 0.00490836 -0.00564899 -0.00492481 0.99998366 -0.00290180 0.00563466 0.00292954 0.99997983
0.99997914 0.00623791 -0.00167411 -0.00623889 0.99998037 -0.00058344 0.00167044 0.00059387 0.99999843
0.99997880 0.00583895 0.00288117 -0.00584290 0.99998200 0.00136296 -0.00287316 -0.00137977 0.99999492
0.99996897 0.00376938 0.00691770 -0.00376841 0.99999289 -0.00015268 -0.00691823 0.00012660 0.99997606
0.99995783 0.00383498 0.00834506 -0.00383074 0.99999253 -0.00052306 -0.00834700 0.00049107 0.99996504
0.99988227 0.00311255 0.01502538 -0.00309763 0.99999469 -0.00101561 -0.01502847 0.00096895 0.99988660
0.99987122 0.00420278 0.01548830 -0.00418927 0.99999082 -0.00090480 -0.01549196 0.00083980 0.99987964
0.99987186 0.00101676 0.01597596 -0.00104299 0.99999812 0.00163342 -0.01597427 -0.00164987 0.99987104
0.99986408 0.00011174 0.01648679 -0.00010922 0.99999998 -0.00015409 -0.01648681 0.00015227 0.99986407
0.99986331 -0.00176247 0.01643918 0.00177619 0.99999809 -0.00081988 -0.01643771 0.00084897 0.99986453
0.99986360 -0.00190295 0.01640611 0.00194110 0.99999545 -0.00230977 -0.01640164 0.00234130 0.99986274
0.99988521 0.00152835 0.01507396 -0.00149357 0.99999620 -0.00231833 -0.01507745 0.00229555 0.99988369
0.99990257 0.00074328 0.01393923 -0.00071117 0.99999708 -0.00230850 -0.01394091 0.00229836 0.99990018
0.99991529 -0.00386722 0.01242809 0.00387916 0.99999204 -0.00093700 -0.01242436 0.00098513 0.99992233
0.99991229 -0.00218811 0.01306252 0.00220418 0.99999683 -0.00121568 -0.01305982 0.00124437 0.99991394
0.99990993 -0.00265097 0.01315703 0.00263248 0.99999552 0.00142210 -0.01316074 -0.00138734 0.99991243
0.99995961 -0.00198327 0.00876568 0.00198518 0.99999801 -0.00020866 -0.00876525 0.00022605 0.99996156
0.99996919 -0.00084216 0.00780431 0.00082769 0.99999793 0.00185823 -0.00780586 -0.00185172 0.99996782
0.99998660 -0.00117443 0.00504116 0.00117610 0.99999925 -0.00032756 -0.00504077 0.00033348 0.99998724
0.99999488 -0.00142903 0.00286254 0.00142663 0.99999863 0.00083735 -0.00286374 -0.00083327 0.99999555
0.99999234 -0.00230225 0.00316641 0.00229613 0.99999549 0.00193545 -0.00317085 -0.00192817 0.99999311
0.99999893 0.00050908 0.00137421 -0.00051048 0.99999935 0.00101769 -0.00137369 -0.00101839 0.99999854
0.99999821 0.00168745 0.00085901 -0.00168881 0.99999731 0.00159012 -0.00085633 -0.00159157 0.99999837
0.99999957 0.00040929 0.00082913 -0.00041112 0.99999749 0.00220072 -0.00082823 -0.00220106 0.99999723
0.99999493 0.00079547 0.00308197 -0.00080498 0.99999491 0.00308808 -0.00307950 -0.00309055 0.99999048
0.99999957 0.00061468 0.00069709 -0.00061745 0.99999186 0.00398810 -0.00069464 -0.00398853 0.99999180
0.99999926 0.00016824 -0.00120661 -0.00016511 0.99999662 0.00259293 0.00120704 -0.00259273 0.99999591
0.99999988 -0.00030496 -0.00038339 0.00030483 0.99999990 -0.00033649 0.00038349 0.00033638 0.99999987
0.99999541 0.00081071 -0.00291853 -0.00081903 0.99999560 -0.00285112 0.00291620 0.00285350 0.99999168
0.99999879 -0.00109685 -0.00110376 0.00109465 0.99999743 -0.00198774 0.00110594 0.00198653 0.99999742
0.99999991 -0.00029061 -0.00030612 0.00029031 0.99999947 -0.00098894 0.00030641 0.00098885 0.99999946
0.99999987 -0.00028706 0.00042313 0.00028706 0.99999996 0.00000062 -0.00042313 -0.00000050 0.99999991
0.99999808 0.00172507 0.00092835 -0.00172585 0.99999815 0.00084381 -0.00092690 -0.00084542 0.99999921
0.99999802 -0.00147779 0.00133516 0.00147804 0.99999889 -0.00018880 -0.00133488 0.00019078 0.99999909
0.99999573 -0.00195082 0.00217506 0.00195142 0.99999806 -0.00027440 -0.00217452 0.00027865 0.99999760
0.99998160 0.00455946 0.00400195 -0.00456083 0.99998954 0.00033208 -0.00400039 -0.00035033 0.99999194
0.99998113 0.00204678 0.00579269 -0.00205279 0.99999736 0.00103092 -0.00579057 -0.00104279 0.99998269
0.99997453 -0.00009348 0.00713591 0.00008522 0.99999933 0.00115788 -0.00713601 -0.00115724 0.99997387
0.99996934 0.00004248 0.00782996 -0.00004721 0.99999982 0.00060379 -0.00782994 -0.00060414 0.99996916
0.99993801 0.00269859 0.01080203 -0.00270698 0.99999605 0.00076198 -0.01079993 -0.00079117 0.99994137
0.99992549 -0.00018684 0.01220578 0.00018584 0.99999998 0.00008349 -0.01220580 -0.00008121 0.99992550
0.99989322 0.00038833 0.01460835 -0.00039603 0.99999978 0.00052454 -0.01460815 -0.00053027 0.99989315
0.99983992 0.00370275 0.01750521 -0.00367055 0.99999151 -0.00187137 -0.01751199 0.00180682 0.99984502
0.99986243 -0.00110524 0.01655018 0.00110471 0.99999939 0.00004131 -0.01655021 -0.00002302 0.99986304
0.99981856 -0.00058271 0.01903955 0.00059018 0.99999975 -0.00038627 -0.01903932 0.00039744 0.99981866
0.99984531 -0.00121938 0.01754607 0.00123511 0.99999884 -0.00088577 -0.01754497 0.00090730 0.99984566
0.99985298 -0.00435859 0.01658355 0.00434283 0.99999008 0.00098647 -0.01658768 -0.00091431 0.99986200
0.99989243 -0.00660457 0.01309592 0.00659131 0.99997772 0.00105577 -0.01310260 -0.00096934 0.99991369
0.99995318 -0.00603867 0.00756064 0.00603637 0.99998173 0.00032767 -0.00756248 -0.00028202 0.99997136
0.99997274 -0.00723709 0.00146119 0.00723732 0.99997380 -0.00015372 -0.00146004 0.00016429 0.99999892
0.99998468 -0.00553452 -0.00007009 0.00553443 0.99998406 -0.00111789 0.00007627 0.00111748 0.99999937
0.99997186 -0.00520786 -0.00539984 0.00520886 0.99998642 0.00017222 0.00539887 -0.00020034 0.99998541
0.99995883 -0.00455452 -0.00784842 0.00455338 0.99998962 -0.00016311 0.00784908 0.00012736 0.99996919
0.99992213 -0.00292081 -0.01213249 0.00291496 0.99999563 -0.00049974 0.01213390 0.00046433 0.99992627
0.99992231 -0.00232833 -0.01224531 0.00232423 0.99999724 -0.00034957 0.01224609 0.00032109 0.99992496
0.99994537 0.00078568 -0.01042345 -0.00078493 0.99999969 0.00007592 0.01042350 -0.00006773 0.99994567
0.99997242 0.00186582 -0.00718895 -0.00185946 0.99999787 0.00089078 0.00719060 -0.00087739 0.99997376
0.99996669 -0.00207536 -0.00789439 0.00208322 0.99999734 0.00098811 0.00789232 -0.00100452 0.99996835
0.99996956 0.00000766 -0.00780250 -0.00000450 0.99999992 0.00040459 0.00780250 -0.00040455 0.99996948
0.99996652 -0.00267210 -0.00773464 0.00268106 0.99999575 0.00114772 0.00773154 -0.00116842 0.99996943
0.99996702 -0.00110046 -0.00804667 0.00111509 0.99999773 0.00181437 0.00804465 -0.00182328 0.99996598
0.99996532 -0.00212735 -0.00805179 0.00213151 0.99999760 0.00050892 0.00805069 -0.00052606 0.99996745
0.99996790 0.00057639 -0.00799125 -0.00057339 0.99999976 0.00037829 0.00799147 -0.00037370 0.99996800
0.99996777 0.00329093 -0.00732296 -0.00330122 0.99999358 -0.00139333 0.00731832 0.00141746 0.99997222
0.99997477 -0.00060687 -0.00707699 0.00059858 0.99999913 -0.00117419 0.00707769 0.00116993 0.99997427
0.99998846 -0.00104020 -0.00468963 0.00103300 0.99999829 -0.00153612 0.00469122 0.00153126 0.99998782
0.99999245 -0.00036959 -0.00386838 0.00037365 0.99999938 0.00105008 0.00386799 -0.00105152 0.99999197
0.99998048 0.00095622 -0.00617527 -0.00095944 0.99999941 -0.00051853 0.00617477 0.00052445 0.99998080
0.99999319 0.00170970 -0.00327037 -0.00170832 0.99999845 0.00042383 0.00327109 -0.00041824 0.99999456
0.99998770 -0.00077674 -0.00489868 0.00077502 0.99999964 -0.00035423 0.00489895 0.00035043 0.99998794
0.99999586 -0.00073706 -0.00278067 0.00073661 0.99999972 -0.00016210 0.00278079 0.00016005 0.99999612
0.99999959 0.00074022 -0.00051793 -0.00074099 0.99999861 -0.00149091 0.00051682 0.00149129 0.99999875
0.99999931 0.00115473 -0.00021782 -0.00115490 0.99999906 -0.00074349 0.00021696 0.00074374 0.99999970
0.99999676 0.00244084 0.00072048 -0.00244107 0.99999697 0.00031999 -0.00071970 -0.00032175 0.99999969
0.99998728 0.00140363 0.00484392 -0.00139462 0.99999729 -0.00186314 -0.00484652 0.00185636 0.99998653
0.99997527 0.00267158 0.00650515 -0.00266873 0.99999634 -0.00044606 -0.00650632 0.00042869 0.99997874
0.99996003 0.00136120 0.00883652 -0.00132420 0.99999034 -0.00419240 -0.00884214 0.00418053 0.99995217
0.99996099 0.00338897 0.00815671 -0.00335479 0.99998555 -0.00420070 -0.00817083 0.00417317 0.99995791
0.99989494 0.00410606 0.01390139 -0.00401835 0.99997188 -0.00633180 -0.01392700 0.00627528 0.99988332
0.99984791 0.00336221 0.01711268 -0.00329767 0.99998735 -0.00379858 -0.01712524 0.00374157 0.99984635
0.99980909 0.00413219 0.01909741 -0.00411454 0.99999107 -0.00096314 -0.01910122 0.00088438 0.99981716
0.99971688 -0.00027027 0.02379240 0.00026659 0.99999995 0.00015805 -0.02379244 -0.00015166 0.99971691
0.99968714 -0.00506269 0.02449480 0.00500090 0.99998416 0.00258322 -0.02450749 -0.00245992 0.99969662
0.99956183 -0.00619574 0.02894399 0.00617560 0.99998062 0.00078537 -0.02894830 -0.00060628 0.99958073
0.99945023 -0.00156151 0.03311811 0.00152539 0.99999821 0.00111578 -0.03311979 -0.00106465 0.99945082
0.99942167 0.00348193 0.03382595 -0.00348722 0.99999391 0.00009748 -0.03382540 -0.00021538 0.99942773
0.99921871 0.01133875 0.03786039 -0.01134700 0.99993562 0.00000296 -0.03785792 -0.00043256 0.99928304
0.99929428 0.00809241 0.03668035 -0.00802840 0.99996598 -0.00189213 -0.03669441 0.00159631 0.99932526
0.99920389 -0.00012061 0.03989459 0.00023617 0.99999579 -0.00289193 -0.03989408 0.00289905 0.99919971
0.99911074 -0.01058493 0.04081276 0.01065889 0.99994192 -0.00159506 -0.04079351 0.00202866 0.99916554
0.99903185 -0.00822502 0.04321707 0.00834288 0.99996195 -0.00254759 -0.04319448 0.00290568 0.99906246
0.99892053 -0.00017921 0.04645153 0.00019251 0.99999994 -0.00028180 -0.04645147 0.00029044 0.99892051
0.99880471 0.00899487 0.04804424 -0.00916099 0.99995279 0.00323860 -0.04801284 -0.00367486 0.99883996
0.99889629 0.00720027 0.04641503 -0.00760602 0.99993434 0.00857115 -0.04635027 -0.00891472 0.99888547
0.99873394 0.00557328 0.04999463 -0.00581677 0.99997191 0.00472608 -0.04996689 -0.00501090 0.99873830
0.99855440 0.00054547 0.05374769 -0.00082992 0.99998577 0.00527001 -0.05374405 -0.00530700 0.99854064
0.99855818 -0.00198958 0.05364322 0.00193116 0.99999748 0.00114068 -0.05364536 -0.00103544 0.99855951
0.99840127 -0.00174632 0.05649652 0.00203638 0.99998504 -0.00507689 -0.05648681 0.00518382 0.99838989
0.99832817 -0.00048404 0.05779821 0.00090711 0.99997299 -0.00729388 -0.05779312 0.00733412 0.99830164
0.99834699 0.00036731 0.05747310 -0.00013009 0.99999146 -0.00413107 -0.05747413 0.00411676 0.99833851
0.99824360 0.00399992 0.05910765 -0.00407980 0.99999092 0.00123086 -0.05910219 -0.00146985 0.99825086
0.99839737 0.00263872 0.05653076 -0.00284356 0.99998968 0.00354347 -0.05652083 -0.00369854 0.99839457
0.99838449 -0.00474167 0.05662084 0.00482283 0.99998753 -0.00129677 -0.05661398 0.00156775 0.99839491
0.99854728 -0.00300057 0.05379888 0.00333047 0.99997619 -0.00604354 -0.05377947 0.00621393 0.99853350
0.99877372 -0.00364635 0.04937372 0.00379157 0.99998876 -0.00284804 -0.04936278 0.00303175 0.99877631
0.99896779 0.00324721 0.04530798 -0.00321310 0.99999450 -0.00082566 -0.04531041 0.00067923 0.99897273
0.99921213 0.00586367 0.03925217 -0.00592370 0.99998146 0.00141311 -0.03924316 -0.00164451 0.99922834
0.99954636 0.00159018 0.03007581 -0.00167410 0.99999478 0.00276524 -0.03007125 -0.00281433 0.99954380
0.99938619 -0.00514120 0.03465281 0.00501224 0.99998019 0.00380728 -0.03467169 -0.00363126 0.99939216
0.99965116 -0.00215800 0.02632288 0.00214296 0.99999752 0.00059959 -0.02632411 -0.00054298 0.99965331
0.99984997 0.00053066 0.01731371 -0.00048483 0.99999637 -0.00265083 -0.01731506 0.00264204 0.99984659
0.99989506 0.00174162 0.01438188 -0.00171208 0.99999640 -0.00206608 -0.01438543 0.00204124 0.99989444
0.99987153 0.00031737 0.01602570 -0.00037204 0.99999412 0.00340862 -0.01602452 -0.00341415 0.99986577
0.99989119 -0.00128659 0.01469522 0.00123197 0.99999230 0.00372524 -0.01469990 -0.00370673 0.99988508
0.99988132 -0.00336640 0.01503376 0.00334703 0.99999354 0.00131313 -0.01503808 -0.00126266 0.99988612
0.99985370 -0.00197371 0.01699062 0.00197489 0.99999805 -0.00005294 -0.01699048 0.00008649 0.99985565
0.99984698 -0.00315412 0.01720676 0.00313176 0.99999422 0.00132579 -0.01721084 -0.00127170 0.99985107
0.99987982 -0.00118395 0.01545749 0.00118212 0.99999929 0.00012810 -0.01545763 -0.00010981 0.99988052
0.99981733 0.00314900 0.01885183 -0.00312428 0.99999422 -0.00134025 -0.01885594 0.00128110 0.99982139
0.99987176 0.00164591 0.01592970 -0.00163301 0.99999833 -0.00082294 -0.01593103 0.00079682 0.99987278
0.99990046 -0.00300080 0.01378625 0.00304584 0.99999009 -0.00324686 -0.01377637 0.00328853 0.99989969
0.99993178 0.00023494 0.01167778 -0.00015923 0.99997897 -0.00648340 -0.01167906 0.00648110 0.99991079
0.99994402 0.00293358 0.01016594 -0.00290589 0.99999203 -0.00273775 -0.01017389 0.00270805 0.99994458
0.99996325 0.00447464 0.00731248 -0.00446372 0.99998890 -0.00150796 -0.00731914 0.00147526 0.99997213
0.99998668 0.00075330 0.00510642 -0.00075611 0.99999956 0.00054969 -0.00510600 -0.00055355 0.99998681
0.99999732 -0.00201409 0.00114435 0.00201128 0.99999497 0.00245359 -0.00114928 -0.00245128 0.99999634
0.99999901 -0.00100767 -0.00098228 0.00100813 0.99999938 0.00046819 0.00098180 -0.00046918 0.99999941
0.99999716 -0.00231003 -0.00057828 0.00231051 0.99999698 0.00083494 0.00057635 -0.00083628 0.99999948
0.99999174 -0.00375234 -0.00156163 0.00375478 0.99999173 0.00156072 0.00155576 -0.00156657 0.99999756
0.99999999 0.00012282 0.00005521 -0.00012290 0.99999900 0.00140907 -0.00005504 -0.00140908 0.99999901
0.99999419 0.00267948 -0.00210622 -0.00267666 0.99999552 0.00134018 0.00210980 -0.00133453 0.99999688
0.99999867 -0.00024663 -0.00161321 0.00024758 0.99999980 0.00058605 0.00161307 -0.00058645 0.99999853
0.99999031 -0.00377743 -0.00225885 0.00377828 0.99999279 0.00037456 0.00225742 -0.00038309 0.99999738
0.99999648 -0.00184760 -0.00190552 0.00184851 0.99999818 0.00047888 0.00190463 -0.00048240 0.99999807
0.99999889 -0.00049043 -0.00140985 0.00048928 0.99999954 -0.00081991 0.00141025 0.00081922 0.99999867
0.99999768 -0.00176471 -0.00123419 0.00176425 0.99999837 -0.00037151 0.00123485 0.00036933 0.99999917
0.99999710 -0.00222359 -0.00092857 0.00222283 0.99999720 -0.00081313 0.00093037 0.00081106 0.99999924
0.99998710 -0.00344417 -0.00373352 0.00344124 0.99999377 -0.00079084 0.00373622 0.00077798 0.99999272
0.99998265 -0.00360474 -0.00465843 0.00360538 0.99999349 0.00012889 0.00465793 -0.00014569 0.99998914
0.99998687 -0.00074426 -0.00507106 0.00074656 0.99999962 0.00045217 0.00507072 -0.00045595 0.99998704
0.99999192 -0.00166752 -0.00365817 0.00166854 0.99999857 0.00027514 0.00365771 -0.00028124 0.99999327
0.99999363 0.00006309 -0.00356779 -0.00006158 0.99999991 0.00042247 0.00356781 -0.00042225 0.99999355
0.99999561 0.00165144 -0.00245888 -0.00164537 0.99999560 0.00246738 0.00246294 -0.00246332 0.99999393
0.99999044 0.00412519 -0.00145085 -0.00412064 0.99998663 0.00312427 0.00146372 -0.00311826 0.99999407
0.99999996 0.00000807 0.00027568 -0.00000901 0.99999427 0.00338634 -0.00027565 -0.00338634 0.99999423
0.99999570 0.00198204 0.00216112 -0.00198796 0.99999427 0.00274176 -0.00215568 -0.00274604 0.99999391
0.99998043 0.00617318 0.00101389 -0.00617520 0.99997893 0.00200244 -0.00100151 -0.00200866 0.99999748
0.99998546 0.00406119 0.00354704 -0.00406024 0.99999172 -0.00027425 -0.00354813 0.00025985 0.99999367
0.99999342 0.00333051 0.00144011 -0.00332761 0.99999245 -0.00200807 -0.00144679 0.00200327 0.99999695
0.99998801 0.00013443 0.00489489 -0.00012049 0.99999594 -0.00284802 -0.00489525 0.00284740 0.99998396
0.99999862 -0.00076570 0.00147300 0.00077110 0.99999297 -0.00366816 -0.00147018 0.00366929 0.99999219
0.99997036 0.00737634 0.00220761 -0.00736600 0.99996204 -0.00465442 -0.00224185 0.00463802 0.99998673
0.99999509 -0.00224301 0.00218839 0.00224637 0.99999630 -0.00153482 -0.00218494 0.00153973 0.99999643
0.99999073 -0.00362729 0.00231808 0.00362392 0.99999238 0.00145405 -0.00232334 -0.00144564 0.99999626
0.99999883 -0.00015247 0.00151936 0.00014823 0.99999608 0.00279654 -0.00151978 -0.00279631 0.99999494
0.99999717 0.00208012 0.00115293 -0.00207909 0.99999744 -0.00088761 -0.00115477 0.00088521 0.99999894
0.99999613 0.00031494 -0.00276360 -0.00031100 0.99999894 0.00142420 0.00276405 -0.00142334 0.99999517
0.99999060 -0.00415471 0.00123714 0.00415131 0.99998763 0.00274100 -0.00124851 -0.00273584 0.99999548
0.99999437 -0.00335225 -0.00015656 0.00335272 0.99998953 0.00311514 0.00014612 -0.00311565 0.99999514
0.99999473 -0.00324511 -0.00010195 0.00324506 0.99999457 -0.00056595 0.00010378 0.00056562 0.99999983
0.99999905 -0.00133064 -0.00036283 0.00132942 0.99999348 -0.00335692 0.00036730 0.00335644 0.99999430
0.99999521 -0.00255113 -0.00175337 0.00254128 0.99998111 -0.00559687 0.00176761 0.00559239 0.99998280
0.99999572 -0.00291149 -0.00027548 0.00291092 0.99999367 -0.00204802 0.00028144 0.00204721 0.99999786
0.99998300 -0.00582724 0.00022206 0.00582649 0.99997775 0.00324720 -0.00024098 -0.00324585 0.99999470
0.99999952 -0.00091871 0.00035406 0.00091789 0.99999691 0.00231164 -0.00035618 -0.00231132 0.99999727
0.99999972 -0.00068382 -0.00030542 0.00068375 0.99999974 -0.00022378 0.00030558 0.00022357 0.99999993
0.99999829 -0.00180217 0.00040700 0.00180361 0.99999206 -0.00355282 -0.00040059 0.00355355 0.99999361
0.99999914 -0.00088372 -0.00097104 0.00088116 0.99999615 -0.00263007 0.00097336 0.00262921 0.99999607
0.99999982 -0.00025821 0.00053300 0.00025763 0.99999938 0.00108514 -0.00053328 -0.00108500 0.99999927
0.99999871 0.00056987 -0.00150179 -0.00056505 0.99999469 0.00321027 0.00150362 -0.00320942 0.99999372
0.99999886 0.00076551 0.00130241 -0.00076784 0.99999810 0.00179218 -0.00130104 -0.00179318 0.99999755
0.99999742 0.00204378 0.00099296 -0.00204384 0.99999791 0.00005929 -0.00099283 -0.00006131 0.99999951
0.99999983 0.00037852 0.00043269 -0.00037827 0.99999976 -0.00058413 -0.00043291 0.00058397 0.99999974
0.99999991 0.00041668 0.00009291 -0.00041659 0.99999944 -0.00096867 -0.00009331 0.00096863 0.99999953
0.99999809 -0.00043099 -0.00190525 0.00043031 0.99999984 -0.00035598 0.00190540 0.00035516 0.99999812
0.99999457 0.00322791 0.00066106 -0.00322718 0.99999418 -0.00110801 -0.00066463 0.00110587 0.99999917
0.99999740 0.00227177 0.00021920 -0.00227166 0.99999728 -0.00052441 -0.00022039 0.00052391 0.99999984
0.99999862 -0.00164622 -0.00023421 0.00164694 0.99999382 0.00310560 0.00022910 -0.00310598 0.99999515
0.99999693 0.00244437 -0.00039403 -0.00244371 0.99999562 0.00167265 0.00039812 -0.00167168 0.99999852
0.99999462 -0.00197048 0.00262137 0.00197430 0.99999699 -0.00145389 -0.00261850 0.00145905 0.99999551
0.99999996 0.00006715 0.00027282 -0.00006634 0.99999561 -0.00296293 -0.00027301 0.00296291 0.99999557
0.99999948 0.00021094 -0.00099493 -0.00021243 0.99999885 -0.00150185 0.00099461 0.00150206 0.99999838
0.99999952 -0.00003807 -0.00097477 0.00004021 0.99999760 0.00219278 0.00097469 -0.00219282 0.99999712
0.99999773 0.00207658 -0.00047420 -0.00207686 0.99999767 -0.00059352 0.00047297 0.00059450 0.99999971
0.99999807 0.00168398 -0.00101011 -0.00168412 0.99999857 -0.00013986 0.00100988 0.00014156 0.99999948
0.99999932 -0.00090080 -0.00074447 0.00090202 0.99999824 0.00164249 0.00074299 -0.00164316 0.99999837
0.99999831 0.00175778 -0.00053856 -0.00175620 0.99999423 0.00290857 0.00054367 -0.00290761 0.99999563
0.99999931 -0.00109408 -0.00042118 0.00109487 0.99999765 0.00187272 0.00041913 -0.00187318 0.99999816
0.99999947 -0.00005482 0.00102664 0.00005562 0.99999969 -0.00078700 -0.00102660 0.00078706 0.99999916
0.99999932 0.00115639 0.00013624 -0.00115616 0.99999799 -0.00163819 -0.00013813 0.00163803 0.99999865
0.99999656 -0.00249961 -0.00079086 0.00249723 0.99999239 -0.00299852 0.00079834 0.00299654 0.99999519
0.99999780 0.00128357 -0.00166003 -0.00128379 0.99999917 -0.00013293 0.00165986 0.00013506 0.99999861
0.99999508 0.00304969 0.00073190 -0.00305265 0.99998701 0.00408079 -0.00071945 -0.00408301 0.99999141
0.99998806 0.00484787 0.00061507 -0.00484954 0.99998447 0.00274540 -0.00060175 -0.00274835 0.99999604
0.99997478 0.00708888 -0.00043545 -0.00708986 0.99997223 -0.00229492 0.00041917 0.00229795 0.99999727
0.99999505 0.00294612 -0.00110210 -0.00294914 0.99999188 -0.00274713 0.00109399 0.00275037 0.99999562
0.99999230 -0.00312276 -0.00237729 0.00312802 0.99999266 0.00221297 0.00237036 -0.00222039 0.99999473
0.99999102 0.00313973 -0.00284651 -0.00313551 0.99999398 0.00148368 0.00285116 -0.00147474 0.99999485
0.99998704 0.00472347 -0.00190062 -0.00472841 0.99998543 -0.00260429 0.00188829 0.00261324 0.99999480
0.99999807 0.00168274 -0.00100973 -0.00168581 0.99999392 -0.00305234 0.00100459 0.00305403 0.99999483
0.99999608 0.00118733 -0.00253433 -0.00118689 0.99999928 0.00017720 0.00253454 -0.00017419 0.99999677
0.99999636 0.00236394 -0.00129809 -0.00236128 0.99999511 0.00205209 0.00130294 -0.00204902 0.99999705
0.99999587 -0.00008116 -0.00287155 0.00008703 0.99999791 0.00204389 0.00287138 -0.00204413 0.99999379
0.99999894 0.00138811 -0.00044772 -0.00138855 0.99999856 -0.00097657 0.00044637 0.00097719 0.99999942
0.99999868 -0.00161880 -0.00012836 0.00161867 0.99999815 -0.00103759 0.00013004 0.00103738 0.99999945
0.99999635 -0.00255894 0.00086438 0.00255994 0.99999605 -0.00115888 -0.00086141 0.00116109 0.99999895
0.99999714 -0.00008946 0.00238884 0.00008717 0.99999954 0.00095883 -0.00238892 -0.00095862 0.99999669
0.99998006 -0.00477631 0.00413190 0.00477752 0.99998855 -0.00028280 -0.00413050 0.00030253 0.99999142
0.99998765 -0.00484789 0.00109466 0.00484745 0.99998817 0.00040941 -0.00109663 -0.00040410 0.99999932
0.99998949 -0.00404705 0.00215464 0.00404525 0.99999147 0.00083925 -0.00215801 -0.00083052 0.99999733
0.99998898 -0.00468677 0.00027629 0.00468611 0.99998628 0.00233985 -0.00028725 -0.00233853 0.99999722
0.99999832 -0.00160005 0.00089696 0.00159791 0.99999589 0.00238000 -0.00090077 -0.00237856 0.99999677
0.99998978 0.00418605 0.00170705 -0.00419121 0.99998661 0.00303446 -0.00169432 -0.00304158 0.99999394
0.99999936 0.00100644 0.00052528 -0.00100787 0.99999579 0.00271979 -0.00052254 -0.00272032 0.99999616
0.99998316 0.00574105 0.00084916 -0.00574313 0.99998046 0.00247093 -0.00083496 -0.00247577 0.99999659
0.99999395 0.00339186 -0.00077711 -0.00339059 0.99999293 0.00162885 0.00078263 -0.00162621 0.99999837
0.99999403 0.00295859 -0.00178321 -0.00295714 0.99999529 0.00081594 0.00178562 -0.00081066 0.99999808
0.99999346 0.00361695 0.00003543 -0.00361687 0.99999125 -0.00210021 -0.00004302 0.00210007 0.99999779
0.99999783 0.00110092 -0.00176648 -0.00111010 0.99998587 -0.00519976 0.00176073 0.00520170 0.99998492
0.99999276 0.00360512 -0.00121621 -0.00361372 0.99996799 -0.00713908 0.00119044 0.00714342 0.99997378
0.99999948 0.00013274 -0.00100895 -0.00013592 0.99999501 -0.00315524 0.00100853 0.00315537 0.99999451
