1.00000000 0.00000000 0.00000000 0.00000000 1.00000000 0.00000000 0.00000000 0.00000000 1.00000000
0.99998773 -0.00382115 0.00315400 0.00383271 0.99998592 -0.00366980 -0.00313993 0.00368184 0.99998829
0.99999364 0.00159232 0.00319178 -0.00156804 0.99996994 -0.00759379 -0.00320378 0.00758873 0.99996607
0.99996490 0.00771707 0.00326176 -0.00769994 0.99995667 -0.00523125 -0.00330199 0.00520595 0.99998100
0.99999110 -0.00354930 0.00228172 0.00354580 0.99999253 0.00153535 -0.00228715 -0.00152724 0.99999622
0.99995483 -0.00944364 0.00107181 0.00943855 0.99994459 0.00466122 -0.00111577 -0.00465090 0.99998856
0.99998232 -0.00570233 0.00168651 0.00569915 0.99998199 0.00188166 -0.00169721 -0.00187202 0.99999681
0.99999938 0.00061273 0.00093266 -0.00061469 0.99999760 0.00210420 -0.00093137 -0.00210477 0.99999735
0.99998969 0.00454079 -0.00003021 -0.00454048 0.99996745 0.00666948 0.00006049 -0.00666927 0.99997776
0.99999955 0.00068839 0.00065328 -0.00069120 0.99999045 0.00431426 -0.00065030 -0.00431471 0.99999048
0.99999953 0.00096789 0.00010355 -0.00096750 0.99999264 -0.00371224 -0.00010714 0.00371213 0.99999310
0.99999563 0.00280394 0.00093580 -0.00279569 0.99995827 -0.00869715 -0.00096015 0.00869449 0.99996174
0.99999728 0.00224913 0.00062263 -0.00224641 0.99998808 -0.00433543 -0.00063238 0.00433402 0.99999041
0.99999532 0.00305812 -0.00001653 -0.00305791 0.99996746 0.00746518 0.00003936 -0.00746510 0.99997214
0.99999623 -0.00231738 0.00147262 0.00230410 0.99995722 0.00895871 -0.00149332 -0.00895529 0.99995879
0.99999511 -0.00248045 0.00190390 0.00247819 0.99999622 0.00118860 -0.00190684 -0.00118387 0.99999748
0.99999332 -0.00261423 0.00255382 0.00263818 0.99995216 -0.00941933 -0.00252907 0.00942600 0.99995238
0.99999599 0.00163510 0.00231263 -0.00161758 0.99997012 -0.00755892 -0.00232492 0.00755515 0.99996876
0.99999611 0.00108054 0.00257317 -0.00107098 0.99999253 -0.00371490 -0.00257717 0.00371213 0.99998979
0.99999144 -0.00261848 0.00320446 0.00261340 0.99999532 0.00158827 -0.00320861 -0.00157988 0.99999360
0.99999545 0.00131509 0.00271481 -0.00132122 0.99999658 0.00225888 -0.00271183 -0.00226246 0.99999376
0.99998539 0.00446349 0.00304827 -0.00447922 0.99997658 0.00517393 -0.00302510 -0.00518751 0.99998197
0.99999275 0.00246753 0.00289909 -0.00249122 0.99996331 0.00819631 -0.00287876 -0.00820348 0.99996221
0.99999658 0.00096258 0.00243307 -0.00097669 0.99998268 0.00580338 -0.00242745 -0.00580573 0.99998020
0.99999678 0.00001593 0.00253715 -0.00001297 0.99999932 -0.00116690 -0.00253716 0.00116686 0.99999610
0.99999615 0.00132848 0.00243626 -0.00131190 0.99997606 -0.00679398 -0.00244522 0.00679076 0.99997395
0.99999764 0.00137842 0.00167770 -0.00136308 0.99995754 -0.00911384 -0.00169020 0.00911153 0.99995706
0.99999521 0.00227209 0.00210097 -0.00226730 0.99999482 -0.00228244 -0.00210615 0.00227767 0.99999519
0.99999302 0.00242892 0.00284017 -0.00244053 0.99998865 0.00409236 -0.00283020 -0.00409926 0.99998759
0.99998761 0.00396404 0.00300957 -0.00398489 0.99996788 0.00695396 -0.00298190 -0.00696586 0.99997129
0.99997354 0.00625735 0.00371131 -0.00626985 0.99997469 0.00336421 -0.00369017 -0.00338739 0.99998745
0.99998187 0.00431330 0.00420086 -0.00430298 0.99998771 -0.00246232 -0.00421142 0.00244420 0.99998814
0.99999048 0.00209334 0.00382890 -0.00206887 0.99997748 -0.00638411 -0.00384218 0.00637613 0.99997229
0.99998234 -0.00314816 0.00504119 0.00319791 0.99994597 -0.00989069 -0.00500978 0.00990664 0.99993838
0.99998220 -0.00152025 0.00576919 0.00154732 0.99998781 -0.00468974 -0.00576199 0.00469859 0.99997236
0.99997823 -0.00142137 0.00644402 0.00138953 0.99998681 0.00494409 -0.00645096 -0.00493503 0.99996701
0.99997243 -0.00254645 0.00697589 0.00246562 0.99993001 0.01157159 -0.00700486 -0.01155407 0.99990871
0.99996379 -0.00210246 0.00824613 0.00205208 0.99997921 0.00611269 -0.00825881 -0.00609554 0.99994732
0.99994969 -0.00458219 0.00892322 0.00460399 0.99998646 -0.00242362 -0.00891199 0.00246458 0.99995725
0.99996503 -0.00109282 0.00829124 0.00115854 0.99996793 -0.00792485 -0.00828232 0.00793417 0.99993422
0.99995979 -0.00212777 0.00871183 0.00217182 0.99998489 -0.00505007 -0.00870095 0.00506879 0.99994930
0.99996447 -0.00284837 0.00793329 0.00284789 0.99999594 0.00007094 -0.00793346 -0.00004835 0.99996853
0.99995526 -0.00612698 0.00720686 0.00610530 0.99997678 0.00302686 -0.00722524 -0.00298273 0.99996945
0.99997792 -0.00332548 0.00575283 0.00331144 0.99999152 0.00244866 -0.00576093 -0.00242956 0.99998045
0.99997598 -0.00531621 0.00444637 0.00530998 0.99998491 0.00140982 -0.00445380 -0.00138617 0.99998912
0.99999740 -0.00142268 0.00178073 0.00142647 0.99999671 -0.00213073 -0.00177769 0.00213326 0.99999614
0.99999820 -0.00189744 0.00002001 0.00189747 0.99999654 -0.00182090 -0.00001655 0.00182094 0.99999834
0.99999598 -0.00233723 -0.00160849 0.00233427 0.99999559 -0.00183462 0.00161278 0.00183086 0.99999702
0.99999564 0.00037658 -0.00292753 -0.00037546 0.99999986 0.00038284 0.00292767 -0.00038174 0.99999564
0.99999293 -0.00107419 -0.00360248 0.00108183 0.99999716 0.00212143 0.00360020 -0.00212531 0.99999126
0.99998001 0.00304564 -0.00554179 -0.00304630 0.99999535 -0.00010997 0.00554143 0.00012685 0.99998464
0.99997958 -0.00141330 -0.00623205 0.00141457 0.99999898 0.00020015 0.00623176 -0.00020896 0.99998056
0.99997177 0.00007856 -0.00751313 -0.00007130 0.99999953 0.00096663 0.00751320 -0.00096606 0.99997131
0.99995288 -0.00585869 -0.00774081 0.00587399 0.99998083 0.00195618 0.00772920 -0.00200156 0.99996813
0.99996890 -0.00202281 -0.00762249 0.00206073 0.99998553 0.00496935 0.00761233 -0.00498490 0.99995860
0.99997485 -0.00164828 -0.00689756 0.00168286 0.99998603 0.00501029 0.00688920 -0.00502177 0.99996366
0.99995329 -0.00037127 -0.00965830 0.00039984 0.99999555 0.00295652 0.00965716 -0.00296024 0.99994899
0.99997126 -0.00221792 -0.00725030 0.00220674 0.99999636 -0.00154978 0.00725371 0.00153374 0.99997252
0.99997106 -0.00013329 -0.00760695 0.00010721 0.99999411 -0.00342935 0.00760736 0.00342843 0.99996519
0.99996856 0.00040922 -0.00791848 -0.00044513 0.99998963 -0.00453306 0.00791654 0.00453644 0.99995837
0.99995395 0.00275964 -0.00919094 -0.00278753 0.99999154 -0.00302353 0.00918252 0.00304901 0.99995319
0.99995194 0.00313448 -0.00928984 -0.00316150 0.99999081 -0.00289490 0.00928068 0.00292413 0.99995266
0.99995694 0.00299660 -0.00878303 -0.00300734 0.99999475 -0.00120995 0.00877936 0.00123631 0.99996070
0.99995284 0.00366254 -0.00899437 -0.00365967 0.99999325 0.00033562 0.00899554 -0.00030269 0.99995949
0.99996425 0.00460750 -0.00709052 -0.00460590 0.99998936 0.00024205 0.00709156 -0.00020938 0.99997483
0.99998916 0.00082595 -0.00458297 -0.00081682 0.99999768 0.00199458 0.00458461 -0.00199082 0.99998751
0.99998608 0.00034280 -0.00526488 -0.00033003 0.99999700 0.00242724 0.00526570 -0.00242547 0.99998319
0.99999116 0.00119651 -0.00403064 -0.00118126 0.99999214 0.00378495 0.00403513 -0.00378016 0.99998471
0.99998731 0.00117760 -0.00489889 -0.00118046 0.99999913 -0.00058114 0.00489820 0.00058692 0.99998783
0.99998171 -0.00089560 -0.00598071 0.00090339 0.99999875 0.00129945 0.00597954 -0.00130483 0.99998127
0.99997462 -0.00369500 -0.00609121 0.00371002 0.99999010 0.00245676 0.00608208 -0.00247930 0.99997843
0.99999245 0.00238953 -0.00306528 -0.00238307 0.99999494 0.00210713 0.00307030 -0.00209981 0.99999308
0.99999452 0.00041093 -0.00328495 -0.00040586 0.99999872 0.00154575 0.00328558 -0.00154441 0.99999341
0.99999127 -0.00202093 -0.00365734 0.00202356 0.99999770 0.00071668 0.00365588 -0.00072407 0.99999306
0.99998960 -0.00328910 -0.00315892 0.00328385 0.99999322 -0.00166808 0.00316439 0.00165769 0.99999362
0.99999400 -0.00225427 -0.00262958 0.00225162 0.99999696 -0.00100943 0.00263185 0.00100351 0.99999603
0.99999442 0.00100965 -0.00318335 -0.00101283 0.99999899 -0.00099624 0.00318234 0.00099946 0.99999444
0.99999726 0.00048186 -0.00228963 -0.00047922 0.99999922 0.00115330 0.00229018 -0.00115220 0.99999671
0.99999742 -0.00047649 -0.00222101 0.00047858 0.99999944 0.00093914 0.00222056 -0.00094020 0.99999709
0.99999894 0.00012967 -0.00145191 -0.00012937 0.99999997 0.00020307 0.00145194 -0.00020289 0.99999893
0.99999818 0.00175962 -0.00073313 -0.00175982 0.99999841 -0.00027253 0.00073265 0.00027382 0.99999969
0.99999805 0.00196004 0.00023580 -0.00195983 0.99999767 -0.00090695 -0.00023757 0.00090649 0.99999956
0.99999788 0.00188402 0.00082656 -0.00188272 0.99999699 -0.00157201 -0.00082952 0.00157045 0.99999842
0.99999728 0.00066319 0.00223730 -0.00065804 0.99999713 -0.00230202 -0.00223882 0.00230054 0.99999485
0.99999172 0.00285992 0.00289623 -0.00285260 0.99999273 -0.00252907 -0.00290345 0.00252078 0.99999261
0.99998955 0.00205183 0.00408553 -0.00204516 0.99999657 -0.00163453 -0.00408887 0.00162615 0.99999032
0.99998973 0.00119155 0.00437161 -0.00119262 0.99999926 0.00024371 -0.00437132 -0.00024892 0.99999041
0.99998996 0.00002382 0.00448084 -0.00002977 0.99999912 0.00132690 -0.00448081 -0.00132702 0.99998908
0.99998679 0.00108602 0.00502338 -0.00109955 0.99999578 0.00269064 -0.00502043 -0.00269612 0.99998376
0.99998412 0.00071895 0.00559015 -0.00072683 0.99999874 0.00140839 -0.00558913 -0.00141243 0.99998338
0.99998270 0.00097689 0.00580106 -0.00097861 0.99999948 0.00029416 -0.00580077 -0.00029983 0.99998313
0.99997444 0.00104500 0.00707369 -0.00104230 0.99999938 -0.00038536 -0.00707409 0.00037797 0.99997491
0.99997414 -0.00040001 0.00718098 0.00039996 0.99999992 0.00000846 -0.00718099 -0.00000558 0.99997422
0.99997791 -0.00070633 0.00660979 0.00070889 0.99999967 -0.00038563 -0.00660952 0.00039031 0.99997808
0.99997853 -0.00110045 0.00646044 0.00110243 0.99999935 -0.00030261 -0.00646011 0.00030973 0.99997909
0.99997965 -0.00073680 0.00633632 0.00073898 0.99999967 -0.00034180 -0.00633607 0.00034647 0.99997987
0.99997958 0.00039883 0.00637852 -0.00039118 0.99999920 -0.00120005 -0.00637900 0.00119753 0.99997894
0.99998473 0.00038071 0.00551391 -0.00037380 0.99999914 -0.00125403 -0.00551439 0.00125195 0.99998401
0.99999131 -0.00033218 0.00415523 0.00033298 0.99999993 -0.00019005 -0.00415516 0.00019144 0.99999135
0.99999526 -0.00080137 0.00297409 0.00079804 0.99999905 0.00112177 -0.00297498 -0.00111939 0.99999495
0.99999782 -0.00121377 0.00170141 0.00121153 0.99999839 0.00131998 -0.00170301 -0.00131792 0.99999768
0.99999931 -0.00093841 0.00070918 0.00093829 0.99999955 0.00016773 -0.00070934 -0.00016707 0.99999973
0.99999831 -0.00162335 -0.00086360 0.00162204 0.99999752 -0.00152283 0.00086607 0.00152143 0.99999847
0.99999866 0.00086160 -0.00139274 -0.00086358 0.99999861 -0.00142418 0.00139151 0.00142538 0.99999802
0.99999389 0.00324959 -0.00128713 -0.00324845 0.99999433 0.00088383 0.00129000 -0.00087964 0.99999878
0.99999678 0.00209585 -0.00142770 -0.00209541 0.99999776 0.00031119 0.00142834 -0.00030820 0.99999893
0.99999510 -0.00185995 -0.00251737 0.00185953 0.99999826 -0.00016877 0.00251768 0.00016409 0.99999682
0.99998908 -0.00385196 -0.00264564 0.00385367 0.99999237 0.00064190 0.00264315 -0.00065209 0.99999629
0.99999588 -0.00152613 -0.00242965 0.00152816 0.99999849 0.00083068 0.00242838 -0.00083439 0.99999670
0.99998972 0.00120132 -0.00437140 -0.00120861 0.99999788 -0.00166666 0.00436939 0.00167192 0.99998906
0.99997814 0.00082000 -0.00656111 -0.00082013 0.99999966 -0.00001727 0.00656109 0.00002265 0.99997848
0.99996936 -0.00149655 -0.00768327 0.00151053 0.99999721 0.00181499 0.00768053 -0.00182654 0.99996884
0.99995119 -0.00267863 -0.00951051 0.00269033 0.99999564 0.00121767 0.00950721 -0.00124320 0.99995403
0.99992959 -0.00189262 -0.01171425 0.00188098 0.99999773 -0.00100462 0.01171612 0.00098251 0.99993088
0.99992420 0.00041130 -0.01230510 -0.00041741 0.99999979 -0.00049416 0.01230489 0.00049926 0.99992417
0.99993909 0.00265939 -0.01071150 -0.00265219 0.99999625 0.00068711 0.01071329 -0.00065866 0.99994239
0.99994561 0.00356633 -0.00980129 -0.00357006 0.99999356 -0.00036324 0.00979994 0.00039821 0.99995190
0.99996818 0.00311726 -0.00734321 -0.00312091 0.99999501 -0.00048553 0.00734166 0.00050843 0.99997292
0.99998941 0.00176282 -0.00425116 -0.00176403 0.99999841 -0.00027962 0.00425066 0.00028711 0.99999092
0.99999653 0.00019598 -0.00262827 -0.00019679 0.99999993 -0.00030670 0.00262821 0.00030721 0.99999650
0.99999688 -0.00038070 -0.00246948 0.00037895 0.99999968 -0.00071096 0.00246975 0.00071003 0.99999670
0.99999707 -0.00045998 -0.00237587 0.00045746 0.99999933 -0.00106162 0.00237636 0.00106053 0.99999661
0.99999960 0.00048857 -0.00075055 -0.00048958 0.99999898 -0.00133948 0.00074990 0.00133985 0.99999882
0.99999895 0.00128815 0.00066699 -0.00128716 0.99999809 -0.00146848 -0.00066888 0.00146762 0.99999870
0.99999903 0.00056129 0.00127612 -0.00056089 0.99999979 -0.00031554 -0.00127629 0.00031482 0.99999914
0.99999809 -0.00005236 0.00195151 0.00005219 1.00000000 0.00008449 -0.00195152 -0.00008438 0.99999809
0.99999676 -0.00008543 0.00254324 0.00008545 1.00000000 -0.00000761 -0.00254324 0.00000783 0.99999677
0.99999573 0.00016365 0.00291931 -0.00016481 0.99999991 0.00039665 -0.00291924 -0.00039713 0.99999566
0.99999439 0.00044669 0.00332068 -0.00044687 0.99999990 0.00005457 -0.00332065 -0.00005605 0.99999449
0.99999272 0.00046413 0.00378727 -0.00046621 0.99999974 0.00054695 -0.00378702 -0.00054871 0.99999268
0.99998708 0.00107698 0.00496727 -0.00107736 0.99999942 0.00007288 -0.00496719 -0.00007823 0.99998766
0.99998367 0.00026306 0.00570831 -0.00026173 0.99999994 -0.00023365 -0.00570837 0.00023215 0.99998368
0.99997909 0.00079773 0.00641690 -0.00080751 0.99999852 0.00152127 -0.00641568 -0.00152642 0.99997825
0.99997284 0.00129902 0.00725485 -0.00130697 0.99999855 0.00109077 -0.00725342 -0.00110022 0.99997309
0.99996853 0.00208397 0.00765527 -0.00208780 0.99999770 0.00049212 -0.00765423 -0.00050809 0.99997058
0.99997024 0.00080704 0.00767237 -0.00081341 0.99999933 0.00082605 -0.00767170 -0.00083227 0.99997023
0.99996295 0.00022424 0.00860523 -0.00023043 0.99999972 0.00071761 -0.00860507 -0.00071956 0.99996272
0.99995240 0.00019992 0.00975476 -0.00020491 0.99999985 0.00051082 -0.00975466 -0.00051280 0.99995229
0.99994398 0.00121380 0.01051511 -0.00122503 0.99999869 0.00106129 -0.01051380 -0.00107412 0.99994415
0.99993862 0.00108059 0.01102649 -0.00110070 0.99999774 0.00181823 -0.01102450 -0.00183026 0.99993755
0.99992365 0.00157665 0.01225589 -0.00160272 0.99999647 0.00211737 -0.01225251 -0.00213685 0.99992265
0.99990450 0.00067008 0.01380355 -0.00067362 0.99999974 0.00025148 -0.01380337 -0.00026075 0.99990469
0.99986484 0.00098888 0.01641089 -0.00097232 0.99999901 -0.00101722 -0.01641188 0.00100112 0.99986481
0.99980185 0.00112978 0.01987414 -0.00111955 0.99999924 -0.00052585 -0.01987472 0.00050350 0.99980235
0.99975053 -0.00024132 0.02233407 0.00024325 0.99999997 -0.00008361 -0.02233405 0.00008902 0.99975056
0.99976051 -0.00271628 0.02171511 0.00272778 0.99999615 -0.00049985 -0.02171367 0.00055897 0.99976407
0.99976713 -0.00338331 0.02131267 0.00336911 0.99999408 0.00070218 -0.02131492 -0.00063022 0.99977261
0.99976213 -0.00224248 0.02169442 0.00223009 0.99999734 0.00059503 -0.02169570 -0.00054651 0.99976447
0.99977379 -0.00311575 0.02103953 0.00310701 0.99999507 0.00044796 -0.02104082 -0.00038249 0.99977854
0.99980160 -0.00436761 0.01943400 0.00437203 0.99999043 -0.00018511 -0.01943301 0.00027004 0.99981112
0.99986862 -0.00512986 0.01537607 0.00513726 0.99998671 -0.00044192 -0.01537359 0.00052085 0.99988168
0.99993184 -0.00746735 0.00897477 0.00746968 0.99997208 -0.00022580 -0.00897284 0.00029283 0.99995970
0.99996845 -0.00790383 0.00079815 0.00790403 0.99996873 -0.00023592 -0.00079626 0.00024222 0.99999965
0.99996798 -0.00581984 -0.00549314 0.00582200 0.99998298 0.00037688 0.00549085 -0.00040885 0.99998484
0.99993503 -0.00269854 -0.01107479 0.00269321 0.99999625 -0.00049570 0.01107609 0.00046584 0.99993855
0.99985489 -0.00049628 -0.01702822 0.00048672 0.99999972 -0.00056551 0.01702850 0.00055714 0.99985485
0.99975948 -0.00084773 -0.02191508 0.00083559 0.99999949 -0.00056330 0.02191555 0.00054485 0.99975968
0.99969351 0.00003270 -0.02475645 -0.00004620 0.99999985 -0.00054462 0.02475643 0.00054560 0.99969336
0.99965989 0.00017267 -0.02607808 -0.00017980 0.99999995 -0.00027108 0.02607804 0.00027568 0.99965987
0.99960899 0.00026042 -0.02796060 -0.00024360 0.99999979 0.00060477 0.02796075 -0.00059772 0.99960884
0.99951995 -0.00041811 -0.03097894 0.00045183 0.99999931 0.00108143 0.03097846 -0.00109491 0.99951945
0.99940636 0.00117750 -0.03443155 -0.00118093 0.99999930 -0.00007927 0.03443143 0.00011989 0.99940706
0.99929096 0.00260454 -0.03756047 -0.00265508 0.99999564 -0.00129580 0.03755693 0.00139460 0.99929352
0.99928565 0.00408780 -0.03756979 -0.00411173 0.99999139 -0.00055960 0.03756718 0.00071368 0.99929385
0.99934966 0.00578139 -0.03559259 -0.00576308 0.99998320 0.00061685 0.03559556 -0.00041133 0.99936619
0.99947992 0.00682382 -0.03151714 -0.00683998 0.99997653 -0.00040498 0.03151363 0.00062034 0.99950313
0.99962831 0.00643910 -0.02649113 -0.00644224 0.99997925 -0.00003312 0.02649036 0.00020377 0.99964905
0.99972006 0.00591569 -0.02290886 -0.00590287 0.99998238 0.00062706 0.02291217 -0.00049166 0.99973736
0.99980007 0.00569541 -0.01916739 -0.00568788 0.99998372 0.00044765 0.01916963 -0.00033854 0.99981619
0.99986651 0.00492075 -0.01558059 -0.00492322 0.99998787 -0.00012007 0.01557981 0.00019676 0.99987861
0.99992931 0.00476983 -0.01089114 -0.00479647 0.99998556 -0.00242172 0.01087944 0.00247379 0.99993776
0.99996722 0.00587547 -0.00557068 -0.00589025 0.99997917 -0.00263928 0.00555506 0.00267201 0.99998100
0.99997974 0.00623919 -0.00126079 -0.00624049 0.99997999 -0.00103305 0.00125432 0.00104090 0.99999867
0.99997906 0.00578544 0.00290077 -0.00578533 0.99998326 -0.00004597 -0.00290099 0.00002918 0.99999579
0.99996823 0.00399666 0.00689749 -0.00399462 0.99999197 -0.00030872 -0.00689867 0.00028116 0.99997616
0.99993830 0.00344851 0.01055924 -0.00344705 0.99999405 -0.00015691 -0.01055972 0.00012050 0.99994424
0.99990472 0.00390204 0.01324067 -0.00388568 0.99999166 -0.00126117 -0.01324548 0.00120960 0.99991154
0.99987683 0.00474561 0.01496033 -0.00473207 0.99998836 -0.00093973 -0.01496462 0.00086882 0.99988765
0.99987015 0.00201625 0.01598825 -0.00203812 0.99999701 0.00135141 -0.01598547 -0.00138382 0.99987127
0.99987103 -0.00050904 0.01605219 0.00050736 0.99999987 0.00010856 -0.01605225 -0.00010040 0.99987115
0.99985920 -0.00092394 0.01675489 0.00093896 0.99999916 -0.00088903 -0.01675406 0.00090464 0.99985923
0.99987118 -0.00165846 0.01596503 0.00168776 0.99999692 -0.00182183 -0.01596196 0.00184854 0.99987089
0.99988229 0.00197501 0.01521534 -0.00193632 0.99999486 -0.00255709 -0.01522031 0.00252732 0.99988097
0.99990479 0.00065338 0.01378371 -0.00062246 0.99999728 -0.00224782 -0.01378515 0.00223902 0.99990247
0.99991023 -0.00108601 0.01335454 0.00110162 0.99999872 -0.00116136 -0.01335326 0.00117597 0.99991015
0.99990720 -0.00152572 0.01353773 0.00153700 0.99999848 -0.00082296 -0.01353645 0.00084369 0.99990802
0.99992530 -0.00144689 0.01213711 0.00144690 0.99999895 0.00000808 -0.01213711 0.00000948 0.99992634
0.99995126 -0.00004645 0.00987344 0.00004538 0.99999999 0.00010828 -0.00987345 -0.00010783 0.99995125
0.99997127 0.00004812 0.00757984 -0.00005617 0.99999943 0.00106220 -0.00757979 -0.00106259 0.99997071
0.99998479 -0.00209307 0.00510356 0.00209115 0.99999774 0.00038141 -0.00510435 -0.00037073 0.99998690
0.99999225 -0.00182531 0.00348923 0.00182397 0.99999826 0.00038767 -0.00348993 -0.00038130 0.99999384
0.99999866 0.00017219 0.00162727 -0.00017218 0.99999999 -0.00000557 -0.00162727 0.00000529 0.99999868
0.99999876 0.00070538 0.00141063 -0.00070624 0.99999957 0.00060836 -0.00141020 -0.00060935 0.99999882
0.99999837 0.00150455 0.00099944 -0.00150554 0.99999838 0.00099126 -0.00099795 -0.00099276 0.99999901
0.99999859 0.00115563 0.00121573 -0.00115797 0.99999748 0.00192247 -0.00121351 -0.00192388 0.99999741
0.99999910 0.00081365 0.00106308 -0.00081707 0.99999446 0.00322708 -0.00106045 -0.00322795 0.99999423
0.99999987 -0.00041450 0.00030830 0.00041350 0.99999467 0.00323729 -0.00030964 -0.00323716 0.99999471
0.99999979 -0.00028443 -0.00057942 0.00028563 0.99999779 0.00208076 0.00057883 -0.00208092 0.99999767
0.99999968 -0.00020856 -0.00077539 0.00020796 0.99999968 -0.00076688 0.00077555 0.00076672 0.99999941
0.99999909 -0.00014506 -0.00134119 0.00014163 0.99999671 -0.00256167 0.00134155 0.00256147 0.99999582
0.99999973 -0.00047263 -0.00056544 0.00047118 0.99999661 -0.00255976 0.00056665 0.00255949 0.99999656
0.99999975 -0.00005122 -0.00070271 0.00005038 0.99999929 -0.00119349 0.00070277 0.00119345 0.99999904
0.99999987 0.00029522 -0.00042447 -0.00029530 0.99999994 -0.00018905 0.00042441 0.00018917 0.99999989
0.99999757 0.00215528 0.00045961 -0.00215531 0.99999768 0.00006693 -0.00045947 -0.00006792 0.99999989
0.99999854 0.00077677 0.00152316 -0.00077642 0.99999967 -0.00022982 -0.00152334 0.00022864 0.99999881
0.99999697 0.00057820 0.00239446 -0.00057703 0.99999971 -0.00048992 -0.00239475 0.00048853 0.99999701
0.99998644 0.00334757 0.00398901 -0.00335006 0.99999420 0.00061980 -0.00398691 -0.00063315 0.99999185
0.99998386 0.00149405 0.00548108 -0.00149923 0.99999843 0.00094219 -0.00547966 -0.00095039 0.99998453
0.99997734 0.00045371 0.00671713 -0.00046172 0.99999918 0.00119174 -0.00671658 -0.00119481 0.99997673
0.99996157 0.00132227 0.00866638 -0.00132793 0.99999891 0.00064679 -0.00866552 -0.00065828 0.99996224
0.99993691 0.00271380 0.01089974 -0.00272124 0.99999607 0.00066805 -0.01089788 -0.00069767 0.99994037
0.99992201 0.00126828 0.01242444 -0.00127349 0.99999910 0.00041165 -0.01242391 -0.00042744 0.99992273
0.99989669 0.00001637 0.01437368 -0.00002139 0.99999994 0.00034947 -0.01437367 -0.00034974 0.99989663
0.99986931 0.00077682 0.01614803 -0.00076522 0.99999944 -0.00072487 -0.01614858 0.00071242 0.99986935
0.99984304 0.00014665 0.01771624 -0.00013933 0.99999990 -0.00041442 -0.01771630 0.00041188 0.99984297
0.99983499 -0.00066718 0.01815351 0.00067918 0.99999955 -0.00065487 -0.01815307 0.00066709 0.99983500
0.99983607 -0.00263295 0.01791348 0.00264363 0.99999634 -0.00057242 -0.01791191 0.00061968 0.99983938
0.99985782 -0.00392439 0.01639930 0.00391157 0.99999202 0.00081353 -0.01640236 -0.00074927 0.99986519
0.99990013 -0.00505909 0.01319628 0.00505659 0.99998719 0.00022300 -0.01319724 -0.00015625 0.99991290
0.99994119 -0.00667852 0.00854468 0.00667331 0.99997753 0.00063826 -0.00854875 -0.00058120 0.99996329
0.99998003 -0.00562152 0.00288892 0.00562225 0.99998416 -0.00024735 -0.00288748 0.00026359 0.99999580
0.99998686 -0.00485421 -0.00165098 0.00485309 0.99998799 -0.00068214 0.00165427 0.00067412 0.99999840
0.99997502 -0.00478689 -0.00520036 0.00478820 0.99998851 0.00023868 0.00519916 -0.00026358 0.99998645
0.99994581 -0.00422959 -0.00951256 0.00422553 0.99999097 -0.00044718 0.00951437 0.00040696 0.99995465
0.99992682 -0.00251767 -0.01183314 0.00251218 0.99999673 -0.00047847 0.01183431 0.00044870 0.99992987
0.99991886 -0.00225882 -0.01253678 0.00225108 0.99999727 -0.00063164 0.01253817 0.00060337 0.99992121
0.99994830 0.00062261 -0.01014928 -0.00062092 0.99999979 0.00016915 0.01014938 -0.00016284 0.99994848
0.99996523 0.00094918 -0.00828507 -0.00093933 0.99999885 0.00119338 0.00828620 -0.00118556 0.99996497
0.99996497 -0.00135175 -0.00826029 0.00136303 0.99999815 0.00135988 0.00825843 -0.00137110 0.99996496
0.99996504 -0.00087154 -0.00831570 0.00087100 0.99999962 -0.00006826 0.00831576 0.00006101 0.99996542
0.99997051 -0.00047813 -0.00766536 0.00048185 0.99999977 0.00048359 0.00766513 -0.00048727 0.99997050
0.99997110 0.00022782 -0.00759893 -0.00022416 0.99999986 0.00048259 0.00759904 -0.00048087 0.99997101
0.99996416 -0.00207586 -0.00820828 0.00208157 0.99999760 0.00068729 0.00820683 -0.00070435 0.99996608
0.99997156 0.00002491 -0.00754149 -0.00002234 0.99999994 0.00034000 0.00754150 -0.00033982 0.99997150
0.99996958 0.00203987 -0.00752898 -0.00205155 0.99999670 -0.00154323 0.00752580 0.00155863 0.99997047
0.99997031 0.00028707 -0.00770097 -0.00029761 0.99999902 -0.00136732 0.00770057 0.00136957 0.99996941
0.99997260 -0.00106684 -0.00732529 0.00105569 0.99999828 -0.00152545 0.00732690 0.00151767 0.99997201
0.99997791 0.00033362 -0.00663800 -0.00032874 0.99999967 0.00073715 0.00663824 -0.00073495 0.99997770
0.99998431 0.00160385 -0.00536766 -0.00160175 0.99999864 0.00039476 0.00536828 -0.00038616 0.99998552
0.99998774 0.00228913 -0.00439005 -0.00229038 0.99999734 -0.00027986 0.00438940 0.00028991 0.99999032
0.99999271 -0.00036706 -0.00380116 0.00036227 0.99999914 -0.00125955 0.00380161 0.00125816 0.99999198
0.99999816 0.00037218 -0.00188268 -0.00037341 0.99999972 -0.00065484 0.00188243 0.00065554 0.99999801
0.99999949 0.00089905 -0.00045571 -0.00089980 0.99999824 -0.00164906 0.00045423 0.00164947 0.99999854
0.99999839 0.00177207 0.00027433 -0.00177179 0.99999790 -0.00103017 -0.00027615 0.00102968 0.99999943
0.99999449 0.00289409 0.00162373 -0.00289277 0.99999548 -0.00081739 -0.00162608 0.00081269 0.99999835
0.99999242 0.00095486 0.00377578 -0.00095352 0.99999948 -0.00035547 -0.00377612 0.00035187 0.99999281
0.99998061 0.00309019 0.00540566 -0.00308589 0.99999492 -0.00080317 -0.00540811 0.00078648 0.99998507
0.99996942 0.00170064 0.00763267 -0.00167436 0.99999266 -0.00344754 -0.00763848 0.00343465 0.99996493
0.99994698 0.00340832 0.00971670 -0.00336914 0.99998614 -0.00404618 -0.00973035 0.00401322 0.99994461
0.99990516 0.00427947 0.01309029 -0.00420674 0.99997559 -0.00557818 -0.01311384 0.00552258 0.99989876
0.99984630 0.00366131 0.01714547 -0.00359630 0.99998623 -0.00382109 -0.01715922 0.00375884 0.99984570
0.99978635 0.00451071 0.02017201 -0.00449041 0.99998937 -0.00105168 -0.02017654 0.00096087 0.99979597
0.99973914 -0.00009278 0.02283954 0.00009161 0.99999999 0.00005191 -0.02283954 -0.00004980 0.99973914
0.99965127 -0.00373134 0.02614212 0.00367043 0.99999044 0.00237774 -0.02615074 -0.00228096 0.99965541
0.99958922 -0.00511145 0.02820043 0.00509341 0.99998678 0.00071153 -0.02820369 -0.00056760 0.99960204
0.99950971 -0.00089991 0.03129731 0.00086094 0.99999884 0.00125887 -0.03129841 -0.00123131 0.99950933
0.99938914 0.00493099 0.03459816 -0.00492974 0.99998784 -0.00012143 -0.03459834 -0.00004921 0.99940130
0.99925614 0.01267854 0.03642001 -0.01261053 0.99991829 -0.00209662 -0.03644361 0.00163579 0.99933437
0.99926348 0.00885792 0.03733671 -0.00878797 0.99995931 -0.00203698 -0.03735323 0.00170737 0.99930067
0.99930639 0.00201559 0.03718430 -0.00191608 0.99999449 -0.00271163 -0.03718956 0.00263850 0.99930475
0.99916189 -0.00957813 0.03979669 0.00964544 0.99995236 -0.00149970 -0.03978043 0.00188230 0.99920667
0.99899498 -0.00851759 0.04400553 0.00868972 0.99995532 -0.00372188 -0.04397186 0.00410054 0.99902435
0.99888355 0.00123389 0.04722430 -0.00120952 0.99999912 -0.00054473 -0.04722493 0.00048700 0.99888416
0.99873228 0.01048191 0.04923366 -0.01066345 0.99993727 0.00342596 -0.04919466 -0.00394662 0.99878141
0.99869529 0.00894258 0.05027672 -0.00932430 0.99992942 0.00736294 -0.05020733 -0.00782213 0.99870818
0.99864852 0.00580820 0.05164682 -0.00606904 0.99996960 0.00489498 -0.05161682 -0.00520181 0.99865342
0.99858265 0.00079841 0.05321695 -0.00107692 0.99998587 0.00520494 -0.05321205 -0.00525488 0.99856941
0.99854533 -0.00074186 0.05391355 0.00069425 0.99999935 0.00090169 -0.05391418 -0.00086295 0.99854520
0.99835222 -0.00086111 0.05737693 0.00114010 0.99998769 -0.00482986 -0.05737206 0.00488732 0.99834090
0.99829428 0.00232127 0.05833643 -0.00195364 0.99997788 -0.00635815 -0.05834990 0.00623334 0.99827673
0.99827354 0.00142924 0.05871874 -0.00120219 0.99999167 -0.00390187 -0.05872383 0.00382454 0.99826694
0.99832292 0.00336767 0.05779278 -0.00348257 0.99999215 0.00188756 -0.05778597 -0.00208566 0.99832682
0.99839126 0.00326198 0.05660603 -0.00347819 0.99998703 0.00372143 -0.05659316 -0.00391233 0.99838966
0.99841368 -0.00493546 0.05608719 0.00500555 0.99998686 -0.00110925 -0.05608098 0.00138824 0.99842526
0.99852106 -0.00254316 0.05430684 0.00280855 0.99998448 -0.00481100 -0.05429376 0.00495641 0.99851270
0.99879637 -0.00237381 0.04899154 0.00251386 0.99999293 -0.00279716 -0.04898456 0.00291695 0.99879528
0.99904014 0.00311071 0.04369350 -0.00308477 0.99999502 -0.00066106 -0.04369534 0.00052565 0.99904476
0.99924182 0.00537303 0.03856048 -0.00542681 0.99998444 0.00129015 -0.03855294 -0.00149843 0.99925544
0.99945298 0.00107727 0.03305413 -0.00115997 0.99999624 0.00248296 -0.03305133 -0.00251995 0.99945048
0.99953955 -0.00530181 0.02987601 0.00519908 0.99998031 0.00351540 -0.02989406 -0.00335845 0.99954743
0.99967034 -0.00163419 0.02562293 0.00160919 0.99999821 0.00099614 -0.02562451 -0.00095458 0.99967118
0.99979124 0.00180049 0.02035284 -0.00174646 0.99999490 -0.00267253 -0.02035755 0.00263642 0.99978929
0.99984310 0.00219967 0.01757646 -0.00216498 0.99999567 -0.00199248 -0.01758077 0.00195411 0.99984354
0.99986666 0.00104764 0.01629637 -0.00109592 0.99999504 0.00295345 -0.01629319 -0.00297092 0.99986284
0.99989806 -0.00135417 0.01421395 0.00131198 0.99999471 0.00297693 -0.01421791 -0.00295798 0.99989455
0.99986227 -0.00388152 0.01613599 0.00387766 0.99999245 0.00027090 -0.01613692 -0.00020829 0.99986977
0.99985925 -0.00116526 0.01673683 0.00116749 0.99999931 -0.00012346 -0.01673668 0.00014298 0.99985992
0.99985082 -0.00300007 0.01701015 0.00298020 0.99999485 0.00119326 -0.01701364 -0.00114239 0.99985460
0.99985958 0.00101725 0.01672651 -0.00100463 0.99999920 -0.00076303 -0.01672728 0.00074611 0.99985981
0.99985306 0.00226090 0.01699278 -0.00223661 0.99999645 -0.00144841 -0.01699599 0.00141019 0.99985456
0.99986137 0.00306848 0.01636508 -0.00305975 0.99999516 -0.00055821 -0.01636672 0.00050806 0.99986593
0.99990332 -0.00207432 0.01374931 0.00212202 0.99999178 -0.00345553 -0.01374203 0.00348438 0.99989950
0.99993620 -0.00081930 0.01126611 0.00088156 0.99998436 -0.00552270 -0.01126141 0.00553228 0.99992128
0.99994096 0.00360883 0.01024917 -0.00358525 0.99999089 -0.00231814 -0.01025744 0.00228125 0.99994479
0.99995796 0.00525684 0.00751280 -0.00524507 0.99998499 -0.00158671 -0.00752103 0.00154724 0.99997052
0.99998443 0.00204599 0.00519150 -0.00204647 0.99999790 0.00008643 -0.00519132 -0.00009705 0.99998652
0.99999624 0.00118188 0.00247542 -0.00118564 0.99999815 0.00151640 -0.00247362 -0.00151933 0.99999579
0.99999892 0.00143968 0.00030714 -0.00143970 0.99999896 0.00006222 -0.00030705 -0.00006266 0.99999995
0.99999977 0.00030996 -0.00059838 -0.00030979 0.99999991 0.00029779 0.00059847 -0.00029761 0.99999978
0.99999760 -0.00175175 -0.00131406 0.00175428 0.99999660 0.00192973 0.00131068 -0.00193203 0.99999727
0.99999855 -0.00097696 -0.00139222 0.00098022 0.99999677 0.00234499 0.00138993 -0.00234635 0.99999628
0.99999332 0.00331625 -0.00153427 -0.00331458 0.99999391 0.00108823 0.00153787 -0.00108313 0.99999823
0.99999748 -0.00094384 -0.00203853 0.00094372 0.99999955 -0.00005984 0.00203859 0.00005791 0.99999792
0.99999389 -0.00276076 -0.00214477 0.00276129 0.99999616 0.00024220 0.00214410 -0.00024812 0.99999767
0.99999528 -0.00247990 -0.00181312 0.00247926 0.99999686 -0.00035660 0.00181400 0.00035211 0.99999829
0.99999891 0.00024158 -0.00145329 -0.00024303 0.99999947 -0.00099944 0.00145304 0.00099979 0.99999844
0.99999483 -0.00212677 -0.00241143 0.00212427 0.99999720 -0.00103862 0.00241364 0.00103349 0.99999655
0.99999124 -0.00257587 -0.00329902 0.00257215 0.99999605 -0.00113159 0.00330192 0.00112309 0.99999392
0.99998679 -0.00365851 -0.00361086 0.00365650 0.99999316 -0.00056243 0.00361290 0.00054922 0.99999332
0.99998420 -0.00327742 -0.00456732 0.00327523 0.99999452 -0.00048531 0.00456889 0.00047034 0.99998945
0.99998920 -0.00006301 -0.00464779 0.00006323 1.00000000 0.00004709 0.00464779 -0.00004738 0.99998920
0.99999131 0.00027375 -0.00416100 -0.00027449 0.99999995 -0.00017839 0.00416095 0.00017953 0.99999133
0.99999220 0.00160743 -0.00360907 -0.00160795 0.99999870 -0.00014159 0.00360883 0.00014739 0.99999348
0.99998951 0.00425976 -0.00168168 -0.00425713 0.99998971 0.00156430 0.00168832 -0.00155713 0.99999736
0.99999375 0.00349851 0.00050332 -0.00349998 0.99998954 0.00294492 -0.00049301 -0.00294666 0.99999554
0.99999931 0.00006939 0.00117577 -0.00007279 0.99999581 0.00289257 -0.00117556 -0.00289265 0.99999513
0.99999488 0.00256084 0.00192063 -0.00256653 0.99999231 0.00296419 -0.00191303 -0.00296910 0.99999376
0.99997698 0.00601190 0.00314508 -0.00601878 0.99997951 0.00218194 -0.00313190 -0.00220082 0.99999267
0.99998866 0.00310160 0.00361378 -0.00310496 0.99999475 0.00092555 -0.00361089 -0.00093676 0.99999304
0.99998399 0.00492666 0.00278366 -0.00491980 0.99998486 -0.00246631 -0.00279577 0.00245258 0.99999308
0.99999324 0.00112905 0.00349940 -0.00111840 0.99999474 -0.00304316 -0.00350282 0.00303923 0.99998925
0.99999658 -0.00053054 0.00255924 0.00054074 0.99999191 -0.00398573 -0.00255711 0.00398710 0.99998878
0.99998022 0.00606973 0.00164645 -0.00606154 0.99996945 -0.00493427 -0.00167635 0.00492419 0.99998647
0.99999715 -0.00098578 0.00217397 0.00099057 0.99999708 -0.00220446 -0.00217179 0.00220661 0.99999521
0.99999712 -0.00232489 0.00059972 0.00232461 0.99999719 0.00045588 -0.00060077 -0.00045449 0.99999972
0.99999922 0.00043410 0.00117402 -0.00043666 0.99999753 0.00217790 -0.00117307 -0.00217841 0.99999694
0.99999756 0.00218952 0.00029985 -0.00218931 0.99999735 -0.00070808 -0.00030140 0.00070742 0.99999970
0.99999944 0.00070261 -0.00078700 -0.00070181 0.99999924 0.00101365 0.00078771 -0.00101310 0.99999918
0.99999217 -0.00395348 0.00018426 0.00395299 0.99998890 0.00256395 -0.00019439 -0.00256320 0.99999670
0.99999670 -0.00256753 -0.00001638 0.00256757 0.99999152 0.00321890 0.00000812 -0.00321893 0.99999482
0.99999793 -0.00203326 0.00002274 0.00203328 0.99999766 -0.00074300 -0.00002123 0.00074305 0.99999972
0.99999964 -0.00082674 -0.00018261 0.00082602 0.99999216 -0.00387184 0.00018581 0.00387168 0.99999249
0.99999891 -0.00144641 -0.00030369 0.00144464 0.99998250 -0.00573667 0.00031199 0.00573623 0.99998350
0.99999477 -0.00321084 -0.00039236 0.00321013 0.99999322 -0.00180173 0.00039814 0.00180046 0.99999830
0.99999366 -0.00355925 0.00012792 0.00355890 0.99999008 0.00267833 -0.00013745 -0.00267786 0.99999641
0.99999759 -0.00219656 -0.00002544 0.00219662 0.99999419 0.00260521 0.00001972 -0.00260526 0.99999661
0.99999599 -0.00282791 -0.00017273 0.00282783 0.99999589 -0.00047666 0.00017408 0.00047617 0.99999987
0.99999621 -0.00271264 -0.00046700 0.00271091 0.99998962 -0.00366168 0.00047693 0.00366040 0.99999319
0.99999991 -0.00040960 -0.00013265 0.00040913 0.99999383 -0.00348849 0.00013408 0.00348844 0.99999391
0.99999949 -0.00009268 0.00100425 0.00009200 0.99999976 0.00068087 -0.00100431 -0.00068077 0.99999926
0.99999954 0.00026105 0.00092320 -0.00026404 0.99999472 0.00323733 -0.00092235 -0.00323757 0.99999433
0.99999833 0.00098387 0.00153862 -0.00098698 0.99999748 0.00201835 -0.00153663 -0.00201987 0.99999678
0.99999549 0.00277086 0.00115951 -0.00277049 0.99999611 -0.00031634 -0.00116038 0.00031313 0.99999928
0.99999966 0.00026072 0.00078582 -0.00026014 0.99999969 -0.00074438 -0.00078602 0.00074417 0.99999941
0.99999999 -0.00002555 -0.00015508 0.00002538 0.99999941 -0.00108773 0.00015510 0.00108773 0.99999940
0.99999928 -0.00117629 0.00025097 0.00117677 0.99999746 -0.00192091 -0.00024871 0.00192121 0.99999812
0.99999642 0.00266855 0.00017397 -0.00266822 0.99999467 -0.00188311 -0.00017899 0.00188264 0.99999821
0.99999891 -0.00143509 -0.00034232 0.00143491 0.99999882 -0.00054185 0.00034310 0.00054135 0.99999979
0.99999999 -0.00010626 -0.00007896 0.00010642 0.99999788 0.00205831 0.00007874 -0.00205832 0.99999788
0.99999714 0.00236602 -0.00033698 -0.00236560 0.99999646 0.00121913 0.00033986 -0.00121833 0.99999920
0.99999999 0.00003576 0.00010867 -0.00003548 0.99999658 -0.00261437 -0.00010877 0.00261436 0.99999658
0.99999973 0.00043267 -0.00058999 -0.00043468 0.99999407 -0.00341528 0.00058851 0.00341554 0.99999399
0.99999996 -0.00027670 -0.00007251 0.00027661 0.99999919 -0.00124206 0.00007285 0.00124204 0.99999923
0.99999805 0.00180624 -0.00080213 -0.00180516 0.99999746 0.00135159 0.00080457 -0.00135014 0.99999876
0.99999889 0.00082193 -0.00124179 -0.00082188 0.99999966 0.00004426 0.00124183 -0.00004324 0.99999923
0.99999812 0.00142162 -0.00131712 -0.00142254 0.99999874 -0.00069972 0.00131613 0.00070160 0.99999889
0.99999985 -0.00022341 -0.00049424 0.00022395 0.99999938 0.00108822 0.00049400 -0.00108833 0.99999929
0.99999982 0.00050129 -0.00034195 -0.00050043 0.99999668 0.00252970 0.00034322 -0.00252952 0.99999674
0.99999994 -0.00031233 -0.00016724 0.00031264 0.99999812 0.00191397 0.00016664 -0.00191403 0.99999815
0.99999343 -0.00356622 0.00065589 0.00356638 0.99999361 -0.00023918 -0.00065503 0.00024152 0.99999976
0.99999918 0.00122121 0.00039065 -0.00122063 0.99999816 -0.00148304 -0.00039246 0.00148256 0.99999882
0.99999939 -0.00099365 0.00047368 0.00099505 0.99999514 -0.00295595 -0.00047074 0.00295642 0.99999552
0.99999984 -0.00049898 -0.00028411 0.00049908 0.99999982 0.00034465 0.00028394 -0.00034479 0.99999990
0.99999364 0.00349571 0.00070972 -0.00349853 0.99998584 0.00401043 -0.00069569 -0.00401289 0.99999171
0.99998981 0.00450929 0.00022709 -0.00450986 0.99998655 0.00256332 -0.00021553 -0.00256432 0.99999669
0.99998286 0.00582267 -0.00062013 -0.00582415 0.99998011 -0.00241991 0.00060602 0.00242348 0.99999688
0.99999466 0.00305754 -0.00115155 -0.00306080 0.99999128 -0.00284075 0.00114285 0.00284425 0.99999530
0.99999361 -0.00342399 -0.00102614 0.00342528 0.99999334 0.00126061 0.00102181 -0.00126412 0.99999868
0.99999423 0.00318495 -0.00118482 -0.00318430 0.99999478 0.00055390 0.00118658 -0.00055012 0.99999914
0.99997642 0.00684218 -0.00059387 -0.00684371 0.99997314 -0.00262499 0.00057590 0.00262900 0.99999638
0.99999874 0.00100010 -0.00122876 -0.00100395 0.99999458 -0.00313637 0.00122562 0.00313760 0.99999433
0.99999730 0.00192807 -0.00129479 -0.00192875 0.99999800 -0.00052711 0.00129377 0.00052960 0.99999902
0.99999538 0.00303056 -0.00021736 -0.00303018 0.99999396 0.00170235 0.00022251 -0.00170168 0.99999853
0.99999974 0.00038370 -0.00061304 -0.00038273 0.99999869 0.00157192 0.00061364 -0.00157169 0.99999858
0.99999697 0.00182329 -0.00165401 -0.00182485 0.99999789 -0.00094098 0.00165229 0.00094399 0.99999819
0.99999781 -0.00191113 -0.00085092 0.00191047 0.99999788 -0.00077007 0.00085239 0.00076844 0.99999934
0.99999861 -0.00162341 0.00037026 0.00162384 0.99999801 -0.00116320 -0.00036837 0.00116380 0.99999925
0.99999867 0.00023241 0.00161227 -0.00023466 0.99999900 0.00139476 -0.00161194 -0.00139514 0.99999773
0.99998280 -0.00562151 0.00167403 0.00562173 0.99998419 -0.00012940 -0.00167327 0.00013881 0.99999859
0.99999405 -0.00312204 0.00146392 0.00312143 0.99999504 0.00042299 -0.00146524 -0.00041842 0.99999884
0.99999043 -0.00390236 0.00197703 0.00390065 0.99999202 0.00086806 -0.00198040 -0.00086034 0.99999767
0.99999182 -0.00400709 0.00055264 0.00400577 0.99998916 0.00237454 -0.00056215 -0.00237231 0.99999703
0.99999938 -0.00049209 0.00099436 0.00048989 0.99999745 0.00220606 -0.00099545 -0.00220557 0.99999707
0.99998855 0.00457131 0.00141758 -0.00457503 0.99998607 0.00263389 -0.00140552 -0.00264035 0.99999553
0.99999488 0.00304428 0.00098990 -0.00304656 0.99999269 0.00230934 -0.00098286 -0.00231234 0.99999684
0.99998538 0.00539735 -0.00032953 -0.00539673 0.99998374 0.00184115 0.00033947 -0.00183935 0.99999825
0.99999316 0.00363938 -0.00065523 -0.00363842 0.99999232 0.00145973 0.00066054 -0.00145734 0.99999872
0.99999136 0.00384887 -0.00157313 -0.00384887 0.99999259 0.00000404 0.00157314 0.00000201 0.99999876
0.99999737 0.00207109 -0.00098191 -0.00207338 0.99999513 -0.00233372 0.00097707 0.00233575 0.99999679
0.99999563 0.00273814 -0.00111410 -0.00274384 0.99998296 -0.00515254 0.00109998 0.00515557 0.99998610
0.99998560 0.00520351 -0.00131164 -0.00521321 0.99995825 -0.00750406 0.00127253 0.00751079 0.99997098
0.99999800 0.00190751 -0.00059989 -0.00190932 0.99999359 -0.00302935 0.00059411 0.00303049 0.99999523
