0.99997348 0.00074784 0.00724435 -0.00074867 0.99999971 0.00011189 -0.00724427 -0.00011731 0.99997375
0.99997893 -0.00102522 0.00640995 0.00103373 0.99999859 -0.00132531 -0.00640859 0.00133191 0.99997858
0.99999507 -0.00024452 0.00312978 0.00024566 0.99999990 -0.00036376 -0.00312969 0.00036453 0.99999504
0.99999772 -0.00181112 0.00112778 0.00181085 0.99999833 0.00023920 -0.00112822 -0.00023715 0.99999934
0.99999612 0.00078624 0.00267280 -0.00079010 0.99999865 0.00144206 -0.00267166 -0.00144417 0.99999539
0.99999871 -0.00102775 0.00123569 0.00102851 0.99999928 -0.00061580 -0.00123506 0.00061707 0.99999905
0.99999873 0.00045949 -0.00152831 -0.00045955 0.99999989 -0.00004435 0.00152829 0.00004505 0.99999883
0.99999818 -0.00042510 0.00186183 0.00042498 0.99999991 0.00006511 -0.00186185 -0.00006432 0.99999826
0.99999943 -0.00106816 0.00004451 0.00106817 0.99999941 -0.00018478 -0.00004431 0.00018483 0.99999998
0.99999826 -0.00150534 -0.00110332 0.00150558 0.99999884 0.00021772 0.00110299 -0.00021938 0.99999937
0.99997971 -0.00146610 -0.00619855 0.00147420 0.99999807 0.00130208 0.00619663 -0.00131119 0.99997994
0.99999885 -0.00054876 -0.00141536 0.00054952 0.99999970 0.00053885 0.00141506 -0.00053963 0.99999885
0.99999884 0.00028153 -0.00149999 -0.00028130 0.99999995 0.00015233 0.00150003 -0.00015191 0.99999886
0.99999984 0.00042802 0.00035744 -0.00042800 0.99999991 -0.00005586 -0.00035747 0.00005571 0.99999993
0.99999937 0.00071176 -0.00087071 -0.00071271 0.99999915 -0.00109607 0.00086993 0.00109669 0.99999902
0.99999144 0.00400821 0.00102490 -0.00400466 0.99998607 -0.00343855 -0.00103867 0.00343441 0.99999356
0.99999062 0.00429434 0.00055615 -0.00429382 0.99999033 -0.00094528 -0.00056020 0.00094289 0.99999940
0.99999825 0.00167106 -0.00084630 -0.00167130 0.99999856 -0.00028648 0.00084582 0.00028789 0.99999960
0.99999724 0.00206314 -0.00112020 -0.00206062 0.99999535 0.00224604 0.00112482 -0.00224372 0.99999685
0.99999678 0.00208265 -0.00145248 -0.00208195 0.99999772 0.00048291 0.00145348 -0.00047988 0.99999883
0.99999555 0.00283252 -0.00093251 -0.00283324 0.99999569 -0.00077254 0.00093032 0.00077518 0.99999927
0.99998967 0.00343012 -0.00298252 -0.00343505 0.99999274 -0.00165057 0.00297684 0.00166080 0.99999419
0.99999804 -0.00158024 -0.00119627 0.00157954 0.99999858 -0.00058506 0.00119719 0.00058317 0.99999911
0.99999884 -0.00099410 -0.00115789 0.00099451 0.99999944 0.00036039 0.00115754 -0.00036154 0.99999926
0.99999941 -0.00099469 -0.00043125 0.00099573 0.99999656 0.00242599 0.00042884 -0.00242642 0.99999696
0.99999267 -0.00382768 -0.00003851 0.00382773 0.99999166 0.00142305 0.00003307 -0.00142318 0.99999899
0.99999546 -0.00016245 -0.00300902 0.00016705 0.99999882 0.00152905 0.00300877 -0.00152955 0.99999430
0.99999808 -0.00171701 -0.00094721 0.00171767 0.99999828 0.00070079 0.00094601 -0.00070242 0.99999931
0.99999591 -0.00267654 -0.00101119 0.00267833 0.99999484 0.00177570 0.00100643 -0.00177840 0.99999791
0.99999772 -0.00145111 -0.00156900 0.00145438 0.99999677 0.00208622 0.00156597 -0.00208850 0.99999659
0.99999955 0.00028275 -0.00090212 -0.00028118 0.99999846 0.00173147 0.00090261 -0.00173122 0.99999809
0.99999179 -0.00286053 -0.00287044 0.00286054 0.99999591 0.00000189 0.00287043 -0.00001010 0.99999588
0.99999158 -0.00405765 -0.00061320 0.00405794 0.99999166 0.00047191 0.00061128 -0.00047440 0.99999970
0.99998496 -0.00529852 -0.00141702 0.00530099 0.99998442 0.00174845 0.00140774 -0.00175593 0.99999747
0.99999343 -0.00252972 -0.00259675 0.00252955 0.99999680 -0.00006596 0.00259691 0.00005939 0.99999663
0.99999119 -0.00290384 -0.00303085 0.00290368 0.99999578 -0.00005865 0.00303101 0.00004985 0.99999541
0.99998900 -0.00421573 -0.00205733 0.00421112 0.99998863 -0.00223940 0.00206675 0.00223071 0.99999538
0.99999404 -0.00224611 -0.00262039 0.00224110 0.99999566 -0.00191250 0.00262468 0.00190662 0.99999474
0.99999726 -0.00164354 -0.00166562 0.00164211 0.99999828 -0.00086068 0.00166703 0.00085794 0.99999824
0.99999606 0.00064801 -0.00273218 -0.00064677 0.99999969 0.00045557 0.00273247 -0.00045381 0.99999616
0.99999673 0.00145182 -0.00210504 -0.00145110 0.99999889 0.00034183 0.00210553 -0.00033878 0.99999773
0.99999731 0.00120980 -0.00198001 -0.00120855 0.99999907 0.00063220 0.00198077 -0.00062981 0.99999784
0.99999887 0.00010222 -0.00149723 -0.00010446 0.99999887 -0.00149849 0.00149708 0.00149865 0.99999776
0.99999899 -0.00044269 -0.00134853 0.00044022 0.99999822 -0.00183226 0.00134934 0.00183166 0.99999741
0.99999808 0.00034794 -0.00192759 -0.00035356 0.99999567 -0.00292014 0.00192656 0.00292082 0.99999388
0.99999945 0.00072615 -0.00075429 -0.00072854 0.99999470 -0.00317371 0.00075198 0.00317426 0.99999468
0.99999974 0.00067172 -0.00025191 -0.00067213 0.99999846 -0.00162072 0.00025082 0.00162089 0.99999865
0.99999916 -0.00121437 -0.00045379 0.00121363 0.99999791 -0.00164295 0.00045578 0.00164240 0.99999855
0.99999952 0.00082723 0.00051874 -0.00082707 0.99999961 -0.00029857 -0.00051899 0.00029814 0.99999982
0.99999538 0.00257973 0.00160730 -0.00257887 0.99999653 -0.00053551 -0.00160867 0.00053137 0.99999856
0.99999924 0.00064778 0.00104963 -0.00064810 0.99999974 0.00030670 -0.00104943 -0.00030738 0.99999940
0.99999993 -0.00022089 0.00029555 0.00022095 0.99999995 -0.00022537 -0.00029550 0.00022544 0.99999993
0.99999715 0.00224126 0.00081911 -0.00224125 0.99999749 -0.00001228 -0.00081913 0.00001044 0.99999966
0.99999689 -0.00248663 0.00018834 0.00248652 0.99999674 0.00058748 -0.00018980 -0.00058701 0.99999981
0.99999969 -0.00073916 0.00026373 0.00073911 0.99999971 0.00016245 -0.00026385 -0.00016225 0.99999995
0.99999628 0.00110486 0.00249384 -0.00110441 0.99999937 -0.00018188 -0.00249404 0.00017913 0.99999687
0.99999962 0.00052318 0.00070323 -0.00052386 0.99999939 0.00097274 -0.00070272 -0.00097311 0.99999928
0.99999472 -0.00057698 0.00319949 0.00056508 0.99999293 0.00371792 -0.00320161 -0.00371609 0.99998797
0.99999904 -0.00025478 0.00136160 0.00025284 0.99999895 0.00143011 -0.00136197 -0.00142976 0.99999805
0.99999740 0.00203966 0.00102304 -0.00203950 0.99999791 -0.00015380 -0.00102335 0.00015171 0.99999946
0.99999504 0.00244282 0.00199007 -0.00243994 0.99999598 -0.00144789 -0.00199360 0.00144302 0.99999697
0.99999742 0.00040967 0.00223400 -0.00040662 0.99999899 -0.00136508 -0.00223455 0.00136417 0.99999657
0.99999973 0.00024212 0.00069493 -0.00024127 0.99999922 -0.00122353 -0.00069523 0.00122336 0.99999901
0.99999596 0.00116906 0.00258946 -0.00117197 0.99999868 0.00112334 -0.00258815 -0.00112637 0.99999602
0.99999813 0.00127338 0.00145888 -0.00127362 0.99999918 0.00016341 -0.00145867 -0.00016527 0.99999892
0.99999835 -0.00133581 0.00122974 0.00133604 0.99999909 -0.00018674 -0.00122949 0.00018838 0.99999923
0.99999289 0.00210943 0.00312660 -0.00211139 0.99999758 0.00062398 -0.00312528 -0.00063057 0.99999492
0.99999612 0.00278370 0.00005194 -0.00278368 0.99999602 -0.00045705 -0.00005322 0.00045691 0.99999989
0.99999633 -0.00106336 -0.00249162 0.00106619 0.99999879 0.00113600 0.00249041 -0.00113866 0.99999625
0.99999509 -0.00308773 -0.00054196 0.00308830 0.99999467 0.00106249 0.00053867 -0.00106416 0.99999929
0.99998320 -0.00573445 0.00084763 0.00573558 0.99998265 -0.00134453 -0.00083990 0.00134937 0.99999874
0.99999975 -0.00069865 0.00014372 0.00069952 0.99998085 -0.00614959 -0.00013942 0.00614968 0.99998108
0.99999782 0.00082897 -0.00191516 -0.00084746 0.99995287 -0.00967113 0.00190705 0.00967274 0.99995140
0.99999660 -0.00223990 -0.00133411 0.00223256 0.99998250 -0.00547916 0.00134635 0.00547616 0.99998410
0.99999030 -0.00440225 -0.00012972 0.00440247 0.99998872 0.00178453 0.00012187 -0.00178508 0.99999840
0.99998287 0.00546415 0.00209963 -0.00548098 0.99995220 0.00809648 -0.00205529 -0.00810785 0.99996502
0.99997994 0.00633278 -0.00011964 -0.00633144 0.99993943 0.00900316 0.00017665 -0.00900222 0.99995946
0.99999606 0.00157436 -0.00232309 -0.00155894 0.99997684 0.00662520 0.00233346 -0.00662155 0.99997535
0.99999925 0.00018850 -0.00121240 -0.00018580 0.99999751 0.00222450 0.00121282 -0.00222427 0.99999679
0.99999881 -0.00137779 -0.00069696 0.00137672 0.99999787 -0.00153480 0.00069908 0.00153384 0.99999858
0.99998436 -0.00476991 -0.00291874 0.00476117 0.99998418 -0.00299632 0.00293299 0.00298237 0.99999125
0.99999629 -0.00272160 -0.00011828 0.00272108 0.99998761 -0.00416821 0.00012963 0.00416788 0.99999131
0.99998129 -0.00413996 -0.00450432 0.00413062 0.99998930 -0.00208109 0.00451289 0.00206245 0.99998769
0.99999771 0.00088085 0.00195082 -0.00088364 0.99999859 0.00142728 -0.00194956 -0.00142900 0.99999708
0.99999858 0.00051898 -0.00160322 -0.00051671 0.99999887 0.00141487 0.00160395 -0.00141404 0.99999771
0.99999609 -0.00172556 -0.00220035 0.00172677 0.99999836 0.00054744 0.00219940 -0.00055124 0.99999743
0.99999716 -0.00156296 -0.00180089 0.00156457 0.99999838 0.00089444 0.00179949 -0.00089726 0.99999798
0.99999929 0.00102758 -0.00059697 -0.00102753 0.99999947 0.00009179 0.00059706 -0.00009117 0.99999982
0.99999809 -0.00028312 -0.00193553 0.00028184 0.99999974 -0.00066128 0.00193572 0.00066074 0.99999791
0.99999897 0.00132446 -0.00055355 -0.00132484 0.99999888 -0.00069047 0.00055263 0.00069120 0.99999961
0.99999927 0.00116180 -0.00032362 -0.00116189 0.99999928 -0.00028318 0.00032329 0.00028355 0.99999991
0.99999948 0.00101817 0.00001453 -0.00101819 0.99999859 0.00133769 -0.00001316 -0.00133771 0.99999911
0.99999901 0.00139290 0.00019404 -0.00139305 0.99999871 0.00079555 -0.00019293 -0.00079582 0.99999966
0.99999653 0.00262866 -0.00017634 -0.00262883 0.99999609 -0.00095180 0.00017384 0.00095226 0.99999953
0.99999957 -0.00012717 0.00091859 0.00013002 0.99999518 -0.00310074 -0.00091820 0.00310086 0.99999477
0.99999824 0.00108914 0.00152882 -0.00108551 0.99999660 -0.00237308 -0.00153140 0.00237142 0.99999602
0.99999837 -0.00095845 0.00152758 0.00096006 0.99999898 -0.00105567 -0.00152657 0.00105714 0.99999828
0.99999948 -0.00098499 -0.00024585 0.00098488 0.99999941 -0.00044949 0.00024629 0.00044925 0.99999987
0.99999915 -0.00080896 -0.00102276 0.00080799 0.99999923 -0.00094274 0.00102352 0.00094191 0.99999903
0.99999927 -0.00015131 -0.00119479 0.00015000 0.99999938 -0.00109999 0.00119496 0.00109981 0.99999868
0.99999991 0.00042547 -0.00003126 -0.00042551 0.99999907 -0.00129234 0.00003071 0.00129235 0.99999916
0.99999994 0.00033121 0.00013382 -0.00033105 0.99999921 -0.00120928 -0.00013422 0.00120924 0.99999926
0.99999816 0.00084757 -0.00171978 -0.00084726 0.99999962 0.00017983 0.00171993 -0.00017837 0.99999851
0.99999904 0.00138030 0.00012022 -0.00138064 0.99999492 0.00287166 -0.00011625 -0.00287182 0.99999587
0.99999870 0.00157953 -0.00032563 -0.00157890 0.99999686 0.00194773 0.00032871 -0.00194721 0.99999805
0.99999944 -0.00054634 -0.00090876 0.00054781 0.99999854 0.00162010 0.00090788 -0.00162060 0.99999827
0.99999990 0.00034762 -0.00029422 -0.00034763 0.99999994 -0.00001340 0.00029422 0.00001350 0.99999996
0.99999873 0.00083518 0.00135655 -0.00083459 0.99999955 -0.00044145 -0.00135691 0.00044031 0.99999898
0.99999998 0.00010760 -0.00016860 -0.00010756 0.99999996 0.00027404 0.00016863 -0.00027402 0.99999995
0.99999985 0.00044713 -0.00032502 -0.00044750 0.99999923 -0.00115454 0.00032450 0.00115469 0.99999928
0.99999940 0.00003362 0.00109249 -0.00003207 0.99999899 -0.00142201 -0.00109254 0.00142197 0.99999839
0.99999881 -0.00078757 -0.00132569 0.00078573 0.99999872 -0.00139189 0.00132678 0.00139085 0.99999815
0.99999748 -0.00202323 0.00097112 0.00202424 0.99999741 -0.00104024 -0.00096901 0.00104220 0.99999899
0.99999911 0.00083002 0.00104496 -0.00083102 0.99999919 0.00095936 -0.00104416 -0.00096023 0.99999899
0.99999453 0.00273144 0.00186683 -0.00273112 0.99999626 -0.00017467 -0.00186730 0.00016957 0.99999824
0.99999740 0.00228051 -0.00008080 -0.00228036 0.99999584 0.00176604 0.00008483 -0.00176585 0.99999844
0.99998779 0.00493659 0.00023082 -0.00493662 0.99998780 0.00014650 -0.00023009 -0.00014764 0.99999996
0.99999448 0.00321318 0.00084074 -0.00321316 0.99999484 -0.00002553 -0.00084081 0.00002283 0.99999965
0.99999575 -0.00249483 0.00150823 0.00249112 0.99999388 0.00245744 -0.00151436 -0.00245367 0.99999584
0.99999909 0.00128611 0.00040358 -0.00128787 0.99998947 0.00440440 -0.00039791 -0.00440491 0.99999022
0.99999796 -0.00197893 0.00039568 0.00197735 0.99999018 0.00396502 -0.00040352 -0.00396422 0.99999206
0.99999195 -0.00400225 0.00030199 0.00400088 0.99998223 0.00441965 -0.00031967 -0.00441840 0.99999019
0.99999661 -0.00159853 -0.00205467 0.00160535 0.99999319 0.00332306 0.00204934 -0.00332635 0.99999237
0.99999832 -0.00177423 -0.00045711 0.00177380 0.99999799 -0.00093792 0.00045878 0.00093711 0.99999946
0.99999517 -0.00269877 -0.00154146 0.00269613 0.99999490 -0.00171328 0.00154608 0.00170911 0.99999734
0.99999550 -0.00288331 -0.00082477 0.00288331 0.99999584 -0.00000164 0.00082477 -0.00000074 0.99999966
0.99999638 -0.00246100 -0.00108740 0.00246221 0.99999634 0.00111768 0.00108464 -0.00112036 0.99999878
0.99999866 -0.00149947 -0.00066253 0.00150035 0.99999797 0.00134230 0.00066052 -0.00134329 0.99999888
0.99998109 -0.00540216 -0.00294021 0.00540948 0.99998227 0.00248852 0.00292671 -0.00250438 0.99999258
0.99999449 -0.00327973 -0.00051087 0.00328065 0.99999296 0.00182037 0.00050490 -0.00182203 0.99999821
0.99998746 -0.00468588 0.00176879 0.00468801 0.99998829 -0.00119893 -0.00176315 0.00120721 0.99999772
0.99999878 -0.00150814 -0.00041458 0.00150673 0.99999316 -0.00337714 0.00041967 0.00337651 0.99999421
0.99999859 0.00106869 0.00129414 -0.00106633 0.99999777 -0.00182479 -0.00129609 0.00182341 0.99999750
0.99999331 -0.00098600 0.00352300 0.00098937 0.99999905 -0.00095458 -0.00352205 0.00095806 0.99999334
0.99999777 0.00189459 0.00092825 -0.00189472 0.99999819 0.00014537 -0.00092797 -0.00014713 0.99999956
0.99999889 -0.00018468 0.00147602 0.00018346 0.99999964 0.00083145 -0.00147618 -0.00083118 0.99999857
0.99999813 -0.00097653 0.00166747 0.00097392 0.99999829 0.00156997 -0.00166900 -0.00156834 0.99999738
0.99999982 0.00017752 0.00056449 -0.00017932 0.99999487 0.00319799 -0.00056392 -0.00319809 0.99999473
0.99999818 0.00102370 0.00160921 -0.00102453 0.99999934 0.00051471 -0.00160868 -0.00051635 0.99999857
0.99999715 0.00164668 0.00172707 -0.00164233 0.99999547 -0.00252065 -0.00173122 0.00251781 0.99999533
0.99999408 -0.00326957 0.00107485 0.00327257 0.99999073 -0.00279962 -0.00106568 0.00280312 0.99999550
0.99999862 0.00015424 0.00165596 -0.00015168 0.99999879 -0.00155110 -0.00165620 0.00155085 0.99999743
0.99999497 -0.00305973 0.00083492 0.00305841 0.99999408 0.00157707 -0.00083974 -0.00157451 0.99999841
0.99999706 -0.00202813 0.00132961 0.00202630 0.99999700 0.00137658 -0.00133240 -0.00137389 0.99999817
0.99999618 -0.00215232 -0.00173246 0.00215124 0.99999749 -0.00062796 0.00173381 0.00062423 0.99999830
0.99999282 -0.00355645 -0.00130594 0.00355607 0.99999363 -0.00029365 0.00130698 0.00028900 0.99999910
0.99999988 -0.00040469 0.00029232 0.00040490 0.99999966 -0.00071147 -0.00029203 0.00071159 0.99999970
0.99999782 -0.00035260 -0.00206002 0.00035274 0.99999994 0.00006760 0.00206000 -0.00006833 0.99999788
0.99999889 0.00146993 0.00024037 -0.00147032 0.99999765 0.00159458 -0.00023803 -0.00159493 0.99999870
0.99999728 0.00131958 -0.00192076 -0.00131571 0.99999711 0.00201225 0.00192341 -0.00200972 0.99999613
0.99999634 0.00177476 -0.00204233 -0.00177016 0.99999590 0.00225077 0.00204631 -0.00224714 0.99999538
0.99999781 0.00199856 0.00061660 -0.00199852 0.99999800 -0.00007737 -0.00061675 0.00007614 0.99999981
0.99999036 0.00438923 -0.00013791 -0.00438931 0.99999019 -0.00059918 0.00013528 0.00059978 0.99999981
0.99999952 0.00084602 -0.00049709 -0.00084659 0.99999898 -0.00115180 0.00049611 0.00115222 0.99999921
0.99998181 0.00585787 -0.00143555 -0.00586046 0.99998120 -0.00180406 0.00142496 0.00181244 0.99999734
0.99999829 0.00184265 0.00013176 -0.00184222 0.99999321 -0.00319038 -0.00013764 0.00319013 0.99999490
0.99999940 0.00107290 0.00021647 -0.00107230 0.99999565 -0.00274934 -0.00021942 0.00274911 0.99999620
0.99999819 0.00175280 0.00074407 -0.00175426 0.99999654 0.00195941 -0.00074063 -0.00196071 0.99999780
0.99999777 -0.00207926 -0.00037410 0.00208106 0.99998603 0.00485976 0.00036399 -0.00486053 0.99998812
0.99999861 -0.00165382 -0.00020945 0.00165445 0.99999408 0.00301741 0.00020446 -0.00301776 0.99999543
0.99999638 -0.00267694 -0.00026882 0.00267660 0.99999566 -0.00123329 0.00027213 0.00123257 0.99999920
0.99999510 -0.00243562 -0.00196413 0.00243412 0.99999675 -0.00076381 0.00196598 0.00075903 0.99999778
0.99999823 -0.00180752 -0.00052651 0.00180758 0.99999836 0.00011530 0.00052630 -0.00011626 0.99999985
0.99999923 -0.00124169 -0.00003616 0.00124168 0.99999919 -0.00027753 0.00003651 0.00027748 0.99999996
0.99999988 0.00001229 -0.00049338 -0.00001295 0.99999911 -0.00133429 0.00049336 0.00133429 0.99999899
0.99999981 0.00030952 -0.00053260 -0.00030967 0.99999991 -0.00028170 0.00053251 0.00028186 0.99999982
0.99999994 -0.00022884 -0.00024666 0.00022923 0.99999878 0.00154797 0.00024630 -0.00154803 0.99999877
0.99999506 0.00314176 -0.00011346 -0.00314140 0.99999036 0.00306623 0.00012309 -0.00306586 0.99999529
0.99999843 0.00050284 0.00169656 -0.00050600 0.99999814 0.00186264 -0.00169562 -0.00186349 0.99999683
0.99999977 -0.00023172 -0.00063262 0.00023293 0.99999815 0.00190917 0.00063218 -0.00190932 0.99999798
0.99999967 0.00006884 -0.00081527 -0.00006811 0.99999960 0.00088905 0.00081533 -0.00088900 0.99999927
0.99999829 -0.00053539 -0.00177075 0.00053485 0.99999981 -0.00030577 0.00177091 0.00030482 0.99999839
0.99999911 -0.00028735 0.00130175 0.00029049 0.99999705 -0.00241281 -0.00130106 0.00241318 0.99999624
0.99999911 0.00012410 -0.00132890 -0.00012526 0.99999961 -0.00087252 0.00132880 0.00087269 0.99999874
0.99999876 -0.00128398 -0.00091243 0.00128262 0.99999807 -0.00148692 0.00091434 0.00148575 0.99999848
0.99999595 0.00213224 -0.00188465 -0.00213357 0.99999748 -0.00070446 0.00188315 0.00070848 0.99999798
0.99999834 0.00121672 -0.00135790 -0.00122097 0.99999434 -0.00313541 0.00135408 0.00313706 0.99999416
0.99999655 0.00217089 -0.00147737 -0.00217560 0.99999253 -0.00319588 0.00147042 0.00319908 0.99999380
0.99999648 -0.00198733 -0.00175672 0.00198150 0.99999254 -0.00331451 0.00176330 0.00331102 0.99999296
0.99999657 0.00201260 -0.00167887 -0.00201496 0.99999699 -0.00140268 0.00167604 0.00140606 0.99999761
0.99999514 0.00309187 -0.00039755 -0.00309241 0.99999428 -0.00136682 0.00039333 0.00136804 0.99999899
0.99999854 0.00086839 -0.00147498 -0.00086589 0.99999819 0.00169342 0.00147645 -0.00169214 0.99999748
0.99999823 -0.00186957 -0.00020039 0.00187004 0.99999548 0.00235391 0.00019598 -0.00235428 0.99999721
0.99999739 -0.00001194 0.00228351 0.00001430 0.99999947 -0.00103302 -0.00228350 0.00103305 0.99999686
0.99999294 -0.00010657 0.00375719 0.00011024 0.99999952 -0.00097643 -0.00375709 0.00097683 0.99999247
0.99999121 0.00143035 0.00394025 -0.00142228 0.99999689 -0.00205015 -0.00394317 0.00204453 0.99999014
0.99997866 0.00043903 0.00651779 -0.00041736 0.99999438 -0.00332567 -0.00651921 0.00332288 0.99997323
0.99996838 0.00143826 0.00782143 -0.00140869 0.99999184 -0.00378574 -0.00782681 0.00377460 0.99996225
0.99995439 0.00162048 0.00941263 -0.00160559 0.99999745 -0.00158935 -0.00941518 0.00157417 0.99995444
0.99995532 -0.00008624 0.00945280 0.00007683 0.99999950 0.00099626 -0.00945288 -0.00099549 0.99995482
0.99993844 0.00030455 0.01109140 -0.00031074 0.99999980 0.00055663 -0.01109123 -0.00056004 0.99993833
0.99992079 0.00049830 0.01257665 -0.00048323 0.99999916 -0.00120128 -0.01257723 0.00119511 0.99992019
0.99991797 0.00221999 0.01261472 -0.00220107 0.99999643 -0.00151340 -0.01261803 0.00148551 0.99991929
0.99989407 0.00084250 0.01453086 -0.00084744 0.99999959 0.00033373 -0.01453057 -0.00034601 0.99989437
0.99987840 0.00073140 0.01557751 -0.00074552 0.99999932 0.00090045 -0.01557684 -0.00091196 0.99987826
0.99987777 -0.00043233 0.01562853 0.00041124 0.99999900 0.00135303 -0.01562910 -0.00134643 0.99987695
0.99987037 0.00046663 0.01609413 -0.00045624 0.99999969 -0.00064922 -0.01609443 0.00064180 0.99987027
0.99989022 -0.00008794 0.01481696 0.00011400 0.99999845 -0.00175821 -0.01481678 0.00175971 0.99988868
0.99983056 -0.00019222 0.01840717 0.00021955 0.99999888 -0.00148296 -0.01840686 0.00148675 0.99982947
0.99980865 0.00083873 0.01954355 -0.00083950 0.99999965 0.00003093 -0.01954352 -0.00004733 0.99980901
0.99976078 0.00301884 0.02166270 -0.00303446 0.99999516 0.00068793 -0.02166051 -0.00075350 0.99976510
0.99974834 -0.00209836 0.02233496 0.00206042 0.99999640 0.00172136 -0.02233849 -0.00167491 0.99974906
0.99972512 -0.00145809 0.02339979 0.00143302 0.99999838 0.00108824 -0.02340134 -0.00105441 0.99972560
0.99967465 0.00247290 0.02538668 -0.00243978 0.99999613 -0.00133545 -0.02538989 0.00127308 0.99967681
0.99965992 0.00140268 0.02603975 -0.00137208 0.99999835 -0.00119282 -0.02604138 0.00115668 0.99966020
0.99962553 0.00369227 0.02711406 -0.00365977 0.99999252 -0.00124836 -0.02711846 0.00114866 0.99963157
0.99958337 0.00131256 0.02883352 -0.00126866 0.99999801 -0.00154078 -0.02883549 0.00150356 0.99958304
0.99950585 -0.00050055 0.03142949 0.00052257 0.99999962 -0.00069257 -0.03142914 0.00070865 0.99950573
0.99948745 -0.00338663 0.03183347 0.00341861 0.99999371 -0.00094999 -0.03183006 0.00105833 0.99949274
0.99947428 -0.00273377 0.03230628 0.00280021 0.99999406 -0.00201170 -0.03230059 0.00210111 0.99947599
0.99946186 -0.00106914 0.03278487 0.00110589 0.99999878 -0.00110297 -0.03278365 0.00113863 0.99946182
0.99945619 0.00065102 0.03296814 -0.00057458 0.99999713 -0.00232795 -0.03296956 0.00230774 0.99945369
0.99942681 0.00035134 0.03385145 -0.00031982 0.99999951 -0.00093648 -0.03385176 0.00092512 0.99942644
0.99925626 0.00198721 0.03850952 -0.00197033 0.99999795 -0.00047628 -0.03851039 0.00040005 0.99925812
0.99937173 0.00126629 0.03541939 -0.00127688 0.99999915 0.00027640 -0.03541901 -0.00032146 0.99937250
0.99935094 0.00036162 0.03602167 -0.00036437 0.99999993 0.00006961 -0.03602164 -0.00008269 0.99935101
0.99933807 -0.00156958 0.03634487 0.00159385 0.99999853 -0.00063879 -0.03634381 0.00069629 0.99933910
0.99938634 -0.00313162 0.03488748 0.00317914 0.99999409 -0.00130676 -0.03488318 0.00141687 0.99939039
0.99923911 -0.00237678 0.03893015 0.00247421 0.99999393 -0.00245483 -0.03892408 0.00254928 0.99923892
0.99932642 -0.00129082 0.03667485 0.00131393 0.99999895 -0.00060605 -0.03667403 0.00065383 0.99932707
0.99933108 0.00086043 0.03656034 -0.00091749 0.99999839 0.00154398 -0.03655896 -0.00157649 0.99933025
0.99933109 0.00202011 0.03651416 -0.00209961 0.99999551 0.00213918 -0.03650967 -0.00221442 0.99933085
0.99934051 0.00202329 0.03625539 -0.00208598 0.99999639 0.00169128 -0.03625184 -0.00176579 0.99934113
0.99936410 -0.00136937 0.03563036 0.00132106 0.99999818 0.00137924 -0.03563218 -0.00133129 0.99936409
0.99935929 0.00201917 0.03573412 -0.00209140 0.99999584 0.00198406 -0.03572996 -0.00205753 0.99935936
0.99936202 0.00091625 0.03570306 -0.00090462 0.99999953 -0.00034174 -0.03570335 0.00030922 0.99936238
0.99943836 0.00445509 0.03321329 -0.00436081 0.99998626 -0.00291052 -0.03322580 0.00276405 0.99944405
0.99946206 0.00295164 0.03266306 -0.00286542 0.99999229 -0.00268607 -0.03267073 0.00259104 0.99946281
0.99952813 -0.00009891 0.03071659 0.00009591 0.99999999 0.00009920 -0.03071660 -0.00009621 0.99952813
0.99946170 0.00288506 0.03268012 -0.00296659 0.99999261 0.00244661 -0.03267282 -0.00254225 0.99946287
0.99949868 0.00338987 0.03147842 -0.00342653 0.99999351 0.00111082 -0.03147445 -0.00121813 0.99950381
0.99951193 0.00705173 0.03043307 -0.00710737 0.99997326 0.00172028 -0.03042013 -0.00193574 0.99953533
0.99951403 0.00405960 0.03090657 -0.00414474 0.99998779 0.00269123 -0.03089527 -0.00281802 0.99951865
0.99956734 0.00405850 0.02913196 -0.00408423 0.99999132 0.00082381 -0.02912836 -0.00094243 0.99957523
0.99956545 0.00297280 0.02932708 -0.00297786 0.99999556 0.00012903 -0.02932656 -0.00021631 0.99956986
0.99961512 0.00194208 0.02767365 -0.00187924 0.99999560 -0.00229662 -0.02767799 0.00224373 0.99961437
0.99971301 0.00094623 0.02393755 -0.00087016 0.99999454 -0.00318822 -0.02394044 0.00316647 0.99970837
0.99977350 0.00020992 0.02128164 -0.00015360 0.99999648 -0.00264840 -0.02128213 0.00264454 0.99977001
0.99982113 -0.00249870 0.01874744 0.00251047 0.99999667 -0.00060401 -0.01874587 0.00065097 0.99982407
0.99987737 -0.00106451 0.01562437 0.00104069 0.99999828 0.00153265 -0.01562597 -0.00151620 0.99987676
0.99990430 -0.00101024 0.01379778 0.00096114 0.99999318 0.00356466 -0.01380129 -0.00355106 0.99989845
0.99989841 -0.00372912 0.01375724 0.00367223 0.99998461 0.00415865 -0.01377253 -0.00410771 0.99989672
0.99989015 0.00202358 0.01468295 -0.00205542 0.99999557 0.00215385 -0.01467853 -0.00218379 0.99988988
0.99993119 0.00319310 0.01128783 -0.00318494 0.99999465 -0.00074035 -0.01129013 0.00070434 0.99993602
0.99994212 0.00197147 0.01057695 -0.00192800 0.99998966 -0.00411824 -0.01058496 0.00409761 0.99993558
0.99994698 0.00084895 0.01026248 -0.00081313 0.99999357 -0.00349337 -0.01026538 0.00348484 0.99994124
0.99993723 -0.00294619 0.01080992 0.00297144 0.99999289 -0.00232056 -0.01080300 0.00235254 0.99993888
0.99992949 0.00390134 0.01121580 -0.00391530 0.99999159 0.00122295 -0.01121093 -0.00126678 0.99993635
0.99992461 -0.00038526 0.01227310 0.00037640 0.99999967 0.00072404 -0.01227338 -0.00071937 0.99992442
0.99992126 -0.00020504 0.01254685 0.00020158 0.99999994 0.00027651 -0.01254691 -0.00027396 0.99992125
0.99990714 -0.00282067 0.01333272 0.00281357 0.99999589 0.00055089 -0.01333421 -0.00051333 0.99991096
0.99991443 -0.00167027 0.01297478 0.00162974 0.99999376 0.00313348 -0.01297993 -0.00311207 0.99991091
0.99991461 -0.00294454 0.01273230 0.00288792 0.99998587 0.00446251 -0.01274526 -0.00442536 0.99990898
0.99994290 -0.00312224 0.01021970 0.00308925 0.99998997 0.00324228 -0.01022973 -0.00321052 0.99994252
0.99995583 -0.00022664 0.00939562 0.00025080 0.99999667 -0.00256934 -0.00939500 0.00257158 0.99995256
0.99995609 -0.00313824 0.00883044 0.00316944 0.99998878 -0.00352200 -0.00881929 0.00354983 0.99995481
0.99996872 -0.00406864 0.00678272 0.00409604 0.99998348 -0.00403183 -0.00676621 0.00405948 0.99996887
0.99998565 -0.00435372 0.00312247 0.00436006 0.99998844 -0.00202550 -0.00311362 0.00203909 0.99999307
0.99999017 -0.00165329 0.00411394 0.00164282 0.99999541 0.00254723 -0.00411813 -0.00254044 0.99998829
0.99998557 -0.00159385 0.00513087 0.00157723 0.99999350 0.00324178 -0.00513600 -0.00323364 0.99998158
0.99999534 0.00021009 0.00304419 -0.00021731 0.99999717 0.00237031 -0.00304368 -0.00237096 0.99999256
0.99999605 -0.00051114 0.00276563 0.00051078 0.99999986 0.00013023 -0.00276569 -0.00012881 0.99999617
0.99999852 -0.00157951 0.00068101 0.00158013 0.99999834 -0.00091218 -0.00067957 0.00091326 0.99999935
0.99999532 -0.00273427 -0.00137190 0.00273399 0.99999624 -0.00020741 0.00137247 0.00020366 0.99999904
0.99999747 -0.00188899 -0.00122521 0.00188838 0.99999809 -0.00050027 0.00122616 0.00049795 0.99999912
0.99998363 -0.00565788 -0.00084914 0.00565702 0.99998349 -0.00100965 0.00085484 0.00100483 0.99999913
0.99999660 -0.00138846 -0.00220916 0.00138899 0.99999901 0.00023904 0.00220882 -0.00024211 0.99999753
0.99999693 -0.00048038 -0.00243131 0.00048172 0.99999973 0.00054777 0.00243105 -0.00054894 0.99999689
0.99999788 -0.00195897 -0.00064168 0.00195988 0.99999705 0.00143291 0.00063887 -0.00143416 0.99999877
0.99998540 -0.00138516 -0.00522317 0.00139275 0.99999798 0.00144971 0.00522115 -0.00145697 0.99998531
0.99999148 -0.00036041 -0.00411177 0.00036584 0.99999906 0.00131896 0.00411129 -0.00132045 0.99999068
0.99998794 -0.00194226 -0.00451078 0.00193703 0.99999745 -0.00116318 0.00451303 0.00115443 0.99998915
0.99998155 -0.00243209 -0.00556680 0.00242424 0.99999606 -0.00141571 0.00557022 0.00140218 0.99998350
0.99998706 -0.00277356 -0.00426566 0.00276374 0.99999352 -0.00230594 0.00427203 0.00229412 0.99998824
0.99997604 0.00126135 -0.00680670 -0.00125706 0.99999901 0.00063378 0.00680749 -0.00062520 0.99997663
0.99999044 0.00020414 -0.00436815 -0.00018574 0.99999111 0.00421226 0.00436897 -0.00421141 0.99998159
0.99997893 -0.00085491 -0.00643547 0.00088622 0.99998778 0.00486382 0.00643123 -0.00486942 0.99996746
0.99998470 0.00004666 -0.00553191 -0.00005502 0.99999886 -0.00150957 0.00553183 0.00150985 0.99998356
0.99998268 0.00273350 -0.00521266 -0.00276898 0.99997296 -0.00681195 0.00519390 0.00682626 0.99996321
0.99998732 -0.00129535 -0.00486625 0.00127137 0.99998705 -0.00492828 0.00487257 0.00492203 0.99997602
0.99997406 -0.00183086 -0.00696650 0.00181756 0.99999651 -0.00191597 0.00696999 0.00190326 0.99997390
0.99997740 -0.00031115 -0.00671652 0.00033206 0.99999511 0.00311100 0.00671552 -0.00311316 0.99997260
0.99998045 -0.00091246 -0.00618566 0.00093331 0.99999389 0.00336863 0.00618255 -0.00337434 0.99997519
0.99997262 -0.00140294 -0.00726602 0.00139460 0.99999836 -0.00115355 0.00726762 0.00114338 0.99997294
0.99998187 -0.00063345 -0.00598857 0.00062186 0.99999793 -0.00193675 0.00598979 0.00193299 0.99998019
0.99998337 -0.00094735 -0.00568793 0.00094494 0.99999946 -0.00042603 0.00568833 0.00042065 0.99998373
0.99999127 0.00137060 -0.00394838 -0.00136754 0.99999876 0.00077816 0.00394944 -0.00077276 0.99999190
0.99999120 -0.00048086 -0.00416641 0.00048862 0.99999815 0.00186056 0.00416551 -0.00186258 0.99998959
0.99998964 -0.00089456 -0.00446208 0.00090062 0.99999867 0.00135627 0.00446087 -0.00136028 0.99998913
0.99998963 -0.00203615 -0.00407283 0.00204176 0.99999697 0.00137220 0.00407002 -0.00138050 0.99999076
0.99998436 -0.00215225 -0.00516299 0.00215735 0.99999719 0.00098300 0.00516086 -0.00099413 0.99998619
0.99999500 0.00167266 -0.00268296 -0.00166949 0.99999791 0.00118435 0.00268493 -0.00117986 0.99999570
0.99999273 0.00362348 -0.00118698 -0.00361944 0.99998770 0.00339098 0.00119925 -0.00338666 0.99999355
0.99999725 -0.00112281 -0.00205681 0.00112270 0.99999937 -0.00005638 0.00205688 0.00005407 0.99999788
0.99999831 0.00142497 -0.00115831 -0.00143201 0.99998040 -0.00609530 0.00114960 0.00609695 0.99998075
0.99998758 -0.00484514 -0.00116925 0.00484305 0.99998668 -0.00178486 0.00117789 0.00177918 0.99999772
0.99999065 -0.00400993 -0.00161755 0.00401402 0.99998874 0.00253171 0.00160738 -0.00253818 0.99999549
0.99999972 0.00049069 -0.00055957 -0.00048963 0.99999806 0.00190639 0.00056051 -0.00190612 0.99999803
0.99999919 -0.00036476 -0.00121572 0.00035998 0.99999222 -0.00392820 0.00121714 0.00392776 0.99999155
0.99999668 0.00236001 0.00103722 -0.00235732 0.99999388 -0.00258602 -0.00104332 0.00258356 0.99999612
0.99999391 0.00341616 -0.00071064 -0.00341649 0.99999406 -0.00046206 0.00070906 0.00046448 0.99999964
0.99999792 -0.00119004 0.00165551 0.00118914 0.99999915 0.00054208 -0.00165615 -0.00054011 0.99999848
0.99999197 -0.00367311 -0.00160276 0.00367721 0.99998996 0.00256280 0.00159333 -0.00256868 0.99999543
0.99999687 -0.00241641 0.00064495 0.00241416 0.99999105 0.00347519 -0.00065334 -0.00347362 0.99999375
0.99998933 -0.00255817 -0.00384607 0.00257757 0.99998393 0.00504840 0.00383309 -0.00505826 0.99997986
0.99999365 -0.00216532 0.00283076 0.00215978 0.99999575 0.00195879 -0.00283499 -0.00195266 0.99999407
0.99999972 0.00053612 -0.00052933 -0.00053951 0.99997922 -0.00642439 0.00052588 0.00642468 0.99997922
0.99999697 -0.00189955 -0.00156767 0.00188795 0.99997109 -0.00736517 0.00158161 0.00736219 0.99997165
0.99999563 0.00273762 -0.00111622 -0.00273856 0.99999590 -0.00083607 0.00111392 0.00083912 0.99999903
0.99999872 0.00117603 -0.00108388 -0.00117205 0.99999261 0.00366239 0.00108818 -0.00366111 0.99999271
0.99999333 -0.00092281 -0.00353507 0.00093094 0.99999692 0.00230067 0.00353294 -0.00230395 0.99999111
0.99999603 -0.00223666 -0.00171553 0.00224004 0.99999554 0.00197352 0.00171111 -0.00197736 0.99999658
0.99999734 0.00174682 -0.00150649 -0.00174587 0.99999828 0.00063129 0.00150759 -0.00062866 0.99999867
0.99999993 0.00009864 -0.00036214 -0.00009898 0.99999954 -0.00095213 0.00036205 0.00095217 0.99999948
0.99999037 0.00293823 -0.00326063 -0.00293534 0.99999529 0.00089100 0.00326323 -0.00088142 0.99999429
0.99998167 0.00275080 -0.00539420 -0.00274462 0.99999557 0.00115335 0.00539735 -0.00113853 0.99998479
0.99999211 0.00077195 -0.00389582 -0.00076423 0.99999775 0.00198086 0.00389734 -0.00197787 0.99999045
0.99999727 -0.00012549 -0.00233368 0.00012472 0.99999994 -0.00032684 0.00233372 0.00032655 0.99999722
0.99999591 -0.00254366 -0.00131128 0.00254237 0.99999629 -0.00098262 0.00131377 0.00097928 0.99999866
0.99998115 0.00256297 -0.00557936 -0.00256634 0.99999653 -0.00059741 0.00557781 0.00061172 0.99998426
0.99999575 0.00027257 -0.00290375 -0.00026246 0.99999389 0.00348441 0.00290469 -0.00348363 0.99998971
0.99999716 0.00081276 -0.00224251 -0.00080957 0.99999866 0.00142368 0.00224366 -0.00142186 0.99999647
0.99998954 0.00188730 -0.00416577 -0.00189442 0.99999675 -0.00170566 0.00416254 0.00171354 0.99998987
0.99999636 -0.00050105 -0.00265149 0.00049044 0.99999188 -0.00399933 0.00265347 0.00399802 0.99998849
0.99999685 0.00115640 -0.00222840 -0.00116270 0.99999532 -0.00282851 0.00222512 0.00283109 0.99999352
0.99999751 0.00096856 -0.00200818 -0.00096601 0.99999872 0.00127282 0.00200941 -0.00127087 0.99999717
0.99999639 -0.00012009 -0.00268357 0.00012457 0.99999860 0.00166917 0.00268337 -0.00166950 0.99999501
0.99999842 -0.00053902 -0.00169515 0.00054033 0.99999956 0.00077056 0.00169473 -0.00077147 0.99999827
0.99999772 -0.00025960 -0.00211805 0.00025872 0.99999988 -0.00041383 0.00211816 0.00041328 0.99999767
0.99999182 -0.00369867 -0.00163488 0.00370381 0.99998817 0.00315337 0.00162320 -0.00315940 0.99999369
0.99999593 -0.00256234 -0.00125661 0.00256439 0.99999539 0.00162816 0.00125243 -0.00163137 0.99999789
0.99999847 -0.00078235 -0.00156713 0.00078087 0.99999925 -0.00094345 0.00156787 0.00094223 0.99999833
0.99999496 -0.00020575 -0.00316883 0.00020007 0.99999837 -0.00179447 0.00316919 0.00179383 0.99999337
0.99999782 0.00196067 -0.00072325 -0.00196056 0.99999807 0.00014546 0.00072353 -0.00014404 0.99999973
0.99999549 0.00297399 -0.00040934 -0.00297370 0.99999534 0.00069208 0.00041140 -0.00069086 0.99999968
0.99999651 0.00260152 -0.00045912 -0.00260035 0.99999339 0.00254171 0.00046573 -0.00254050 0.99999666
0.99999779 0.00197823 0.00071611 -0.00197799 0.99999799 -0.00032709 -0.00071675 0.00032567 0.99999969
0.99999938 0.00110342 -0.00012881 -0.00110342 0.99999939 0.00001873 0.00012883 -0.00001859 0.99999999
0.99999910 -0.00133352 -0.00017626 0.00133336 0.99999871 -0.00089528 0.00017746 0.00089504 0.99999958
0.99999639 -0.00260132 -0.00066879 0.00260019 0.99999519 -0.00168843 0.00067318 0.00168669 0.99999835
0.99999905 -0.00137432 -0.00004513 0.00137427 0.99999854 -0.00101988 0.00004653 0.00101982 0.99999948
0.99999805 -0.00144998 -0.00134135 0.00144919 0.99999878 -0.00059017 0.00134220 0.00058823 0.99999893
0.99999978 -0.00064892 0.00012572 0.00064878 0.99999922 0.00107143 -0.00012642 -0.00107135 0.99999942
0.99999909 -0.00029881 -0.00131642 0.00029942 0.99999985 0.00046598 0.00131628 -0.00046637 0.99999902
0.99999770 -0.00088032 -0.00195782 0.00087901 0.99999939 -0.00066830 0.00195840 0.00066657 0.99999786
0.99999764 -0.00178645 -0.00123472 0.00178824 0.99999735 0.00144922 0.00123213 -0.00145142 0.99999819
0.99999238 -0.00349802 -0.00173339 0.00350038 0.99999294 0.00136289 0.00172861 -0.00136895 0.99999757
0.99999669 -0.00252911 -0.00046964 0.00252845 0.99999583 -0.00139305 0.00047316 0.00139186 0.99999892
0.99999755 -0.00149192 -0.00163714 0.00149079 0.99999865 -0.00069304 0.00163818 0.00069060 0.99999842
0.99999754 -0.00177537 -0.00132643 0.00177460 0.99999825 -0.00058571 0.00132747 0.00058335 0.99999895
0.99999901 0.00012733 -0.00140078 -0.00012919 0.99999912 -0.00132202 0.00140061 0.00132220 0.99999815
0.99999782 -0.00128462 -0.00164461 0.00128337 0.99999889 -0.00076008 0.00164558 0.00075797 0.99999836
0.99999945 0.00057678 -0.00087531 -0.00057800 0.99999886 -0.00139415 0.00087451 0.00139466 0.99999865
0.99999883 -0.00148334 0.00036392 0.00148317 0.99999879 0.00046793 -0.00036462 -0.00046739 0.99999982
0.99999910 0.00065775 -0.00116509 -0.00065516 0.99999732 0.00222217 0.00116655 -0.00222141 0.99999685
0.99999781 -0.00006742 -0.00209273 0.00007346 0.99999583 0.00288676 0.00209252 -0.00288690 0.99999364
0.99999527 0.00143543 -0.00271871 -0.00143214 0.99999824 0.00121286 0.00272044 -0.00120896 0.99999557
0.99999529 0.00228625 -0.00205010 -0.00228196 0.99999520 0.00209422 0.00205488 -0.00208953 0.99999571
0.99999551 0.00256310 -0.00155094 -0.00255992 0.99999462 0.00205068 0.00155618 -0.00204670 0.99999669
0.99999861 0.00140137 -0.00090854 -0.00140025 0.99999827 0.00122281 0.00091025 -0.00122154 0.99999884
0.99999739 0.00120586 -0.00194196 -0.00120223 0.99999753 0.00186951 0.00194421 -0.00186717 0.99999637
0.99999271 0.00289953 -0.00248453 -0.00290049 0.99999572 -0.00038354 0.00248341 0.00039074 0.99999684
0.99999245 0.00200931 -0.00332551 -0.00202399 0.99998820 -0.00441610 0.00331660 0.00442280 0.99998472
0.99999960 -0.00018766 -0.00087440 0.00018305 0.99998611 -0.00526683 0.00087538 0.00526666 0.99998575
0.99999202 0.00235574 -0.00322541 -0.00235618 0.99999722 -0.00013120 0.00322510 0.00013880 0.99999479
0.99999717 0.00081749 -0.00223509 -0.00081246 0.99999714 0.00224928 0.00223693 -0.00224746 0.99999497
0.99999921 -0.00101255 -0.00075088 0.00101138 0.99999826 -0.00156475 0.00075247 0.00156399 0.99999849
0.99999670 -0.00134833 -0.00218534 0.00134208 0.99999502 -0.00285784 0.00218919 0.00285490 0.99999353
0.99999963 -0.00085824 0.00001474 0.00085828 0.99999459 -0.00317392 -0.00001202 0.00317394 0.99999496
0.99999751 0.00195723 -0.00106966 -0.00195879 0.99999701 -0.00146164 0.00106680 0.00146373 0.99999836
0.99999893 0.00045941 -0.00138976 -0.00045918 0.99999988 0.00017046 0.00138984 -0.00016982 0.99999902
0.99999904 0.00083964 -0.00110231 -0.00083778 0.99999823 0.00168460 0.00110373 -0.00168367 0.99999797
0.99999928 0.00053220 -0.00107804 -0.00052945 0.99999661 0.00254939 0.00107940 -0.00254882 0.99999617
0.99999653 -0.00222742 -0.00140749 0.00223061 0.99999494 0.00226669 0.00140243 -0.00226982 0.99999644
0.99999424 -0.00077275 -0.00330580 0.00077635 0.99999911 0.00108678 0.00330495 -0.00108934 0.99999395
0.99999769 -0.00034443 -0.00212215 0.00034535 0.99999985 0.00043502 0.00212200 -0.00043576 0.99999765
0.99999487 0.00315815 0.00053582 -0.00315850 0.99999481 0.00064286 -0.00053379 -0.00064455 0.99999965
0.99999987 -0.00022847 0.00044813 0.00022802 0.99999948 0.00099256 -0.00044836 -0.00099245 0.99999941
0.99999994 -0.00010108 -0.00031724 0.00010158 0.99999877 0.00156591 0.00031708 -0.00156594 0.99999872
0.99999815 -0.00165383 -0.00097894 0.00165174 0.99999635 -0.00213628 0.00098247 0.00213466 0.99999724
0.99999700 -0.00234855 -0.00070139 0.00234514 0.99998561 -0.00482462 0.00071271 0.00482296 0.99998812
0.99999203 -0.00397251 -0.00040840 0.00397059 0.99998147 -0.00461420 0.00042672 0.00461254 0.99998927
0.99999357 -0.00355335 0.00048205 0.00355538 0.99998458 -0.00426492 -0.00046689 0.00426661 0.99999079
0.99999971 0.00047262 0.00060499 -0.00047052 0.99999388 -0.00346682 -0.00060662 0.00346653 0.99999381
0.99999668 -0.00243100 -0.00086024 0.00243230 0.99999589 0.00151600 0.00085655 -0.00151809 0.99999848
0.99999993 0.00038158 -0.00003064 -0.00038128 0.99995579 0.00939504 0.00003423 -0.00939503 0.99995587
0.99999660 0.00259271 0.00026816 -0.00259459 0.99997033 0.00725339 -0.00024934 -0.00725406 0.99997366
0.99999923 0.00113085 -0.00050745 -0.00113161 0.99999824 -0.00149616 0.00050575 0.00149673 0.99999875
0.99999666 0.00122571 -0.00227485 -0.00123430 0.99999210 -0.00377810 0.00227020 0.00378090 0.99999028
0.99999798 -0.00028162 -0.00199228 0.00027498 0.99999441 -0.00333367 0.00199320 0.00333312 0.99999246
0.99999860 0.00062510 -0.00155303 -0.00062627 0.99999952 -0.00075108 0.00155256 0.00075205 0.99999851
0.99999837 0.00019173 -0.00179346 -0.00019125 0.99999995 0.00026887 0.00179351 -0.00026852 0.99999836
