1.00000000 0.00000000 0.00000000 0.00000000 1.00000000 0.00000000 0.00000000 0.00000000 1.00000000
0.99998082 -0.00095938 0.00611835 0.00096236 0.99999942 -0.00048396 -0.00611789 0.00048984 0.99998117
0.99998915 -0.00097096 0.00455494 0.00097214 0.99999949 -0.00025662 -0.00455468 0.00026104 0.99998959
0.99999169 -0.00066896 0.00402252 0.00066793 0.99999974 0.00025746 -0.00402269 -0.00025477 0.99999188
0.99999915 -0.00038598 0.00124166 0.00038400 0.99999865 0.00159521 -0.00124228 -0.00159474 0.99999796
0.99999816 -0.00036897 0.00188475 0.00036547 0.99999821 0.00185662 -0.00188543 -0.00185592 0.99999650
0.99999997 -0.00005759 0.00024797 0.00005712 0.99999819 0.00190056 -0.00024808 -0.00190054 0.99999816
0.99999881 -0.00152075 0.00027746 0.00152019 0.99999680 0.00202152 -0.00028054 -0.00202110 0.99999792
0.99999226 -0.00369912 -0.00133739 0.00370236 0.99999020 0.00242581 0.00132841 -0.00243075 0.99999616
0.99999518 -0.00272085 0.00149636 0.00271710 0.99999319 0.00249824 -0.00150314 -0.00249417 0.99999576
0.99998924 -0.00339335 -0.00316431 0.00340597 0.99998623 0.00399194 0.00315072 -0.00400267 0.99998703
0.99999338 -0.00251828 -0.00262782 0.00252644 0.99999199 0.00310388 0.00261999 -0.00311050 0.99999173
0.99999703 0.00164935 -0.00179712 -0.00165035 0.99999848 -0.00055753 0.00179620 0.00056049 0.99999823
0.99999860 0.00011983 -0.00166847 -0.00011952 0.99999998 0.00018558 0.00166850 -0.00018538 0.99999859
0.99999863 -0.00062246 -0.00153517 0.00062252 0.99999981 0.00003724 0.00153515 -0.00003819 0.99999882
0.99999828 0.00078226 -0.00168349 -0.00078369 0.99999933 -0.00084831 0.00168283 0.00084963 0.99999822
0.99999895 -0.00017310 -0.00143952 0.00017365 0.99999991 0.00038150 0.00143945 -0.00038175 0.99999889
0.99999962 -0.00008775 -0.00086512 0.00008767 0.99999999 -0.00009230 0.00086513 0.00009223 0.99999962
0.99999818 0.00121769 -0.00146784 -0.00121400 0.99999612 0.00250600 0.00147089 -0.00250422 0.99999578
0.99999729 0.00216489 -0.00086052 -0.00216425 0.99999739 0.00073596 0.00086211 -0.00073409 0.99999936
0.99999742 0.00195580 -0.00115731 -0.00195582 0.99999809 -0.00001449 0.00115728 0.00001675 0.99999933
0.99999656 0.00211724 -0.00154999 -0.00211741 0.99999775 -0.00010751 0.00154976 0.00011080 0.99999879
0.99999891 -0.00015427 -0.00146649 0.00015319 0.99999971 -0.00074076 0.00146660 0.00074053 0.99999865
0.99999840 0.00100918 -0.00147951 -0.00100978 0.99999941 -0.00040013 0.00147910 0.00040163 0.99999883
0.99999654 -0.00217738 -0.00147853 0.00217870 0.99999723 0.00089124 0.00147658 -0.00089446 0.99999851
0.99999148 -0.00370607 -0.00181670 0.00370950 0.99999134 0.00188870 0.00180969 -0.00189542 0.99999657
0.99999796 -0.00052105 -0.00194900 0.00052357 0.99999903 0.00128937 0.00194833 -0.00129039 0.99999727
0.99999634 -0.00207640 -0.00173533 0.00207703 0.99999778 0.00036681 0.00173457 -0.00037041 0.99999843
0.99999475 -0.00273972 -0.00173217 0.00274239 0.99999505 0.00154533 0.00172793 -0.00155007 0.99999731
0.99999873 -0.00115594 -0.00109583 0.00115821 0.99999718 0.00207375 0.00109343 -0.00207501 0.99999725
0.99999926 0.00041608 -0.00113930 -0.00041465 0.99999912 0.00125709 0.00113982 -0.00125661 0.99999856
0.99999802 -0.00132583 -0.00148075 0.00132562 0.99999911 -0.00014214 0.00148094 0.00014018 0.99999889
0.99999145 -0.00382505 -0.00156836 0.00382538 0.99999266 0.00020262 0.00156757 -0.00020862 0.99999875
0.99998558 -0.00508801 -0.00171800 0.00509105 0.99998547 0.00177123 0.00170896 -0.00177996 0.99999696
0.99999306 -0.00307163 -0.00210837 0.00307200 0.99999527 0.00017238 0.00210783 -0.00017886 0.99999776
0.99999273 -0.00311444 -0.00219780 0.00311185 0.99999446 -0.00118096 0.00220147 0.00117411 0.99999689
0.99998869 -0.00406104 -0.00247578 0.00405414 0.99998790 -0.00278499 0.00248706 0.00277492 0.99999306
0.99999638 -0.00114331 -0.00243517 0.00113796 0.99999694 -0.00219672 0.00243767 0.00219394 0.99999462
0.99999632 0.00035668 -0.00268784 -0.00035964 0.99999933 -0.00109790 0.00268745 0.00109886 0.99999579
0.99999378 0.00236391 -0.00261888 -0.00236490 0.99999713 -0.00037186 0.00261799 0.00037806 0.99999650
0.99999584 0.00086467 -0.00275071 -0.00086640 0.99999943 -0.00062678 0.00275016 0.00062916 0.99999602
0.99999597 0.00143673 -0.00244787 -0.00143820 0.99999879 -0.00059712 0.00244701 0.00060064 0.99999683
0.99999633 0.00148298 -0.00226890 -0.00148632 0.99999781 -0.00147308 0.00226671 0.00147644 0.99999634
0.99999729 0.00076934 -0.00219642 -0.00077511 0.99999624 -0.00263062 0.00219439 0.00263232 0.99999413
0.99999803 0.00123997 -0.00155109 -0.00124490 0.99999417 -0.00318114 0.00154714 0.00318307 0.99999374
0.99999941 0.00039998 -0.00101272 -0.00040329 0.99999456 -0.00327359 0.00101141 0.00327399 0.99999413
0.99999938 0.00099900 -0.00048827 -0.00099996 0.99999755 -0.00197245 0.00048630 0.00197294 0.99999794
0.99999986 -0.00046535 0.00026456 0.00046581 0.99999833 -0.00176484 -0.00026374 0.00176496 0.99999841
0.99999980 -0.00028833 0.00057077 0.00028869 0.99999976 -0.00062967 -0.00057059 0.00062983 0.99999964
0.99999927 -0.00032316 0.00116064 0.00032380 0.99999979 -0.00055321 -0.00116046 0.00055359 0.99999917
0.99999942 -0.00039754 0.00099749 0.00039777 0.99999989 -0.00023754 -0.00099740 0.00023794 0.99999947
0.99999950 0.00008325 0.00100128 -0.00008344 0.99999998 0.00018654 -0.00100127 -0.00018662 0.99999948
0.99999911 0.00043924 0.00125879 -0.00043940 0.99999990 0.00012503 -0.00125874 -0.00012558 0.99999920
0.99999936 0.00028234 0.00109716 -0.00028185 0.99999986 -0.00044433 -0.00109728 0.00044403 0.99999930
0.99999905 0.00075370 0.00115721 -0.00075316 0.99999961 -0.00046694 -0.00115757 0.00046607 0.99999922
0.99999872 0.00099060 0.00125377 -0.00099048 0.99999950 -0.00009622 -0.00125386 0.00009498 0.99999921
0.99999874 0.00091969 0.00129266 -0.00092127 0.99999883 0.00122213 -0.00129154 -0.00122332 0.99999842
0.99999918 0.00016322 0.00127176 -0.00016466 0.99999934 0.00113412 -0.00127157 -0.00113433 0.99999855
0.99999900 -0.00045629 0.00133775 0.00045528 0.99999961 0.00075802 -0.00133809 -0.00075741 0.99999882
0.99999796 0.00120843 0.00161682 -0.00120675 0.99999873 -0.00104075 -0.00161808 0.00103880 0.99999815
0.99999687 0.00202114 0.00147325 -0.00201805 0.99999578 -0.00209024 -0.00147747 0.00208726 0.99999673
0.99999767 0.00127676 0.00174329 -0.00127380 0.99999774 -0.00169993 -0.00174546 0.00169771 0.99999704
0.99999729 0.00158386 0.00170647 -0.00158254 0.99999845 -0.00077436 -0.00170770 0.00077166 0.99999824
0.99999614 0.00212604 0.00178669 -0.00212756 0.99999738 0.00084545 -0.00178488 -0.00084924 0.99999805
0.99999665 0.00184299 0.00181492 -0.00184416 0.99999809 0.00063995 -0.00181374 -0.00064329 0.99999815
0.99999851 0.00066175 0.00159182 -0.00066195 0.99999977 0.00012115 -0.00159174 -0.00012220 0.99999873
0.99999385 0.00303342 0.00176162 -0.00303224 0.99999518 -0.00067219 -0.00176365 0.00066685 0.99999822
0.99999272 0.00316061 0.00213925 -0.00316054 0.99999500 -0.00003561 -0.00213935 0.00002885 0.99999771
0.99999919 0.00060563 0.00111956 -0.00060653 0.99999949 0.00080189 -0.00111907 -0.00080256 0.99999905
0.99999646 -0.00256214 0.00071735 0.00256152 0.99999635 0.00086461 -0.00071956 -0.00086276 0.99999937
0.99998731 -0.00498443 0.00073566 0.00498581 0.99998579 -0.00188835 -0.00072623 0.00189199 0.99999795
0.99999973 -0.00064780 -0.00034882 0.00064545 0.99997750 -0.00667776 0.00035314 0.00667753 0.99997764
0.99999946 0.00053903 -0.00088814 -0.00054734 0.99995582 -0.00938351 0.00088304 0.00938400 0.99995558
0.99999685 -0.00191581 -0.00161921 0.00190532 0.99997734 -0.00645632 0.00163154 0.00645322 0.99997785
0.99999481 -0.00313728 -0.00073737 0.00313845 0.99999381 0.00159273 0.00073237 -0.00159503 0.99999846
0.99998246 0.00592194 0.00005825 -0.00592221 0.99995362 0.00759538 -0.00001327 -0.00759559 0.99997115
0.99998448 0.00556952 0.00012842 -0.00557037 0.99995278 0.00796341 -0.00008406 -0.00796400 0.99996828
0.99999378 0.00302574 -0.00181141 -0.00301713 0.99998422 0.00473822 0.00182572 -0.00473272 0.99998713
0.99999867 0.00078828 -0.00142919 -0.00078612 0.99999854 0.00151663 0.00143039 -0.00151551 0.99999783
0.99999716 -0.00157625 -0.00178942 0.00157127 0.99999490 -0.00278119 0.00179379 0.00277838 0.99999453
0.99999247 -0.00316214 -0.00224907 0.00315234 0.99998558 -0.00434790 0.00226279 0.00434077 0.99998802
0.99999724 -0.00173142 -0.00158808 0.00172519 0.99999084 -0.00391638 0.00159484 0.00391363 0.99999107
0.99999881 -0.00089174 -0.00125533 0.00088984 0.99999845 -0.00151751 0.00125668 0.00151639 0.99999806
0.99999939 -0.00048183 -0.00099845 0.00048168 0.99999987 -0.00014873 0.00099852 0.00014825 0.99999949
0.99999911 0.00062911 -0.00117318 -0.00062810 0.99999943 0.00086651 0.00117373 -0.00086577 0.99999894
0.99999904 0.00043178 -0.00131524 -0.00043182 0.99999991 -0.00002917 0.00131523 0.00002974 0.99999913
0.99999938 0.00039069 -0.00104072 -0.00038989 0.99999963 0.00076951 0.00104102 -0.00076911 0.99999916
0.99999932 0.00033253 -0.00111841 -0.00033235 0.99999993 0.00015733 0.00111846 -0.00015695 0.99999936
0.99999950 0.00044505 -0.00089877 -0.00044576 0.99999959 -0.00079313 0.00089842 0.00079353 0.99999928
0.99999641 0.00235692 -0.00127802 -0.00235852 0.99999644 -0.00125097 0.00127506 0.00125398 0.99999840
0.99999863 0.00148587 -0.00073358 -0.00148604 0.99999887 -0.00023467 0.00073323 0.00023576 0.99999970
0.99999894 0.00145090 -0.00015747 -0.00145072 0.99999835 0.00109669 0.00015906 -0.00109646 0.99999939
0.99999788 0.00206059 -0.00001484 -0.00206059 0.99999787 0.00015124 0.00001515 -0.00015121 0.99999999
0.99999632 0.00266546 0.00050853 -0.00266482 0.99999565 -0.00126758 -0.00051191 0.00126622 0.99999907
0.99999924 0.00103506 0.00066475 -0.00103342 0.99999642 -0.00246710 -0.00066730 0.00246641 0.99999674
0.99999945 0.00093319 0.00046892 -0.00093199 0.99999631 -0.00254999 -0.00047129 0.00254955 0.99999664
0.99999989 0.00020264 0.00042261 -0.00020209 0.99999913 -0.00130315 -0.00042287 0.00130307 0.99999906
0.99999987 -0.00049868 0.00009473 0.00049871 0.99999982 -0.00033954 -0.00009456 0.00033959 0.99999994
0.99999992 -0.00039344 0.00007201 0.00039348 0.99999977 -0.00055392 -0.00007179 0.00055395 0.99999984
0.99999997 0.00002623 -0.00024297 -0.00002649 0.99999943 -0.00106871 0.00024294 0.00106872 0.99999940
0.99999991 -0.00010974 -0.00042074 0.00010943 0.99999973 -0.00072954 0.00042082 0.00072949 0.99999965
0.99999947 0.00074911 -0.00070197 -0.00074982 0.99999922 -0.00100359 0.00070122 0.00100411 0.99999925
0.99999934 0.00081529 -0.00081125 -0.00081500 0.99999960 0.00036594 0.00081155 -0.00036528 0.99999960
0.99999956 0.00042851 -0.00083607 -0.00042732 0.99999890 0.00141922 0.00083668 -0.00141886 0.99999864
0.99999905 0.00126518 -0.00054009 -0.00126413 0.99999731 0.00194245 0.00054254 -0.00194177 0.99999797
0.99999972 0.00056184 -0.00049596 -0.00056074 0.99999741 0.00220420 0.00049720 -0.00220392 0.99999745
0.99999960 0.00089401 0.00005533 -0.00089404 0.99999950 0.00045335 -0.00005493 -0.00045340 0.99999990
0.99999962 0.00087000 0.00004491 -0.00086999 0.99999961 -0.00015094 -0.00004504 0.00015090 0.99999999
0.99999971 0.00036532 0.00066792 -0.00036516 0.99999990 -0.00024170 -0.00066801 0.00024146 0.99999975
0.99999943 0.00103068 0.00026912 -0.00103050 0.99999925 -0.00065737 -0.00026979 0.00065709 0.99999975
0.99999963 0.00032833 -0.00079195 -0.00032867 0.99999985 -0.00043755 0.00079181 0.00043781 0.99999959
0.99999968 -0.00075972 -0.00024551 0.00075946 0.99999916 -0.00104805 0.00024631 0.00104786 0.99999942
0.99999997 0.00012966 -0.00022668 -0.00012988 0.99999953 -0.00096599 0.00022655 0.00096602 0.99999951
0.99999917 0.00128542 0.00011903 -0.00128538 0.99999911 -0.00034898 -0.00011948 0.00034883 0.99999993
0.99999709 0.00238911 0.00034272 -0.00238948 0.99999654 0.00110146 -0.00034009 -0.00110228 0.99999933
0.99999445 0.00329226 0.00051439 -0.00329327 0.99999266 0.00195845 -0.00050793 -0.00196013 0.99999795
0.99998633 0.00521589 0.00036735 -0.00521588 0.99998640 -0.00001242 -0.00036741 0.00001051 0.99999993
0.99998969 0.00449468 0.00064948 -0.00449494 0.99998982 0.00040339 -0.00064766 -0.00040631 0.99999971
0.99999701 -0.00220888 0.00105082 0.00220662 0.99999526 0.00214743 -0.00105556 -0.00214511 0.99999714
0.99999789 0.00193199 0.00069271 -0.00193480 0.99998986 0.00406715 -0.00068484 -0.00406848 0.99999149
0.99999852 -0.00161777 -0.00057719 0.00161983 0.99999222 0.00359644 0.00057137 -0.00359737 0.99999337
0.99999320 -0.00368814 0.00005799 0.00368785 0.99998351 0.00440303 -0.00007423 -0.00440278 0.99999030
0.99999980 -0.00063306 -0.00001724 0.00063311 0.99999658 0.00253584 0.00001564 -0.00253585 0.99999678
0.99999877 -0.00152291 -0.00037664 0.00152249 0.99999822 -0.00111479 0.00037834 0.00111421 0.99999931
0.99999765 -0.00181204 -0.00119012 0.00180999 0.99999689 -0.00171771 0.00119323 0.00171555 0.99999782
0.99999606 -0.00249064 -0.00129491 0.00249026 0.99999686 -0.00029466 0.00129564 0.00029144 0.99999912
0.99999595 -0.00218189 -0.00182859 0.00218244 0.99999757 0.00029730 0.00182793 -0.00030129 0.99999828
0.99999656 -0.00244498 -0.00095082 0.00244526 0.99999697 0.00028411 0.00095013 -0.00028643 0.99999951
0.99999049 -0.00410880 -0.00145935 0.00411260 0.99998814 0.00261017 0.00144861 -0.00261615 0.99999553
0.99999362 -0.00268268 -0.00236013 0.00268564 0.99999561 0.00125253 0.00235676 -0.00125887 0.99999643
0.99999505 -0.00304688 -0.00078561 0.00304544 0.99999369 -0.00182875 0.00079118 0.00182635 0.99999802
0.99999984 -0.00036963 -0.00042483 0.00036810 0.99999350 -0.00358597 0.00042616 0.00358581 0.99999348
0.99999931 0.00051656 0.00105475 -0.00051384 0.99999655 -0.00257626 -0.00105608 0.00257572 0.99999613
0.99999826 0.00133304 0.00130777 -0.00133160 0.99999851 -0.00110303 -0.00130923 0.00110129 0.99999854
0.99999473 0.00262795 0.00190683 -0.00262643 0.99999623 -0.00079678 -0.00190892 0.00079177 0.99999786
0.99999781 0.00140575 0.00154840 -0.00140524 0.99999896 -0.00033242 -0.00154886 0.00033024 0.99999875
0.99999836 0.00117907 0.00137583 -0.00118225 0.99999663 0.00231332 -0.00137310 -0.00231494 0.99999638
0.99999866 0.00076400 0.00145080 -0.00076747 0.99999685 0.00239049 -0.00144897 -0.00239160 0.99999609
0.99999792 0.00076054 0.00189342 -0.00076080 0.99999970 0.00013600 -0.00189332 -0.00013744 0.99999820
0.99999846 0.00070311 0.00160497 -0.00069834 0.99999535 -0.00296947 -0.00160705 0.00296834 0.99999430
0.99999908 -0.00005325 0.00135372 0.00005729 0.99999555 -0.00298433 -0.00135356 0.00298440 0.99999463
0.99999965 -0.00001450 0.00083719 0.00001629 0.99999770 -0.00214654 -0.00083716 0.00214655 0.99999735
0.99999943 -0.00083084 0.00067708 0.00083085 0.99999965 -0.00000937 -0.00067707 0.00000993 0.99999977
0.99999922 -0.00123188 0.00020419 0.00123170 0.99999887 0.00086524 -0.00020525 -0.00086499 0.99999960
0.99999904 -0.00138593 0.00005935 0.00138593 0.99999904 0.00008250 -0.00005946 -0.00008241 0.99999999
0.99999860 -0.00166766 -0.00013027 0.00166751 0.99999796 -0.00114226 0.00013217 0.00114204 0.99999934
0.99999891 -0.00143612 -0.00033149 0.00143548 0.99999716 -0.00190050 0.00033422 0.00190002 0.99999814
0.99999980 0.00061569 -0.00013287 -0.00061575 0.99999972 -0.00043157 0.00013261 0.00043165 0.99999990
0.99999905 0.00131432 -0.00040490 -0.00131396 0.99999874 0.00089024 0.00040607 -0.00088970 0.99999952
0.99999788 0.00200799 -0.00045198 -0.00200724 0.99999661 0.00165785 0.00045531 -0.00165694 0.99999852
0.99999722 0.00235217 -0.00015469 -0.00235195 0.99999624 0.00140775 0.00015801 -0.00140738 0.99999900
0.99999736 0.00227906 -0.00029419 -0.00227895 0.99999734 0.00036643 0.00029502 -0.00036576 0.99999989
0.99999372 0.00344440 -0.00083968 -0.00344515 0.99999367 -0.00089464 0.00083660 0.00089753 0.99999925
0.99999799 0.00199790 0.00013714 -0.00199778 0.99999759 -0.00091202 -0.00013897 0.00091174 0.99999957
0.99998323 0.00578936 -0.00016280 -0.00578982 0.99997883 -0.00297103 0.00014559 0.00297192 0.99999557
0.99999921 0.00125907 -0.00004242 -0.00125923 0.99999139 -0.00395281 0.00003744 0.00395286 0.99999219
0.99999839 0.00176634 -0.00031873 -0.00176738 0.99999302 -0.00329111 0.00031291 0.00329166 0.99999453
0.99999663 0.00259548 0.00001326 -0.00259549 0.99999600 0.00112329 -0.00001034 -0.00112332 0.99999937
0.99999847 -0.00164545 -0.00059609 0.00164833 0.99998681 0.00486461 0.00058808 -0.00486559 0.99998799
0.99999907 -0.00111308 -0.00078967 0.00111525 0.99999560 0.00275006 0.00078660 -0.00275094 0.99999591
0.99999775 -0.00210377 -0.00027823 0.00210333 0.99999657 -0.00156158 0.00028151 0.00156099 0.99999874
0.99999691 -0.00240002 -0.00064547 0.00239899 0.99999585 -0.00159242 0.00064929 0.00159086 0.99999852
0.99999977 -0.00067261 -0.00007060 0.00067258 0.99999969 -0.00040668 0.00007087 0.00040664 0.99999991
0.99999958 -0.00089674 -0.00016132 0.00089666 0.99999948 -0.00047823 0.00016175 0.00047808 0.99999987
0.99999979 -0.00011765 -0.00064424 0.00011664 0.99999877 -0.00156728 0.00064442 0.00156720 0.99999856
0.99999972 0.00058146 -0.00047051 -0.00058166 0.99999974 -0.00042441 0.00047026 0.00042468 0.99999980
0.99999936 0.00112654 -0.00011127 -0.00112638 0.99999836 0.00141486 0.00011286 -0.00141473 0.99999899
1.00000000 0.00002034 -0.00003050 -0.00002026 0.99999689 0.00249502 0.00003055 -0.00249502 0.99999689
0.99999992 -0.00006097 -0.00038703 0.00006141 0.99999935 0.00113731 0.00038696 -0.00113733 0.99999928
0.99999990 -0.00043442 0.00005193 0.00043435 0.99999904 0.00131495 -0.00005250 -0.00131493 0.99999913
0.99999996 0.00023819 -0.00017356 -0.00023810 0.99999985 0.00050283 0.00017368 -0.00050279 0.99999986
0.99999956 0.00049477 -0.00079670 -0.00049578 0.99999908 -0.00126145 0.00079607 0.00126184 0.99999889
0.99999672 -0.00240721 -0.00087168 0.00240510 0.99999419 -0.00241395 0.00087748 0.00241185 0.99999671
0.99999783 0.00128967 -0.00163793 -0.00129256 0.99999762 -0.00175968 0.00163566 0.00176179 0.99999711
0.99999795 -0.00144488 -0.00142070 0.00144243 0.99999748 -0.00172117 0.00142318 0.00171911 0.99999751
0.99999278 0.00299829 -0.00233487 -0.00300109 0.99999478 -0.00119703 0.00233127 0.00120403 0.99999656
0.99999571 0.00158477 -0.00246421 -0.00159288 0.99999331 -0.00329275 0.00245897 0.00329666 0.99999154
0.99999716 0.00136996 -0.00195069 -0.00137680 0.99999289 -0.00351175 0.00194586 0.00351442 0.99999193
0.99999707 -0.00137385 -0.00199096 0.00136715 0.99999341 -0.00336190 0.00199556 0.00335916 0.99999237
0.99999499 0.00265651 -0.00171867 -0.00265919 0.99999525 -0.00155846 0.00171452 0.00156302 0.99999731
0.99999484 0.00300802 -0.00113034 -0.00300951 0.99999460 -0.00131752 0.00112637 0.00132092 0.99999849
0.99999872 0.00143206 -0.00072017 -0.00143107 0.99999803 0.00137330 0.00072214 -0.00137227 0.99999880
0.99999884 -0.00150741 -0.00020430 0.00150794 0.99999540 0.00263302 0.00020033 -0.00263333 0.99999651
0.99999813 -0.00023583 0.00191938 0.00023669 0.99999987 -0.00044623 -0.00191927 0.00044668 0.99999806
0.99999173 0.00019061 0.00406137 -0.00018619 0.99999939 -0.00108936 -0.00406157 0.00108859 0.99999116
0.99998699 0.00187994 0.00474261 -0.00187078 0.99999638 -0.00193443 -0.00474623 0.00192553 0.99998688
0.99997963 0.00128334 0.00625192 -0.00126151 0.99999310 -0.00349441 -0.00625636 0.00348645 0.99997435
0.99996747 0.00148264 0.00792896 -0.00145160 0.99999127 -0.00391863 -0.00793470 0.00390699 0.99996089
0.99995755 0.00161495 0.00907158 -0.00159785 0.99999693 -0.00189165 -0.00907461 0.00187707 0.99995706
0.99995367 0.00035580 0.00961981 -0.00036109 0.99999978 0.00054739 -0.00961961 -0.00055084 0.99995358
0.99994247 0.00069247 0.01070398 -0.00070368 0.99999921 0.00104362 -0.01070324 -0.00105109 0.99994217
0.99992673 0.00099314 0.01206469 -0.00097639 0.99999855 -0.00139416 -0.01206606 0.00138228 0.99992625
0.99991946 0.00233622 0.01247425 -0.00231489 0.99999583 -0.00172439 -0.01247822 0.00169537 0.99992071
0.99990372 0.00200345 0.01373069 -0.00199801 0.99999792 -0.00041033 -0.01373148 0.00038286 0.99990565
0.99988613 0.00137560 0.01502792 -0.00139021 0.99999857 0.00096182 -0.01502657 -0.00098260 0.99988661
0.99987946 0.00068377 0.01551131 -0.00069812 0.99999933 0.00091946 -0.01551067 -0.00093018 0.99987927
0.99986974 0.00104008 0.01610641 -0.00102714 0.99999914 -0.00081198 -0.01610724 0.00079533 0.99986995
0.99985566 0.00058962 0.01697984 -0.00055078 0.99999722 -0.00229238 -0.01698115 0.00228270 0.99985320
0.99983485 0.00098504 0.01814642 -0.00095020 0.99999769 -0.00192823 -0.01814828 0.00191067 0.99983348
0.99980687 0.00150160 0.01959523 -0.00149509 0.99999882 -0.00034722 -0.01959572 0.00031786 0.99980793
0.99977265 0.00241295 0.02118549 -0.00243239 0.99999664 0.00089210 -0.02118326 -0.00094343 0.99977516
0.99973912 0.00075376 0.02282821 -0.00078309 0.99999888 0.00127561 -0.02282722 -0.00129315 0.99973859
0.99970513 -0.00054072 0.02427688 0.00051634 0.99999936 0.00101031 -0.02427741 -0.00099748 0.99970476
0.99968332 0.00203920 0.02508197 -0.00202100 0.99999768 -0.00075084 -0.02508344 0.00069991 0.99968512
0.99965004 0.00258178 0.02632742 -0.00254354 0.99999566 -0.00148594 -0.02633114 0.00141846 0.99965227
0.99960589 0.00455132 0.02770107 -0.00452265 0.99998917 -0.00109787 -0.02770577 0.00097215 0.99961565
0.99957117 0.00224624 0.02919642 -0.00219325 0.99999589 -0.00184686 -0.02920044 0.00178203 0.99957199
0.99952152 0.00044481 0.03092776 -0.00040995 0.99999927 -0.00113370 -0.03092824 0.00112047 0.99952098
0.99949029 -0.00206970 0.03185721 0.00211964 0.99999658 -0.00153375 -0.03185393 0.00160049 0.99949125
0.99944592 -0.00160871 0.03324547 0.00169236 0.99999547 -0.00248805 -0.03324132 0.00254294 0.99944412
0.99940341 0.00005381 0.03453710 -0.00000267 0.99999890 -0.00148081 -0.03453715 0.00147984 0.99940232
0.99941548 0.00082135 0.03417622 -0.00074550 0.99999723 -0.00223196 -0.03417796 0.00220518 0.99941333
0.99936930 0.00088503 0.03549955 -0.00082865 0.99999837 -0.00160312 -0.03550091 0.00157269 0.99936841
0.99934289 0.00180926 0.03620104 -0.00180223 0.99999835 -0.00022683 -0.03620140 0.00016143 0.99934450
0.99934564 0.00159282 0.03613533 -0.00160813 0.99999863 0.00039456 -0.03613466 -0.00045241 0.99934683
0.99936306 0.00054001 0.03568170 -0.00052244 0.99999974 -0.00050164 -0.03568197 0.00048268 0.99936308
0.99934700 -0.00132864 0.03610819 0.00137191 0.99999837 -0.00117355 -0.03610657 0.00122233 0.99934720
0.99932770 -0.00176847 0.03661990 0.00183603 0.99999667 -0.00181131 -0.03661657 0.00187733 0.99932763
0.99932226 -0.00174919 0.03676916 0.00183755 0.99999550 -0.00236957 -0.03676485 0.00243553 0.99932098
0.99934103 -0.00108492 0.03628134 0.00111411 0.99999907 -0.00078427 -0.03628046 0.00082417 0.99934131
0.99933435 0.00070405 0.03647418 -0.00074915 0.99999897 0.00122285 -0.03647328 -0.00124936 0.99933385
0.99932332 0.00219156 0.03671653 -0.00226787 0.99999535 0.00203663 -0.03671189 -0.00211852 0.99932365
0.99933003 0.00181835 0.03655396 -0.00187582 0.99999706 0.00153787 -0.03655105 -0.00160541 0.99933050
0.99935707 0.00030764 0.03585192 -0.00038035 0.99999788 0.00202122 -0.03585122 -0.00203356 0.99935507
0.99939016 0.00150170 0.03488618 -0.00153606 0.99999836 0.00095813 -0.03488468 -0.00101113 0.99939083
0.99939326 0.00151123 0.03479701 -0.00150882 0.99999886 -0.00009529 -0.03479711 0.00004273 0.99939440
0.99940170 0.00627518 0.03401279 -0.00618507 0.99997708 -0.00275390 -0.03402930 0.00254188 0.99941760
0.99945606 0.00449149 0.03267135 -0.00442874 0.99998821 -0.00199269 -0.03267992 0.00184692 0.99946416
0.99949688 0.00142372 0.03168520 -0.00142676 0.99999898 0.00007311 -0.03168506 -0.00011828 0.99949790
0.99946907 0.00300253 0.03244323 -0.00304995 0.99999435 0.00141201 -0.03243880 -0.00151021 0.99947258
0.99948744 0.00362297 0.03180778 -0.00365134 0.99999299 0.00083364 -0.03180453 -0.00094935 0.99949366
0.99950830 0.00721117 0.03051492 -0.00726332 0.99997234 0.00159857 -0.03050255 -0.00181942 0.99953303
0.99952465 0.00361853 0.03061668 -0.00370679 0.99998914 0.00282638 -0.03060612 -0.00293853 0.99952720
0.99955760 0.00388557 0.02948752 -0.00391030 0.99999205 0.00078137 -0.02948425 -0.00089633 0.99956484
0.99957718 0.00328745 0.02889038 -0.00329734 0.99999452 0.00029484 -0.02888925 -0.00038998 0.99958254
0.99961770 0.00232794 0.02755071 -0.00226408 0.99999468 -0.00234872 -0.02755603 0.00228544 0.99961765
0.99969975 0.00067195 0.02449411 -0.00058598 0.99999364 -0.00351671 -0.02449631 0.00350130 0.99969379
0.99977799 -0.00042359 0.02106645 0.00047632 0.99999677 -0.00249797 -0.02106532 0.00250745 0.99977496
0.99983278 -0.00118823 0.01824854 0.00119919 0.99999911 -0.00058952 -0.01824783 0.00061130 0.99983331
0.99987822 -0.00102514 0.01557232 0.00100234 0.99999841 0.00147164 -0.01557381 -0.00145585 0.99987766
0.99989467 -0.00059715 0.01450149 0.00054868 0.99999425 0.00334583 -0.01450340 -0.00333752 0.99988925
0.99990000 -0.00327751 0.01375656 0.00322399 0.99998716 0.00391043 -0.01376920 -0.00386568 0.99989773
0.99993331 -0.00016346 0.01154791 0.00012757 0.99999516 0.00310888 -0.01154836 -0.00310720 0.99992849
0.99993168 0.00232606 0.01145535 -0.00231750 0.99999703 -0.00076045 -0.01145708 0.00073385 0.99993410
0.99994307 0.00272266 0.01031681 -0.00268115 0.99998826 -0.00403596 -0.01032768 0.00400806 0.99993864
0.99995168 0.00107646 0.00977099 -0.00104116 0.99999292 -0.00361626 -0.00977481 0.00360592 0.99994572
0.99993807 0.00127744 0.01105584 -0.00125773 0.99999761 -0.00179008 -0.01105810 0.00177607 0.99993728
0.99992306 0.00451132 0.01155548 -0.00453231 0.99998813 0.00179093 -0.01154726 -0.00184316 0.99993163
0.99991903 0.00145805 0.01264172 -0.00147015 0.99999847 0.00094854 -0.01264032 -0.00096705 0.99991964
0.99991586 0.00082950 0.01294513 -0.00083309 0.99999962 0.00027166 -0.01294490 -0.00028243 0.99991617
0.99991124 -0.00275069 0.01303632 0.00274449 0.99999611 0.00049283 -0.01303763 -0.00045701 0.99991490
0.99992422 -0.00136571 0.01223512 0.00132652 0.99999397 0.00321056 -0.01223943 -0.00319409 0.99991999
0.99992766 -0.00162874 0.01191769 0.00158357 0.99999153 0.00379820 -0.01192378 -0.00377906 0.99992177
0.99994059 -0.00115667 0.01083833 0.00113620 0.99999756 0.00189491 -0.01084050 -0.00188248 0.99993947
0.99995400 -0.00092370 0.00954694 0.00093427 0.99999896 -0.00110236 -0.00954591 0.00111123 0.99995382
0.99996066 -0.00316681 0.00828546 0.00319946 0.99998716 -0.00393034 -0.00827290 0.00395670 0.99995795
0.99997232 -0.00352203 0.00655458 0.00354879 0.99998540 -0.00407585 -0.00654013 0.00409900 0.99997021
0.99998124 -0.00370718 0.00487612 0.00371684 0.99999114 -0.00197468 -0.00486876 0.00199277 0.99998616
0.99999375 -0.00127080 0.00329844 0.00126405 0.99999710 0.00204962 -0.00330103 -0.00204544 0.99999246
0.99999351 -0.00208681 0.00293619 0.00207635 0.99999150 0.00356270 -0.00294360 -0.00355658 0.99998934
0.99999397 -0.00076021 0.00338901 0.00075383 0.99999794 0.00188208 -0.00339043 -0.00187952 0.99999249
0.99999231 -0.00088208 0.00382163 0.00088266 0.99999960 -0.00015054 -0.00382150 0.00015391 0.99999269
0.99999924 -0.00086130 0.00087814 0.00086214 0.99999918 -0.00095158 -0.00087732 0.00095233 0.99999916
0.99999791 -0.00203933 0.00015141 0.00203920 0.99999755 0.00085857 -0.00015316 -0.00085826 0.99999962
0.99999850 -0.00153122 -0.00081340 0.00153099 0.99999879 -0.00027763 0.00081382 0.00027638 0.99999963
0.99999478 -0.00267906 -0.00180475 0.00267940 0.99999639 0.00018724 0.00180424 -0.00019207 0.99999835
0.99999633 -0.00101329 -0.00251295 0.00101367 0.99999947 0.00015227 0.00251279 -0.00015481 0.99999683
0.99999630 0.00007872 -0.00271969 -0.00007760 0.99999991 0.00040958 0.00271973 -0.00040936 0.99999622
0.99999491 -0.00008095 -0.00318846 0.00008301 0.99999979 0.00064858 0.00318841 -0.00064884 0.99999471
0.99999346 -0.00100161 -0.00347537 0.00100622 0.99999862 0.00132395 0.00347404 -0.00132744 0.99999308
0.99999307 0.00005658 -0.00372290 -0.00005404 0.99999977 0.00068188 0.00372293 -0.00068167 0.99999284
0.99998989 -0.00152838 -0.00422940 0.00152486 0.99999849 -0.00083674 0.00423068 0.00083028 0.99999071
0.99998708 -0.00034413 -0.00507209 0.00033522 0.99999840 -0.00175635 0.00507269 0.00175463 0.99998559
0.99998419 -0.00302381 -0.00474171 0.00301122 0.99999193 -0.00266050 0.00474972 0.00264618 0.99998522
0.99997872 0.00160655 -0.00632232 -0.00160078 0.99999830 0.00091800 0.00632378 -0.00090786 0.99997959
0.99997979 0.00070386 -0.00631920 -0.00068147 0.99999349 0.00354427 0.00632166 -0.00353990 0.99997375
0.99998030 -0.00007285 -0.00627711 0.00010115 0.99998983 0.00450786 0.00627672 -0.00450840 0.99997014
0.99997866 0.00096581 -0.00646168 -0.00098082 0.99999683 -0.00231898 0.00645942 0.00232527 0.99997643
0.99997469 0.00161909 -0.00692788 -0.00166667 0.99997503 -0.00686738 0.00691659 0.00687876 0.99995242
0.99997614 -0.00136493 -0.00677107 0.00132185 0.99997888 -0.00636306 0.00677961 0.00635396 0.99995683
0.99997034 -0.00138881 -0.00757605 0.00137361 0.99999703 -0.00201179 0.00757882 0.00200132 0.99996928
0.99997308 -0.00078442 -0.00729497 0.00080548 0.99999552 0.00288443 0.00729267 -0.00289022 0.99996923
0.99997227 -0.00180366 -0.00722517 0.00182668 0.99999327 0.00318063 0.00721939 -0.00319374 0.99996884
0.99997392 -0.00149978 -0.00706419 0.00149617 0.99999875 -0.00051569 0.00706496 0.00050511 0.99997492
0.99998014 -0.00068197 -0.00626534 0.00067154 0.99999839 -0.00166689 0.00626646 0.00166265 0.99997898
0.99998381 -0.00003166 -0.00569055 0.00002458 0.99999923 -0.00124438 0.00569059 0.00124422 0.99998303
0.99998907 -0.00010156 -0.00467338 0.00010411 0.99999985 0.00054615 0.00467332 -0.00054664 0.99998893
0.99999147 -0.00006732 -0.00413013 0.00007295 0.99999907 0.00136289 0.00413004 -0.00136318 0.99999054
0.99999340 0.00018158 -0.00362726 -0.00017559 0.99999862 0.00165033 0.00362756 -0.00164968 0.99999206
0.99999431 -0.00045391 -0.00334129 0.00045990 0.99999829 0.00179076 0.00334047 -0.00179229 0.99999281
0.99999228 0.00092542 -0.00381987 -0.00091923 0.99999826 0.00162076 0.00382137 -0.00161724 0.99999139
0.99999322 0.00160201 -0.00331586 -0.00159687 0.99999752 0.00155045 0.00331834 -0.00154514 0.99999330
0.99999339 0.00276226 -0.00236533 -0.00275372 0.99998971 0.00360401 0.00237526 -0.00359748 0.99999071
0.99999917 -0.00054844 -0.00116474 0.00054891 0.99999977 0.00040315 0.00116452 -0.00040379 0.99999924
0.99999687 0.00174481 -0.00179409 -0.00175549 0.99998065 -0.00596856 0.00178365 0.00597169 0.99998058
0.99998910 -0.00431504 -0.00178066 0.00431208 0.99998932 -0.00166187 0.00178781 0.00165418 0.99999703
0.99999154 -0.00358370 -0.00201698 0.00358693 0.99999229 0.00160056 0.00201122 -0.00160778 0.99999669
0.99999734 0.00202129 -0.00111512 -0.00201970 0.99999694 0.00142520 0.00111800 -0.00142295 0.99999836
0.99999917 0.00088565 -0.00093562 -0.00088906 0.99999294 -0.00365201 0.00093237 0.00365284 0.99999289
0.99999688 0.00249502 -0.00009934 -0.00249522 0.99999478 -0.00205395 0.00009422 0.00205419 0.99999789
0.99999576 0.00290720 0.00017143 -0.00290708 0.99999553 -0.00070240 -0.00017347 0.00070190 0.99999974
0.99999825 -0.00149928 -0.00111993 0.00149965 0.99999882 0.00032878 0.00111944 -0.00033046 0.99999932
0.99999743 -0.00210811 -0.00083782 0.00210980 0.99999573 0.00202399 0.00083355 -0.00202575 0.99999760
0.99999384 -0.00336056 -0.00101420 0.00336420 0.99998785 0.00360368 0.00100208 -0.00360707 0.99999299
0.99999491 -0.00317036 -0.00036030 0.00317208 0.99998308 0.00487635 0.00034483 -0.00487747 0.99998805
0.99999845 -0.00169088 -0.00048912 0.00169161 0.99999743 0.00150794 0.00048657 -0.00150876 0.99999874
0.99999529 0.00267213 -0.00151100 -0.00268227 0.99997366 -0.00674351 0.00149294 0.00674753 0.99997612
0.99999805 0.00114850 -0.00160788 -0.00115991 0.99997403 -0.00711312 0.00159967 0.00711497 0.99997341
0.99999435 0.00322742 -0.00094317 -0.00322826 0.99999440 -0.00088268 0.00094031 0.00088572 0.99999917
0.99999615 0.00218888 -0.00170667 -0.00218209 0.99998974 0.00396863 0.00171534 -0.00396489 0.99999067
0.99999743 0.00047564 -0.00221590 -0.00047038 0.99999706 0.00237691 0.00221702 -0.00237586 0.99999472
0.99999561 -0.00209974 -0.00209240 0.00210336 0.99999629 0.00172931 0.00208876 -0.00173371 0.99999632
0.99999527 0.00202585 -0.00231350 -0.00202375 0.99999754 0.00091251 0.00231535 -0.00090782 0.99999691
0.99999774 0.00035563 -0.00209430 -0.00035759 0.99999950 -0.00093881 0.00209396 0.00093956 0.99999737
0.99999341 0.00314367 -0.00181793 -0.00314374 0.99999506 -0.00003518 0.00181781 0.00004090 0.99999835
0.99999443 0.00250769 -0.00220322 -0.00250443 0.99999577 0.00148197 0.00220692 -0.00147644 0.99999647
0.99999586 0.00037711 -0.00285278 -0.00037243 0.99999859 0.00163893 0.00285339 -0.00163787 0.99999459
0.99999803 0.00027403 -0.00196548 -0.00027629 0.99999930 -0.00114877 0.00196517 0.00114931 0.99999741
0.99999378 -0.00115240 -0.00333379 0.00114401 0.99999618 -0.00251771 0.00333667 0.00251388 0.99999127
0.99998841 0.00271205 -0.00397790 -0.00271436 0.99999615 -0.00057472 0.00397632 0.00058551 0.99999192
0.99999846 0.00031442 -0.00172513 -0.00030870 0.99999446 0.00331449 0.00172617 -0.00331396 0.99999302
0.99999817 0.00066474 -0.00179294 -0.00066233 0.99999888 0.00134201 0.00179383 -0.00134082 0.99999749
0.99999342 0.00237116 -0.00274382 -0.00237623 0.99999547 -0.00184737 0.00273942 0.00185388 0.99999453
0.99999583 -0.00036598 -0.00286314 0.00035402 0.99999121 -0.00417710 0.00286465 0.00417607 0.99998718
0.99999642 0.00102462 -0.00247237 -0.00103105 0.99999608 -0.00260314 0.00246969 0.00260568 0.99999356
0.99999486 0.00272793 -0.00168421 -0.00272592 0.99999557 0.00119473 0.00168747 -0.00119014 0.99999787
0.99999733 0.00068343 -0.00220869 -0.00068005 0.99999860 0.00153148 0.00220974 -0.00152997 0.99999639
0.99999720 -0.00079589 -0.00222823 0.00079724 0.99999950 0.00060443 0.00222774 -0.00060620 0.99999733
0.99999483 -0.00174001 -0.00270435 0.00174010 0.99999849 0.00003082 0.00270429 -0.00003552 0.99999634
0.99999583 -0.00229179 -0.00175677 0.00229468 0.99999602 0.00164206 0.00175300 -0.00164608 0.99999711
0.99999703 -0.00197806 -0.00142635 0.00197947 0.99999755 0.00098754 0.00142440 -0.00099036 0.99999850
0.99999914 -0.00048926 -0.00122077 0.00048824 0.99999953 -0.00083412 0.00122117 0.00083352 0.99999891
0.99999894 0.00041574 -0.00139831 -0.00041884 0.99999745 -0.00221724 0.00139739 0.00221782 0.99999656
0.99999750 0.00186645 -0.00122867 -0.00186644 0.99999826 0.00001191 0.00122869 -0.00000962 0.99999925
0.99999597 0.00225136 -0.00172938 -0.00224984 0.99999709 0.00087509 0.00173134 -0.00087120 0.99999812
0.99999620 0.00230564 -0.00151353 -0.00230418 0.99999688 0.00096512 0.00151576 -0.00096163 0.99999839
0.99999718 0.00205818 -0.00118761 -0.00205866 0.99999780 -0.00040891 0.00118677 0.00041135 0.99999921
0.99999784 0.00181769 -0.00100924 -0.00181844 0.99999808 -0.00073495 0.00100790 0.00073679 0.99999922
0.99999990 -0.00013341 -0.00042536 0.00013296 0.99999942 -0.00106504 0.00042550 0.00106498 0.99999934
0.99999985 -0.00020746 -0.00051637 0.00020648 0.99999817 -0.00190310 0.00051677 0.00190299 0.99999806
0.99999975 -0.00025397 -0.00065403 0.00025313 0.99999916 -0.00127326 0.00065436 0.00127310 0.99999898
0.99999958 -0.00047727 -0.00078167 0.00047669 0.99999961 -0.00074117 0.00078202 0.00074080 0.99999942
0.99999979 0.00010995 -0.00063703 -0.00010949 0.99999973 0.00072083 0.00063711 -0.00072076 0.99999954
0.99999833 -0.00044145 -0.00177220 0.00044214 0.99999983 0.00039299 0.00177202 -0.00039377 0.99999835
0.99999878 -0.00030739 -0.00152944 0.00030703 0.99999992 -0.00023883 0.00152952 0.00023836 0.99999880
0.99999840 -0.00141024 -0.00110298 0.00141187 0.99999791 0.00147795 0.00110090 -0.00147950 0.99999830
0.99999871 -0.00106361 -0.00120172 0.00106510 0.99999867 0.00123805 0.00120040 -0.00123932 0.99999851
0.99999722 -0.00202054 -0.00121844 0.00202021 0.99999792 -0.00026804 0.00121898 0.00026557 0.99999922
0.99999412 -0.00315158 -0.00134922 0.00315081 0.99999488 -0.00056519 0.00135099 0.00056094 0.99999893
0.99999813 -0.00136465 -0.00137277 0.00136421 0.99999902 -0.00032273 0.00137321 0.00032085 0.99999901
0.99999782 0.00103999 -0.00181092 -0.00104294 0.99999813 -0.00162820 0.00180923 0.00163008 0.99999703
0.99999680 -0.00184083 -0.00173504 0.00184018 0.99999824 -0.00037340 0.00173573 0.00037021 0.99999843
0.99999843 0.00051994 -0.00169128 -0.00052217 0.99999900 -0.00131482 0.00169059 0.00131570 0.99999771
0.99999871 -0.00048181 -0.00153269 0.00048247 0.99999979 0.00042980 0.00153249 -0.00043053 0.99999873
0.99999812 0.00003288 -0.00193989 -0.00003027 0.99999909 0.00134793 0.00193993 -0.00134786 0.99999721
0.99999890 0.00017711 -0.00147199 -0.00017307 0.99999622 0.00274264 0.00147247 -0.00274239 0.99999516
0.99999802 0.00125261 -0.00154834 -0.00124895 0.99999643 0.00236384 0.00155129 -0.00236190 0.99999601
0.99999554 0.00265994 -0.00135974 -0.00265671 0.99999366 0.00237185 0.00136604 -0.00236823 0.99999626
0.99999409 0.00320987 -0.00122952 -0.00320743 0.99999289 0.00198317 0.00123587 -0.00197921 0.99999728
0.99999431 0.00281905 -0.00185449 -0.00281824 0.99999593 0.00043659 0.00185571 -0.00043136 0.99999819
0.99999662 0.00137218 -0.00220730 -0.00136959 0.99999837 0.00117261 0.00220891 -0.00116959 0.99999688
0.99999221 0.00323914 -0.00225501 -0.00324110 0.99999437 -0.00086570 0.00225220 0.00087301 0.99999708
0.99998943 0.00410151 -0.00207865 -0.00411203 0.99997864 -0.00507996 0.00205777 0.00508845 0.99998494
0.99999626 0.00187765 -0.00198831 -0.00188751 0.99998588 -0.00496748 0.00197895 0.00497121 0.99998569
0.99999172 0.00380283 -0.00144926 -0.00380299 0.99999276 -0.00010617 0.00144885 0.00011168 0.99999894
0.99999771 0.00124890 -0.00174036 -0.00124554 0.99999736 0.00193081 0.00174277 -0.00192864 0.99999662
0.99999743 -0.00044326 -0.00222314 0.00044116 0.99999945 -0.00094636 0.00222355 0.00094537 0.99999708
0.99999818 0.00001453 -0.00190563 -0.00001973 0.99999628 -0.00272632 0.00190558 0.00272636 0.99999447
0.99999809 -0.00017952 -0.00194405 0.00017378 0.99999562 -0.00295366 0.00194457 0.00295332 0.99999375
0.99999780 0.00127403 -0.00166609 -0.00127522 0.99999893 -0.00071135 0.00166518 0.00071347 0.99999836
0.99999818 0.00128676 -0.00140835 -0.00128635 0.99999913 0.00029339 0.00140872 -0.00029158 0.99999897
0.99999774 0.00180950 -0.00111223 -0.00180804 0.99999751 0.00131060 0.00111460 -0.00130859 0.99999852
0.99999873 0.00085689 -0.00134734 -0.00085354 0.99999654 0.00248632 0.00134946 -0.00248517 0.99999600
0.99999884 -0.00089834 -0.00122828 0.00090086 0.99999749 0.00205290 0.00122643 -0.00205400 0.99999714
0.99999930 -0.00028313 -0.00114696 0.00028471 0.99999902 0.00137373 0.00114657 -0.00137406 0.99999840
0.99999937 -0.00026879 -0.00109403 0.00027003 0.99999932 0.00113567 0.00109372 -0.00113596 0.99999876
0.99999891 0.00104266 -0.00104121 -0.00104077 0.99999781 0.00181793 0.00104310 -0.00181684 0.99999781
0.99999952 0.00073314 -0.00065600 -0.00073184 0.99999776 0.00198606 0.00065746 -0.00198558 0.99999781
0.99999963 -0.00065963 -0.00054861 0.00066031 0.99999901 0.00124393 0.00054779 -0.00124429 0.99999908
0.99999980 -0.00041863 -0.00048030 0.00041754 0.99999738 -0.00225253 0.00048124 0.00225233 0.99999735
0.99999912 -0.00117431 -0.00062157 0.00117090 0.99998446 -0.00545143 0.00062796 0.00545069 0.99998495
0.99999110 -0.00409382 -0.00102310 0.00408885 0.99998003 -0.00481853 0.00104281 0.00481430 0.99998787
0.99999440 -0.00326074 -0.00075316 0.00325683 0.99998150 -0.00513687 0.00076990 0.00513438 0.99998652
0.99999925 0.00107042 -0.00060275 -0.00107278 0.99999167 -0.00393727 0.00059853 0.00393792 0.99999207
0.99999817 -0.00186842 -0.00041700 0.00186921 0.99999644 0.00190641 0.00041343 -0.00190719 0.99999810
0.99999913 0.00090917 -0.00095811 -0.00090054 0.99995934 0.00897214 0.00096622 -0.00897127 0.99995929
0.99999590 0.00283187 -0.00041941 -0.00282876 0.99996974 0.00724750 0.00043992 -0.00724628 0.99997365
0.99999963 0.00077024 -0.00039570 -0.00077092 0.99999825 -0.00170638 0.00039439 0.00170668 0.99999847
0.99999868 0.00056446 -0.00152331 -0.00057086 0.99999100 -0.00420463 0.00152092 0.00420549 0.99999000
0.99999852 -0.00015420 -0.00171080 0.00014841 0.99999427 -0.00338177 0.00171131 0.00338151 0.99999282
0.99999821 0.00039802 -0.00185212 -0.00039961 0.99999955 -0.00085865 0.00185178 0.00085939 0.99999792
0.99999782 0.00046377 -0.00203486 -0.00046356 0.99999989 0.00010638 0.00203491 -0.00010544 0.99999792
