0.99998759 0.00066692 -0.00493624 -0.00066240 0.99999936 0.00091640 0.00493685 -0.00091312 0.99998740
0.99999632 0.00001323 -0.00271380 -0.00001457 0.99999988 -0.00049475 0.00271380 0.00049478 0.99999620
0.99999479 0.00091415 -0.00309522 -0.00091522 0.99999952 -0.00034366 0.00309491 0.00034649 0.99999515
0.99999799 0.00200368 0.00001648 -0.00200367 0.99999777 -0.00066351 -0.00001781 0.00066347 0.99999978
0.99999556 0.00284502 0.00088829 -0.00284558 0.99999576 0.00062145 -0.00088652 -0.00062397 0.99999941
0.99999397 0.00203861 -0.00281028 -0.00204180 0.99999727 -0.00113237 0.00280797 0.00113810 0.99999541
0.99999797 0.00095623 -0.00177096 -0.00095967 0.99999765 -0.00194305 0.00176909 0.00194475 0.99999654
0.99999715 -0.00132655 -0.00198693 0.00132730 0.99999905 0.00037826 0.00198643 -0.00038090 0.99999795
0.99999406 -0.00229854 -0.00256984 0.00229998 0.99999720 0.00055588 0.00256855 -0.00056178 0.99999654
0.99999690 -0.00061706 -0.00241159 0.00061700 0.99999981 -0.00002485 0.00241160 0.00002336 0.99999709
0.99999138 -0.00197714 -0.00365147 0.00197434 0.99999775 -0.00076968 0.00365299 0.00076247 0.99999304
0.99999153 -0.00078903 -0.00404052 0.00079933 0.99999644 0.00254746 0.00403849 -0.00255067 0.99998859
0.99999245 0.00121255 -0.00369112 -0.00121394 0.99999919 -0.00037511 0.00369066 0.00037959 0.99999312
0.99999651 0.00098486 -0.00245159 -0.00098778 0.99999880 -0.00119000 0.00245041 0.00119242 0.99999629
0.99999373 0.00194253 -0.00296214 -0.00195003 0.99999489 -0.00253278 0.00295720 0.00253855 0.99999241
0.99999400 0.00000175 -0.00346544 -0.00001048 0.99999683 -0.00251981 0.00346543 0.00251983 0.99999082
0.99999249 0.00130790 -0.00364877 -0.00130357 0.99999844 0.00118848 0.00365032 -0.00118372 0.99999264
0.99999671 0.00116518 -0.00228536 -0.00115520 0.99998981 0.00436394 0.00229042 -0.00436128 0.99998787
0.99999858 -0.00060003 -0.00157536 0.00060682 0.99999051 0.00431513 0.00157275 -0.00431608 0.99998945
0.99999566 -0.00080537 -0.00283410 0.00081307 0.99999599 0.00271431 0.00283190 -0.00271660 0.99999230
0.99999275 0.00028563 -0.00379726 -0.00028859 0.99999965 -0.00078045 0.00379704 0.00078154 0.99999249
0.99999448 0.00136450 -0.00302821 -0.00137857 0.99998825 -0.00464765 0.00302184 0.00465180 0.99998461
0.99999593 -0.00100451 -0.00266918 0.00098794 0.99998030 -0.00619921 0.00267536 0.00619654 0.99997722
0.99999197 -0.00230568 -0.00327801 0.00229495 0.99999201 -0.00327309 0.00328553 0.00326554 0.99998927
0.99998152 -0.00528713 -0.00300080 0.00528651 0.99998600 -0.00021464 0.00300189 0.00019877 0.99999547
0.99997358 -0.00577211 -0.00441919 0.00578182 0.99998089 0.00218918 0.00440647 -0.00221468 0.99998784
0.99999112 -0.00203139 -0.00369356 0.00203874 0.99999595 0.00198748 0.00368950 -0.00199499 0.99999120
0.99999272 -0.00044390 -0.00378910 0.00044144 0.99999969 -0.00065156 0.00378939 0.00064988 0.99999261
0.99998582 0.00311312 -0.00432007 -0.00310934 0.99999478 0.00088163 0.00432279 -0.00086818 0.99999028
0.99999419 0.00210791 -0.00268024 -0.00209916 0.99999248 0.00326065 0.00268710 -0.00325501 0.99999109
0.99999565 0.00176220 -0.00236424 -0.00175766 0.99999661 0.00192158 0.00236762 -0.00191742 0.99999536
0.99999548 0.00184450 -0.00237563 -0.00184479 0.99999829 -0.00011959 0.00237540 0.00012397 0.99999717
0.99999503 0.00294954 -0.00111570 -0.00295182 0.99999354 -0.00204976 0.00110965 0.00205304 0.99999728
0.99999082 0.00379344 -0.00199006 -0.00379667 0.99999148 -0.00162207 0.00198389 0.00162962 0.99999670
0.99999779 0.00078546 -0.00194896 -0.00078368 0.99999927 0.00091545 0.00194968 -0.00091392 0.99999768
0.99999650 -0.00126169 -0.00232510 0.00126522 0.99999805 0.00151858 0.00232318 -0.00152151 0.99999614
0.99999301 -0.00338011 -0.00159689 0.00338287 0.99999277 0.00173419 0.00159102 -0.00173958 0.99999722
0.99999636 -0.00255558 -0.00086585 0.00255571 0.99999672 0.00015245 0.00086546 -0.00015466 0.99999961
0.99999985 -0.00053702 0.00006145 0.00053708 0.99999934 -0.00101918 -0.00006091 0.00101922 0.99999948
0.99999774 0.00059280 -0.00204017 -0.00059677 0.99999793 -0.00194493 0.00203902 0.00194614 0.99999603
0.99999773 0.00083660 -0.00196004 -0.00083842 0.99999922 -0.00092476 0.00195926 0.00092640 0.99999765
0.99999786 0.00123551 -0.00165733 -0.00123642 0.99999909 -0.00054858 0.00165665 0.00055063 0.99999848
0.99999825 -0.00022142 -0.00185803 0.00022046 0.99999984 -0.00051643 0.00185815 0.00051602 0.99999814
0.99999669 -0.00004789 -0.00257340 0.00004023 0.99999557 -0.00297642 0.00257353 0.00297630 0.99999226
0.99998069 0.00002900 -0.00621485 -0.00002905 1.00000000 -0.00000905 0.00621485 0.00000923 0.99998069
0.99999810 0.00098484 -0.00167976 -0.00098056 0.99999628 0.00254491 0.00168226 -0.00254326 0.99999535
0.99999922 0.00116615 -0.00043993 -0.00116520 0.99999701 0.00214909 0.00044244 -0.00214857 0.99999759
0.99999604 0.00142512 -0.00242579 -0.00142281 0.99999853 0.00095349 0.00242714 -0.00095003 0.99999660
0.99999742 0.00016952 -0.00226422 -0.00017030 0.99999993 -0.00034177 0.00226416 0.00034215 0.99999738
0.99999395 -0.00161207 -0.00308339 0.00161272 0.99999868 0.00020765 0.00308305 -0.00021262 0.99999522
0.99999387 -0.00176413 -0.00302307 0.00176508 0.99999839 0.00031274 0.00302251 -0.00031808 0.99999538
0.99999665 -0.00168073 -0.00196923 0.00168209 0.99999835 0.00068742 0.00196807 -0.00069073 0.99999782
0.99999946 -0.00012902 -0.00102663 0.00013028 0.99999923 0.00123121 0.00102647 -0.00123134 0.99999872
0.99999493 -0.00205747 -0.00242972 0.00206018 0.99999726 0.00111348 0.00242742 -0.00111848 0.99999643
0.99999486 -0.00066410 -0.00313765 0.00066223 0.99999960 -0.00059816 0.00313804 0.00059608 0.99999490
0.99999559 0.00150385 -0.00256101 -0.00150692 0.99999815 -0.00119630 0.00255921 0.00120015 0.99999601
0.99999353 0.00217562 -0.00286585 -0.00218025 0.99999632 -0.00161568 0.00286232 0.00162192 0.99999459
0.99999409 0.00114025 -0.00324365 -0.00113234 0.99999638 0.00244090 0.00324643 -0.00243721 0.99999176
0.99999576 -0.00105830 -0.00271469 0.00106936 0.99999113 0.00407462 0.00271035 -0.00407750 0.99998801
0.99998660 -0.00414945 -0.00309612 0.00415206 0.99999103 0.00083680 0.00309262 -0.00084964 0.99999486
0.99999881 -0.00102071 -0.00115632 0.00101631 0.99999229 -0.00379176 0.00116018 0.00379058 0.99999214
0.99999528 -0.00276774 -0.00133696 0.00276681 0.99999593 -0.00069989 0.00133889 0.00069618 0.99999886
0.99998477 -0.00442781 -0.00329448 0.00442479 0.99998978 -0.00092366 0.00329854 0.00090907 0.99999415
0.99999661 -0.00010649 -0.00260118 0.00010140 0.99999808 -0.00195903 0.00260138 0.00195876 0.99999470
0.99996102 0.00846929 -0.00249788 -0.00847205 0.99996351 -0.00109655 0.00248851 0.00111767 0.99999628
0.99994880 0.00991440 -0.00202488 -0.00990476 0.99993982 0.00471825 0.00207153 -0.00469795 0.99998682
0.99996210 0.00848016 -0.00196995 -0.00847053 0.99995238 0.00484637 0.00201095 -0.00482950 0.99998632
0.99999577 -0.00161770 -0.00241764 0.00161995 0.99999826 0.00093027 0.00241613 -0.00093418 0.99999664
0.99998333 -0.00527140 -0.00235760 0.00527005 0.99998595 -0.00057662 0.00236060 0.00056419 0.99999705
0.99999233 -0.00364774 -0.00142367 0.00364504 0.99999157 -0.00189206 0.00143056 0.00188686 0.99999720
0.99999949 -0.00088517 -0.00049135 0.00088432 0.99999811 -0.00173278 0.00049288 0.00173234 0.99999838
0.99999385 0.00298323 -0.00184554 -0.00298429 0.99999538 -0.00057002 0.00184383 0.00057553 0.99999813
0.99998814 0.00476057 0.00102473 -0.00476223 0.99998736 0.00161492 -0.00101703 -0.00161978 0.99999817
0.99999963 0.00027084 0.00081484 -0.00027246 0.99999799 0.00198655 -0.00081430 -0.00198677 0.99999769
0.99999885 -0.00119895 -0.00092529 0.00119781 0.99999853 -0.00122386 0.00092676 0.00122275 0.99999882
0.99999731 0.00017741 -0.00231368 -0.00018427 0.99999559 -0.00296526 0.00231314 0.00296568 0.99999293
0.99999139 0.00360831 -0.00204976 -0.00360087 0.99998695 0.00362344 0.00206281 -0.00361603 0.99999133
0.99999431 0.00291918 0.00169241 -0.00292169 0.99999463 0.00148593 -0.00168806 -0.00149086 0.99999746
0.99999620 0.00240774 -0.00134554 -0.00241158 0.99999299 -0.00286437 0.00133863 0.00286760 0.99999499
0.99999871 -0.00042615 -0.00154738 0.00042206 0.99999641 -0.00264451 0.00154850 0.00264385 0.99999531
0.99999802 -0.00081760 -0.00181445 0.00081672 0.99999955 -0.00048831 0.00181485 0.00048682 0.99999823
0.99999924 -0.00117713 0.00037162 0.00117626 0.99999659 0.00233216 -0.00037437 -0.00233172 0.99999721
0.99999544 -0.00243885 -0.00178149 0.00244145 0.99999595 0.00146154 0.00177792 -0.00146588 0.99999735
0.99999949 -0.00026606 -0.00097312 0.00026608 0.99999996 0.00002163 0.00097311 -0.00002189 0.99999953
0.99999844 -0.00037769 -0.00172667 0.00037806 0.99999991 0.00021562 0.00172659 -0.00021628 0.99999849
0.99999949 0.00013134 -0.00100388 -0.00013203 0.99999976 -0.00068154 0.00100379 0.00068167 0.99999926
0.99999859 0.00082650 -0.00146346 -0.00082652 0.99999966 -0.00000715 0.00146345 0.00000836 0.99999893
0.99999934 0.00112775 -0.00023076 -0.00112785 0.99999926 -0.00045016 0.00023025 0.00045042 0.99999987
0.99999972 0.00004445 -0.00074448 -0.00004394 0.99999977 0.00068306 0.00074451 -0.00068302 0.99999949
0.99999611 -0.00233003 -0.00153323 0.00233000 0.99999729 -0.00002225 0.00153327 0.00001867 0.99999882
0.99999661 -0.00090290 -0.00244035 0.00089730 0.99999697 -0.00229215 0.00244241 0.00228995 0.99999440
0.99999667 -0.00027934 -0.00256561 0.00027693 0.99999952 -0.00093784 0.00256587 0.00093713 0.99999627
0.99999881 -0.00029075 -0.00151500 0.00029128 0.99999990 0.00035062 0.00151490 -0.00035106 0.99999879
0.99999794 0.00158791 0.00126708 -0.00158772 0.99999873 -0.00015694 -0.00126732 0.00015493 0.99999918
0.99999919 0.00120149 0.00042539 -0.00120146 0.99999928 -0.00006862 -0.00042547 0.00006810 0.99999991
0.99999763 -0.00185958 -0.00113339 0.00185839 0.99999772 -0.00105097 0.00113535 0.00104886 0.99999881
0.99999968 -0.00057476 -0.00056016 0.00057545 0.99999907 0.00123644 0.00055945 -0.00123676 0.99999908
0.99999660 0.00234869 -0.00113030 -0.00234698 0.99999610 0.00151635 0.00113385 -0.00151369 0.99999821
0.99999554 0.00203774 -0.00218551 -0.00203532 0.99999731 0.00110889 0.00218777 -0.00110444 0.99999700
0.99999823 0.00027667 -0.00185856 -0.00027883 0.99999929 -0.00115779 0.00185824 0.00115830 0.99999760
0.99999958 -0.00019157 -0.00089647 0.00019150 0.99999998 -0.00008038 0.00089649 0.00008021 0.99999959
0.99999816 -0.00152464 -0.00116692 0.00152655 0.99999750 0.00163565 0.00116442 -0.00163743 0.99999798
0.99999810 0.00188129 -0.00050157 -0.00188088 0.99999789 0.00082549 0.00050312 -0.00082455 0.99999953
0.99999836 0.00025390 0.00179125 -0.00025156 0.99999911 -0.00130680 -0.00179158 0.00130635 0.99999754
0.99999912 0.00127547 -0.00035180 -0.00127591 0.99999841 -0.00124880 0.00035021 0.00124925 0.99999916
0.99999946 0.00097636 0.00034353 -0.00097643 0.99999950 0.00020242 -0.00034333 -0.00020276 0.99999992
0.99999959 -0.00063887 -0.00064448 0.00063905 0.99999976 0.00026781 0.00064431 -0.00026822 0.99999976
0.99999942 -0.00093560 -0.00053940 0.00093582 0.99999948 0.00040220 0.00053903 -0.00040270 0.99999977
0.99999967 0.00075123 -0.00032160 -0.00075144 0.99999950 -0.00065606 0.00032111 0.00065630 0.99999973
0.99999904 -0.00042820 -0.00131938 0.00042888 0.99999978 0.00050996 0.00131916 -0.00051053 0.99999900
0.99999940 -0.00058745 -0.00092269 0.00058822 0.99999948 0.00082846 0.00092221 -0.00082900 0.99999923
0.99999963 -0.00079672 -0.00032482 0.00079633 0.99999899 -0.00117841 0.00032576 0.00117815 0.99999925
0.99999899 0.00002545 -0.00142227 -0.00002803 0.99999836 -0.00181033 0.00142222 0.00181037 0.99999735
0.99999966 -0.00009260 -0.00082423 0.00009053 0.99999684 -0.00251232 0.00082446 0.00251224 0.99999650
0.99999914 -0.00112566 0.00067199 0.00112499 0.99999887 0.00099529 -0.00067311 -0.00099453 0.99999928
0.99999999 -0.00002384 -0.00011350 0.00002402 0.99999876 0.00157260 0.00011346 -0.00157260 0.99999876
0.99999952 0.00075688 -0.00062743 -0.00075620 0.99999911 0.00109696 0.00062826 -0.00109649 0.99999920
0.99999982 0.00029595 -0.00051497 -0.00029574 0.99999987 0.00040721 0.00051509 -0.00040706 0.99999978
0.99999897 -0.00078674 0.00120143 0.00078675 0.99999969 -0.00001268 -0.00120142 0.00001363 0.99999928
0.99999346 -0.00326024 -0.00156444 0.00325784 0.99999352 -0.00153172 0.00156942 0.00152661 0.99999760
0.99999821 -0.00171314 -0.00080387 0.00171351 0.99999843 0.00046242 0.00080308 -0.00046380 0.99999957
0.99999967 -0.00046185 -0.00066801 0.00046334 0.99999739 0.00223536 0.00066698 -0.00223566 0.99999728
0.99999931 -0.00086780 -0.00078908 0.00086864 0.99999905 0.00106854 0.00078815 -0.00106923 0.99999912
0.99999917 -0.00127887 0.00013164 0.00127878 0.99999890 0.00075462 -0.00013260 -0.00075445 0.99999971
0.99999671 -0.00130367 -0.00221010 0.00130104 0.99999844 -0.00119119 0.00221165 0.00118831 0.99999685
0.99999879 -0.00058185 -0.00144569 0.00058027 0.99999923 -0.00109455 0.00144633 0.00109371 0.99999836
0.99999942 0.00095279 0.00050394 -0.00095314 0.99999930 0.00070028 -0.00050327 -0.00070076 0.99999963
0.99999591 0.00276884 -0.00071949 -0.00276899 0.99999614 -0.00020976 0.00071891 0.00021175 0.99999972
0.99999964 0.00004528 0.00084767 -0.00004475 0.99999980 -0.00062502 -0.00084770 0.00062498 0.99999945
0.99999659 0.00235754 -0.00111981 -0.00235777 0.99999720 -0.00020540 0.00111933 0.00020804 0.99999935
0.99999913 0.00011246 -0.00131174 -0.00011048 0.99999886 0.00150813 0.00131191 -0.00150798 0.99999800
0.99999935 0.00106692 -0.00039059 -0.00106658 0.99999905 0.00086977 0.00039151 -0.00086935 0.99999955
0.99999887 0.00138966 -0.00056658 -0.00138984 0.99999898 -0.00032046 0.00056613 0.00032125 0.99999979
0.99999641 0.00080422 0.00255734 -0.00080111 0.99999894 -0.00121482 -0.00255832 0.00121277 0.99999599
0.99999818 0.00002119 0.00191005 -0.00002142 0.99999999 0.00012191 -0.00191005 -0.00012195 0.99999817
0.99999985 -0.00044651 -0.00033026 0.00044677 0.99999960 0.00077753 0.00032991 -0.00077768 0.99999964
0.99999910 -0.00129926 0.00033606 0.00129877 0.99999809 0.00145955 -0.00033796 -0.00145912 0.99999888
0.99999999 -0.00005550 0.00015164 0.00005558 0.99999986 -0.00052285 -0.00015162 0.00052286 0.99999985
0.99999859 -0.00150247 0.00074946 0.00150191 0.99999860 0.00073901 -0.00075057 -0.00073788 0.99999945
0.99999480 -0.00260189 0.00190286 0.00260025 0.99999625 0.00086024 -0.00190509 -0.00085528 0.99999782
0.99999788 -0.00178333 0.00102643 0.00178265 0.99999819 0.00066162 -0.00102761 -0.00065979 0.99999925
0.99999676 0.00230442 0.00108098 -0.00230338 0.99999689 -0.00096036 -0.00108319 0.00095786 0.99999895
0.99999718 0.00137857 -0.00193418 -0.00138310 0.99999630 -0.00234258 0.00193095 0.00234525 0.99999539
0.99999949 0.00100192 -0.00012271 -0.00100193 0.99999950 -0.00004353 0.00012267 0.00004365 0.99999999
0.99999905 -0.00045636 -0.00130251 0.00045740 0.99999957 0.00080335 0.00130214 -0.00080395 0.99999883
0.99999968 0.00006073 -0.00080004 -0.00006070 1.00000000 0.00003255 0.00080004 -0.00003250 0.99999968
0.99999939 0.00100774 -0.00044318 -0.00100730 0.99999900 0.00099524 0.00044418 -0.00099479 0.99999941
0.99999928 0.00119246 -0.00011825 -0.00119234 0.99999881 0.00097907 0.00011942 -0.00097892 0.99999951
0.99999940 0.00088175 -0.00065624 -0.00088244 0.99999907 -0.00104443 0.00065531 0.00104501 0.99999924
0.99999958 0.00083726 -0.00036927 -0.00083807 0.99999726 -0.00218476 0.00036744 0.00218507 0.99999755
0.99999990 -0.00025553 0.00036874 0.00025536 0.99999986 0.00046277 -0.00036886 -0.00046267 0.99999982
0.99999983 -0.00048771 0.00031035 0.00048733 0.99999913 0.00122243 -0.00031095 -0.00122227 0.99999920
0.99999885 0.00115495 0.00098250 -0.00115568 0.99999906 0.00074398 -0.00098164 -0.00074511 0.99999924
0.99999632 0.00257447 0.00085823 -0.00257386 0.99999644 -0.00070665 -0.00086005 0.00070443 0.99999938
0.99999750 -0.00171975 0.00143224 0.00172398 0.99999415 -0.00295567 -0.00142715 0.00295813 0.99999461
0.99999817 -0.00083617 0.00172193 0.00083547 0.99999957 0.00040782 -0.00172228 -0.00040638 0.99999843
0.99999974 0.00051217 -0.00051619 -0.00051242 0.99999976 -0.00047191 0.00051595 0.00047218 0.99999976
0.99999975 -0.00055330 0.00044372 0.00055409 0.99999825 -0.00178628 -0.00044273 0.00178653 0.99999831
0.99999992 -0.00035667 -0.00017177 0.00035729 0.99999338 0.00362207 0.00017047 -0.00362213 0.99999343
0.99999974 -0.00070870 -0.00013533 0.00070886 0.99999907 0.00116333 0.00013450 -0.00116342 0.99999931
0.99999852 0.00166554 0.00042532 -0.00166488 0.99999742 -0.00154409 -0.00042789 0.00154338 0.99999872
0.99999934 0.00108370 0.00038731 -0.00108373 0.99999941 0.00007624 -0.00038723 -0.00007666 0.99999992
0.99999987 -0.00005614 -0.00050390 0.00005668 0.99999942 0.00107682 0.00050384 -0.00107685 0.99999929
0.99999838 0.00179908 -0.00006093 -0.00179921 0.99999616 -0.00210966 0.00005714 0.00210976 0.99999777
0.99999852 0.00171411 0.00015514 -0.00171355 0.99999224 -0.00354703 -0.00016122 0.00354675 0.99999370
0.99999778 0.00154510 0.00143557 -0.00154438 0.99999868 -0.00050435 -0.00143635 0.00050213 0.99999884
0.99999991 0.00039089 0.00015546 -0.00039106 0.99999932 0.00109571 -0.00015503 -0.00109577 0.99999939
0.99999767 -0.00028405 0.00214179 0.00028200 0.99999950 0.00095810 -0.00214206 -0.00095750 0.99999725
0.99999692 -0.00084508 0.00233414 0.00084412 0.99999956 0.00041313 -0.00233449 -0.00041116 0.99999719
0.99999980 -0.00025525 -0.00057037 0.00025474 0.99999956 -0.00090652 0.00057060 0.00090637 0.99999943
0.99999867 0.00150311 -0.00063430 -0.00150420 0.99999739 -0.00172040 0.00063171 0.00172135 0.99999832
0.99999988 0.00045243 0.00018780 -0.00045230 0.99999967 -0.00067993 -0.00018811 0.00067984 0.99999975
0.99999969 -0.00058824 -0.00051638 0.00058813 0.99999981 -0.00020833 0.00051650 0.00020803 0.99999984
0.99999738 -0.00226241 -0.00034038 0.00226246 0.99999743 0.00014835 0.00034004 -0.00014911 0.99999993
0.99999904 -0.00136161 0.00026845 0.00136147 0.99999893 0.00053984 -0.00026919 -0.00053947 0.99999982
0.99999961 -0.00080368 -0.00037663 0.00080403 0.99999925 0.00092193 0.00037589 -0.00092224 0.99999950
0.99999967 -0.00080693 -0.00004830 0.00080694 0.99999967 0.00012195 0.00004820 -0.00012199 0.99999999
0.99999965 -0.00074292 -0.00038078 0.00074235 0.99999861 -0.00149296 0.00038188 0.00149268 0.99999881
0.99999986 0.00041182 -0.00031857 -0.00041176 0.99999990 0.00019263 0.00031865 -0.00019250 0.99999993
0.99999959 -0.00089977 0.00009781 0.00089958 0.99999767 0.00196113 -0.00009958 -0.00196104 0.99999807
0.99999977 0.00019453 0.00064237 -0.00019466 0.99999996 0.00020786 -0.00064233 -0.00020798 0.99999977
0.99999919 -0.00112818 -0.00059481 0.00112831 0.99999934 0.00022038 0.00059457 -0.00022105 0.99999980
0.99999935 -0.00110196 0.00028185 0.00110249 0.99999764 -0.00187425 -0.00027979 0.00187456 0.99999820
0.99999992 0.00036176 0.00017176 -0.00036173 0.99999992 -0.00016686 -0.00017182 0.00016680 0.99999997
0.99999976 -0.00019440 0.00067084 0.00019381 0.99999960 0.00087318 -0.00067100 -0.00087305 0.99999939
0.99999915 0.00104297 0.00078102 -0.00104248 0.99999926 -0.00063212 -0.00078168 0.00063130 0.99999950
0.99999991 0.00025789 0.00033024 -0.00025744 0.99999906 -0.00134944 -0.00033059 0.00134935 0.99999903
0.99999687 -0.00199188 -0.00151162 0.00199219 0.99999800 0.00020272 0.00151121 -0.00020573 0.99999884
0.99999996 -0.00018007 0.00023048 0.00017995 0.99999984 0.00054086 -0.00023058 -0.00054082 0.99999983
0.99999829 -0.00141597 0.00119331 0.00141391 0.99999752 0.00172315 -0.00119575 -0.00172146 0.99999780
0.99999775 -0.00179765 0.00113021 0.00179811 0.99999830 -0.00040597 -0.00112948 0.00040800 0.99999928
0.99999921 -0.00069291 -0.00104456 0.00069117 0.99999838 -0.00166361 0.00104571 0.00166289 0.99999807
0.99999831 -0.00167012 0.00076991 0.00167029 0.99999858 -0.00020986 -0.00076956 0.00021114 0.99999968
0.99999690 -0.00050769 -0.00243645 0.00050958 0.99999957 0.00077505 0.00243605 -0.00077629 0.99999673
0.99999538 0.00109618 0.00283569 -0.00110149 0.99999764 0.00187020 -0.00283364 -0.00187332 0.99999423
0.99999832 0.00179732 -0.00034979 -0.00179674 0.99999704 0.00164253 0.00035274 -0.00164190 0.99999859
0.99999958 0.00091516 -0.00004347 -0.00091516 0.99999958 -0.00004572 0.00004342 0.00004576 1.00000000
0.99999934 -0.00103084 -0.00049917 0.00102995 0.99999790 -0.00177101 0.00050099 0.00177049 0.99999831
0.99999727 -0.00131586 -0.00193277 0.00131294 0.99999800 -0.00151195 0.00193475 0.00150941 0.99999699
0.99999837 -0.00088517 -0.00157282 0.00088626 0.99999937 0.00069022 0.00157221 -0.00069161 0.99999852
0.99999790 -0.00205140 0.00004017 0.00205137 0.99999764 0.00071360 -0.00004163 -0.00071351 0.99999974
0.99999839 -0.00066442 -0.00166771 0.00066393 0.99999974 -0.00029435 0.00166790 0.00029324 0.99999857
0.99999740 -0.00044294 -0.00223582 0.00043898 0.99999834 -0.00176923 0.00223660 0.00176824 0.99999594
0.99999478 0.00146060 -0.00288313 -0.00146039 0.99999893 0.00007583 0.00288323 -0.00007162 0.99999584
0.99999821 0.00066550 -0.00176926 -0.00066478 0.99999970 0.00040929 0.00176953 -0.00040811 0.99999835
0.99999915 0.00010785 -0.00130149 -0.00010826 0.99999995 -0.00031210 0.00130145 0.00031224 0.99999910
0.99999616 0.00033891 -0.00274924 -0.00034291 0.99999888 -0.00145695 0.00274875 0.00145789 0.99999516
0.99999824 -0.00028560 -0.00185172 0.00028686 0.99999972 0.00068408 0.00185152 -0.00068461 0.99999805
0.99999899 -0.00141408 0.00013011 0.00141399 0.99999875 0.00070563 -0.00013111 -0.00070545 0.99999974
0.99999998 0.00017528 0.00003791 -0.00017534 0.99999860 0.00166228 -0.00003762 -0.00166228 0.99999862
0.99999958 0.00054715 -0.00073658 -0.00054642 0.99999936 0.00099192 0.00073712 -0.00099152 0.99999924
0.99999926 0.00021986 -0.00119995 -0.00022287 0.99999682 -0.00251117 0.00119939 0.00251144 0.99999613
0.99999917 -0.00033127 -0.00124774 0.00032786 0.99999623 -0.00272633 0.00124863 0.00272592 0.99999551
0.99999951 0.00011285 -0.00098325 -0.00011272 0.99999998 0.00013796 0.00098326 -0.00013785 0.99999951
0.99999795 0.00101322 -0.00175295 -0.00101369 0.99999945 -0.00026762 0.00175268 0.00026940 0.99999843
0.99999975 0.00040634 -0.00057843 -0.00040560 0.99999910 0.00127900 0.00057895 -0.00127877 0.99999901
0.99999868 0.00100745 -0.00127535 -0.00100309 0.99999367 0.00341472 0.00127878 -0.00341344 0.99999336
0.99999878 0.00064265 -0.00142358 -0.00064165 0.99999954 0.00070604 0.00142404 -0.00070513 0.99999874
0.99999944 0.00081666 -0.00067379 -0.00081750 0.99999889 -0.00124710 0.00067278 0.00124765 0.99999900
0.99999615 -0.00152835 -0.00231475 0.00152883 0.99999881 0.00020864 0.00231443 -0.00021217 0.99999730
0.99999407 -0.00309390 -0.00151242 0.00309643 0.99999381 0.00166950 0.00150724 -0.00167417 0.99999746
0.99999778 0.00207460 -0.00036088 -0.00207516 0.99999662 -0.00156546 0.00035763 0.00156620 0.99999871
0.99999848 0.00170351 0.00037799 -0.00170202 0.99999099 -0.00388862 -0.00038461 0.00388797 0.99999237
0.99999674 0.00197844 0.00161506 -0.00197597 0.99999688 -0.00152969 -0.00161809 0.00152649 0.99999753
0.99999841 0.00115743 0.00135756 -0.00116016 0.99999730 0.00201156 -0.00135523 -0.00201313 0.99999706
0.99999965 -0.00016307 0.00082050 0.00016224 0.99999948 0.00100493 -0.00082066 -0.00100479 0.99999916
0.99999962 -0.00071876 0.00048884 0.00071878 0.99999974 -0.00005207 -0.00048880 0.00005243 0.99999988
0.99999894 -0.00083924 0.00119227 0.00083986 0.99999951 -0.00051904 -0.00119183 0.00052004 0.99999915
0.99999576 -0.00278542 0.00085141 0.00278599 0.99999590 -0.00065989 -0.00084957 0.00066226 0.99999942
0.99999940 -0.00102551 -0.00038885 0.00102562 0.99999943 0.00029333 0.00038855 -0.00029373 0.99999988
0.99999954 -0.00046299 -0.00083667 0.00046353 0.99999968 0.00064937 0.00083637 -0.00064976 0.99999944
0.99999706 0.00107528 -0.00217295 -0.00107412 0.99999928 0.00053472 0.00217352 -0.00053239 0.99999750
0.99999910 0.00107065 -0.00081300 -0.00106961 0.99999861 0.00127813 0.00081436 -0.00127726 0.99999885
0.99999872 0.00080130 -0.00138307 -0.00080102 0.99999966 0.00020504 0.00138323 -0.00020393 0.99999902
0.99999572 0.00041314 -0.00289518 -0.00041966 0.99999738 -0.00225163 0.00289424 0.00225284 0.99999327
0.99999912 0.00009994 -0.00132638 -0.00010264 0.99999792 -0.00203514 0.00132618 0.00203527 0.99999705
0.99999877 0.00040354 -0.00151586 -0.00040237 0.99999962 0.00077001 0.00151617 -0.00076940 0.99999855
0.99999815 -0.00020908 -0.00191046 0.00021235 0.99999852 0.00170923 0.00191010 -0.00170963 0.99999671
0.99999879 0.00051085 -0.00146961 -0.00050980 0.99999961 0.00071838 0.00146997 -0.00071763 0.99999866
0.99999918 -0.00050544 -0.00118023 0.00050451 0.99999956 -0.00078557 0.00118063 0.00078497 0.99999899
0.99999825 0.00001309 -0.00186879 -0.00001329 0.99999999 -0.00011036 0.00186879 0.00011038 0.99999825
0.99999942 0.00107442 0.00008752 -0.00107457 0.99999791 0.00173784 -0.00008565 -0.00173793 0.99999849
0.99999996 0.00021626 -0.00019240 -0.00021621 0.99999994 0.00025710 0.00019246 -0.00025706 0.99999995
0.99999579 -0.00232083 -0.00173961 0.00231973 0.99999711 -0.00063339 0.00174108 0.00062935 0.99999829
0.99999946 0.00065247 -0.00080903 -0.00065287 0.99999967 -0.00048962 0.00080871 0.00049015 0.99999955
0.99999684 0.00109885 -0.00225982 -0.00109791 0.99999931 0.00041509 0.00226028 -0.00041261 0.99999736
0.99999982 0.00048514 -0.00035056 -0.00048568 0.99999871 -0.00152944 0.00034982 0.00152961 0.99999877
0.99999915 -0.00012031 -0.00130190 0.00012034 0.99999999 0.00002394 0.00130190 -0.00002410 0.99999915
0.99999902 -0.00087406 -0.00109449 0.00087364 0.99999954 -0.00039047 0.00109483 0.00038952 0.99999932
0.99999970 0.00073992 -0.00024829 -0.00074000 0.99999968 -0.00029140 0.00024808 0.00029158 0.99999993
0.99999901 -0.00100491 -0.00098890 0.00100579 0.99999910 0.00088782 0.00098800 -0.00088882 0.99999912
0.99999977 -0.00067797 0.00002985 0.00067792 0.99999860 0.00152754 -0.00003089 -0.00152752 0.99999883
0.99999858 -0.00138883 -0.00095291 0.00138857 0.99999900 -0.00027628 0.00095329 0.00027495 0.99999951
0.99999726 -0.00167538 0.00163429 0.00167566 0.99999858 -0.00017117 -0.00163400 0.00017390 0.99999865
0.99999995 0.00015345 0.00028281 -0.00015330 0.99999986 -0.00050272 -0.00028289 0.00050267 0.99999983
0.99999991 0.00034583 -0.00024424 -0.00034561 0.99999954 0.00089863 0.00024455 -0.00089854 0.99999957
0.99999914 -0.00101606 0.00083045 0.00101460 0.99999796 0.00174765 -0.00083222 -0.00174681 0.99999813
0.99999779 -0.00209121 -0.00019622 0.00209153 0.99999650 0.00162305 0.00019283 -0.00162346 0.99999866
0.99999962 0.00086977 -0.00002751 -0.00086979 0.99999912 -0.00100413 0.00002663 0.00100416 0.99999950
0.99999899 0.00085737 -0.00113535 -0.00085911 0.99999845 -0.00153691 0.00113403 0.00153789 0.99999817
0.99999967 0.00067762 -0.00045131 -0.00067760 0.99999977 0.00004633 0.00045134 -0.00004602 0.99999990
0.99999928 -0.00106269 -0.00055204 0.00106324 0.99999893 0.00100611 0.00055097 -0.00100670 0.99999934
0.99999962 0.00011582 0.00086042 -0.00011693 0.99999916 0.00129327 -0.00086027 -0.00129337 0.99999879
0.99999961 0.00081467 -0.00035115 -0.00081480 0.99999959 -0.00038348 0.00035083 0.00038376 0.99999986
0.99999976 0.00022377 -0.00065027 -0.00022387 0.99999996 -0.00015460 0.00065023 0.00015475 0.99999978
0.99999961 0.00070156 -0.00052880 -0.00070174 0.99999970 -0.00032783 0.00052857 0.00032820 0.99999981
0.99999924 -0.00013995 -0.00122353 0.00013901 0.99999969 -0.00077247 0.00122363 0.00077230 0.99999895
0.99999867 -0.00163322 0.00001249 0.00163321 0.99999833 0.00082112 -0.00001383 -0.00082110 0.99999966
0.99999983 -0.00052590 0.00025725 0.00052578 0.99999975 0.00047564 -0.00025750 -0.00047551 0.99999985
0.99999987 -0.00024251 -0.00045159 0.00024289 0.99999962 0.00083982 0.00045139 -0.00083993 0.99999955
0.99999981 0.00049269 -0.00037608 -0.00049236 0.99999949 0.00087796 0.00037652 -0.00087777 0.99999954
0.99999851 0.00170437 0.00028478 -0.00170420 0.99999837 -0.00059916 -0.00028580 0.00059867 0.99999978
0.99999849 0.00161266 -0.00063990 -0.00161330 0.99999820 -0.00100009 0.00063829 0.00100112 0.99999930
0.99999847 0.00115406 0.00131374 -0.00115788 0.99999510 0.00290934 -0.00131037 -0.00291085 0.99999490
0.99999949 0.00090873 0.00044858 -0.00090868 0.99999958 -0.00009747 -0.00044867 0.00009707 0.99999989
0.99999822 -0.00188422 -0.00010825 0.00188415 0.99999805 -0.00059036 0.00010936 0.00059016 0.99999982
0.99999901 0.00093104 -0.00105603 -0.00093100 0.99999957 0.00004225 0.00105607 -0.00004127 0.99999944
0.99999918 0.00127774 -0.00001160 -0.00127772 0.99999791 0.00159649 0.00001364 -0.00159647 0.99999873
0.99999941 0.00011252 0.00107868 -0.00010831 0.99999238 -0.00390110 -0.00107911 0.00390098 0.99999181
0.99999920 -0.00122430 -0.00031874 0.00122395 0.99999866 -0.00109097 0.00032007 0.00109058 0.99999935
0.99999371 -0.00350951 -0.00052104 0.00351003 0.99999335 0.00098946 0.00051756 -0.00099128 0.99999937
0.99999984 -0.00052950 -0.00018903 0.00053005 0.99999559 0.00292213 0.00018749 -0.00292223 0.99999571
0.99999556 0.00272396 0.00121011 -0.00272420 0.99999627 0.00020005 -0.00120956 -0.00020334 0.99999925
0.99999789 0.00199087 0.00051144 -0.00199145 0.99999739 0.00111771 -0.00050921 -0.00111873 0.99999924
0.99999840 0.00178164 0.00015899 -0.00178170 0.99999834 0.00037895 -0.00015832 -0.00037923 0.99999992
0.99999822 0.00024303 0.00187283 -0.00024315 0.99999997 0.00006223 -0.00187282 -0.00006269 0.99999824
0.99999479 -0.00306891 -0.00100150 0.00306775 0.99999463 -0.00115383 0.00100504 0.00115075 0.99999883
0.99999978 -0.00066015 -0.00005497 0.00066016 0.99999974 0.00029671 0.00005478 -0.00029674 0.99999995
0.99999776 -0.00208110 -0.00039684 0.00208118 0.99999782 0.00019542 0.00039643 -0.00019625 0.99999990
0.99999932 0.00105830 -0.00048705 -0.00105812 0.99999938 0.00036042 0.00048743 -0.00035990 0.99999982
0.99999856 -0.00035005 0.00166064 0.00034867 0.99999959 0.00083249 -0.00166093 -0.00083191 0.99999827
0.99999942 0.00104534 -0.00024756 -0.00104542 0.99999941 -0.00030605 0.00024724 0.00030631 0.99999992
0.99999926 -0.00121531 -0.00008226 0.00121536 0.99999908 0.00060557 0.00008153 -0.00060567 0.99999981
0.99999936 -0.00061110 -0.00095615 0.00061065 0.99999971 -0.00046586 0.00095644 0.00046528 0.99999943
0.99999736 -0.00205806 -0.00102651 0.00205615 0.99999616 -0.00185670 0.00103032 0.00185459 0.99999775
0.99999596 -0.00190836 -0.00210836 0.00190705 0.99999799 -0.00062172 0.00210954 0.00061770 0.99999758
0.99999218 -0.00235562 -0.00317589 0.00235991 0.99999631 0.00134498 0.00317271 -0.00135247 0.99999405
0.99999413 -0.00066328 -0.00336181 0.00066416 0.99999975 0.00026072 0.00336163 -0.00026295 0.99999432
0.99999049 0.00034757 -0.00434824 -0.00034535 0.99999981 0.00051015 0.00434842 -0.00050865 0.99999042
0.99999420 -0.00008999 -0.00340502 0.00009481 0.99999899 0.00141535 0.00340489 -0.00141566 0.99999320
0.99998924 0.00101432 -0.00452563 -0.00101521 0.99999947 -0.00019474 0.00452543 0.00019933 0.99998974
0.99998714 -0.00030675 -0.00506235 0.00031151 0.99999951 0.00094046 0.00506206 -0.00094203 0.99998674
0.99998371 -0.00100374 -0.00561822 0.00100724 0.99999930 0.00061958 0.00561760 -0.00062523 0.99998403
0.99998499 -0.00096876 -0.00539301 0.00098035 0.99999721 0.00214738 0.00539091 -0.00215264 0.99998315
0.99999499 0.00082131 -0.00305548 -0.00082622 0.99999837 -0.00160759 0.00305415 0.00161011 0.99999404
0.99999540 0.00107330 -0.00283650 -0.00108348 0.99999297 -0.00358838 0.00283263 0.00359144 0.99998954
0.99999464 0.00039539 -0.00325085 -0.00040489 0.99999565 -0.00292206 0.00324968 0.00292336 0.99999045
0.99999628 0.00141927 -0.00232880 -0.00142197 0.99999832 -0.00115742 0.00232715 0.00116073 0.99999662
0.99999846 0.00003354 -0.00175387 -0.00003349 1.00000000 0.00003249 0.00175387 -0.00003243 0.99999846
0.99999653 -0.00263130 0.00012878 0.00263122 0.99999637 0.00058142 -0.00013031 -0.00058108 0.99999982
0.99999904 -0.00112150 -0.00081223 0.00112159 0.99999937 0.00010478 0.00081211 -0.00010569 0.99999966
0.99999751 -0.00160299 -0.00155540 0.00160823 0.99999302 0.00337139 0.00154998 -0.00337388 0.99999311
0.99999916 0.00129678 0.00007669 -0.00129673 0.99999894 -0.00066605 -0.00007755 0.00066595 0.99999978
0.99999331 0.00245715 0.00270891 -0.00245403 0.99999632 -0.00115438 -0.00271173 0.00114772 0.99999566
0.99999236 0.00300035 0.00250445 -0.00299492 0.99999317 -0.00216593 -0.00251093 0.00215841 0.99999452
0.99998599 0.00256816 0.00462929 -0.00256554 0.99999655 -0.00057255 -0.00463074 0.00056067 0.99998912
0.99998607 0.00073149 0.00522773 -0.00072916 0.99999963 -0.00044694 -0.00522806 0.00044312 0.99998624
0.99997436 0.00066362 0.00713050 -0.00065583 0.99999919 -0.00109462 -0.00713122 0.00108992 0.99997398
0.99997639 0.00053911 0.00685027 -0.00052551 0.99999789 -0.00198656 -0.00685133 0.00198292 0.99997456
0.99997948 -0.00139208 0.00625315 0.00140292 0.99999752 -0.00172938 -0.00625073 0.00173812 0.99997895
0.99997659 -0.00275312 0.00626478 0.00275015 0.99999610 0.00048354 -0.00626609 -0.00046630 0.99998026
0.99996678 -0.00501067 0.00642876 0.00500012 0.99998613 0.00165641 -0.00643697 -0.00162421 0.99997796
0.99997857 -0.00273200 0.00594907 0.00273216 0.99999627 -0.00001899 -0.00594899 0.00003524 0.99998230
0.99997973 -0.00276693 0.00573383 0.00277173 0.99999582 -0.00082841 -0.00573151 0.00084428 0.99998322
0.99998645 -0.00176667 0.00489707 0.00177376 0.99999739 -0.00144322 -0.00489451 0.00145189 0.99998697
0.99998907 -0.00217650 0.00413708 0.00218148 0.99999690 -0.00120181 -0.00413445 0.00121082 0.99999072
0.99999292 -0.00249517 0.00281533 0.00249435 0.99999685 0.00029639 -0.00281606 -0.00028936 0.99999599
0.99998580 -0.00255634 0.00467686 0.00255552 0.99999672 0.00018052 -0.00467730 -0.00016856 0.99998905
0.99998525 -0.00290737 0.00458859 0.00290496 0.99999564 0.00053304 -0.00459012 -0.00051970 0.99998933
0.99999294 -0.00313932 0.00206563 0.00314126 0.99999462 -0.00093974 -0.00206267 0.00094622 0.99999743
0.99998918 -0.00212101 0.00414062 0.00213074 0.99999498 -0.00234569 -0.00413563 0.00235449 0.99998868
0.99998076 -0.00107743 0.00610823 0.00108537 0.99999857 -0.00129619 -0.00610683 0.00130279 0.99998050
0.99999397 -0.00079346 0.00338062 0.00078837 0.99999855 0.00150753 -0.00338181 -0.00150486 0.99999315
0.99999610 -0.00057153 0.00273333 0.00057280 0.99999973 -0.00046270 -0.00273306 0.00046426 0.99999616
0.99998862 -0.00210440 0.00428072 0.00210903 0.99999720 -0.00107714 -0.00427844 0.00108615 0.99999026
0.99999599 0.00071210 0.00274031 -0.00070802 0.99999864 -0.00149128 -0.00274137 0.00148933 0.99999513
0.99999610 -0.00223866 0.00166756 0.00223650 0.99999666 0.00129552 -0.00167045 -0.00129178 0.99999777
0.99999502 -0.00180250 0.00258943 0.00180068 0.99999813 0.00070725 -0.00259070 -0.00070259 0.99999640
0.99999505 -0.00019249 0.00313948 0.00019492 0.99999968 -0.00077484 -0.00313933 0.00077545 0.99999477
0.99999395 0.00104015 0.00331803 -0.00102923 0.99999405 -0.00329291 -0.00332144 0.00328947 0.99998907
0.99999300 0.00165312 0.00335534 -0.00165268 0.99999863 -0.00013485 -0.00335556 0.00012931 0.99999436
0.99998928 0.00157028 0.00435594 -0.00157847 0.99999699 0.00187648 -0.00435298 -0.00188333 0.99998875
0.99999309 0.00165718 0.00332647 -0.00165914 0.99999845 0.00058714 -0.00332549 -0.00059265 0.99999429
0.99999846 0.00052502 0.00167685 -0.00052592 0.99999972 0.00053677 -0.00167656 -0.00053766 0.99999845
0.99999853 -0.00103874 0.00136374 0.00104049 0.99999864 -0.00128116 -0.00136240 0.00128257 0.99999825
0.99999800 -0.00191725 0.00057602 0.00191783 0.99999766 -0.00100402 -0.00057409 0.00100513 0.99999933
0.99999917 -0.00015346 0.00128149 0.00015467 0.99999954 -0.00094222 -0.00128135 0.00094242 0.99999873
0.99999868 0.00049381 0.00154593 -0.00049552 0.99999926 0.00111034 -0.00154538 -0.00111110 0.99999819
0.99999785 0.00160510 0.00131607 -0.00160660 0.99999806 0.00113717 -0.00131425 -0.00113928 0.99999849
0.99999873 0.00158458 0.00018484 -0.00158481 0.99999800 0.00122108 -0.00018290 -0.00122137 0.99999924
0.99999766 -0.00054583 0.00209407 0.00054536 0.99999983 0.00022590 -0.00209419 -0.00022476 0.99999778
0.99999672 -0.00236062 0.00099208 0.00236224 0.99999587 -0.00163553 -0.00098821 0.00163787 0.99999817
0.99999848 -0.00139095 0.00105123 0.00139401 0.99999476 -0.00292054 -0.00104716 0.00292200 0.99999518
0.99999924 -0.00068910 0.00101859 0.00069187 0.99999606 -0.00272163 -0.00101671 0.00272233 0.99999578
0.99999926 -0.00042188 0.00113790 0.00042371 0.99999861 -0.00161054 -0.00113722 0.00161102 0.99999806
0.99999893 0.00113955 0.00092137 -0.00113850 0.99999870 -0.00114542 -0.00092268 0.00114437 0.99999892
0.99999952 -0.00040013 0.00089380 0.00040056 0.99999980 -0.00048240 -0.00089360 0.00048276 0.99999948
0.99999831 -0.00058349 0.00174095 0.00058293 0.99999978 0.00031954 -0.00174114 -0.00031852 0.99999843
0.99999749 -0.00184709 0.00126964 0.00184757 0.99999822 -0.00037601 -0.00126894 0.00037835 0.99999912
0.99999401 0.00135255 0.00318723 -0.00134181 0.99999342 -0.00337099 -0.00319177 0.00336669 0.99998924
0.99999599 0.00206089 0.00194466 -0.00205827 0.99999697 -0.00135072 -0.00194743 0.00134671 0.99999720
0.99999712 0.00153252 0.00184804 -0.00153160 0.99999870 -0.00050225 -0.00184881 0.00049942 0.99999817
0.99999789 0.00143141 0.00147345 -0.00142897 0.99999760 -0.00166060 -0.00147583 0.00165849 0.99999754
0.99999221 0.00276826 0.00281225 -0.00276284 0.99999432 -0.00193092 -0.00281758 0.00192314 0.99999418
0.99998320 0.00509603 0.00276273 -0.00510003 0.99998595 0.00144382 -0.00275533 -0.00145789 0.99999514
0.99996423 0.00843340 0.00065082 -0.00844001 0.99990473 0.01092276 -0.00055864 -0.01092786 0.99994013
0.99996911 0.00580195 0.00530236 -0.00587501 0.99988658 0.01386779 -0.00522130 -0.01389851 0.99988978
0.99996404 0.00746980 0.00401528 -0.00750110 0.99994116 0.00783655 -0.00395651 -0.00786638 0.99996123
0.99998893 -0.00315171 0.00349322 0.00315911 0.99999277 -0.00211483 -0.00348653 0.00212585 0.99999166
0.99994959 -0.00979915 0.00218780 0.00981490 0.99992513 -0.00730827 -0.00211603 0.00732938 0.99997090
0.99997502 -0.00644019 0.00291183 0.00647225 0.99991701 -0.01113960 -0.00283985 0.01115817 0.99993371
0.99998722 -0.00416088 0.00287004 0.00417364 0.99998137 -0.00445337 -0.00285146 0.00446529 0.99998597
0.99998613 0.00245691 0.00465973 -0.00246019 0.99999673 0.00069947 -0.00465800 -0.00071092 0.99998890
0.99998084 0.00293509 0.00545036 -0.00296008 0.99998512 0.00458339 -0.00543682 -0.00459944 0.99997464
0.99997037 0.00407104 0.00653284 -0.00408786 0.99998836 0.00256311 -0.00652233 -0.00258974 0.99997538
0.99997873 0.00194800 0.00622484 -0.00194648 0.99999807 -0.00024975 -0.00622531 0.00023763 0.99998059
0.99998388 -0.00040200 0.00566393 0.00039870 0.99999975 0.00058250 -0.00566416 -0.00058024 0.99998379
0.99997696 -0.00137770 0.00664753 0.00138174 0.99999886 -0.00060297 -0.00664669 0.00061214 0.99997772
0.99997532 -0.00121913 0.00691951 0.00122695 0.99999861 -0.00112609 -0.00691813 0.00113455 0.99997543
0.99995942 -0.00044753 0.00899802 0.00045579 0.99999948 -0.00091619 -0.00899760 0.00092025 0.99995910
0.99995126 0.00115000 0.00980572 -0.00115345 0.99999927 0.00034631 -0.00980532 -0.00035760 0.99995186
0.99994376 0.00115040 0.01054274 -0.00117233 0.99999716 0.00207411 -0.01054033 -0.00208635 0.99994227
0.99994168 0.00208716 0.01059659 -0.00209324 0.99999765 0.00056256 -0.01059539 -0.00058471 0.99994370
0.99992503 0.00207204 0.01206839 -0.00207468 0.99999783 0.00020635 -0.01206794 -0.00023137 0.99992715
0.99995017 -0.00071498 0.00995677 0.00074183 0.99999610 -0.00269370 -0.00995481 0.00270095 0.99994680
0.99994048 -0.00367694 0.01027198 0.00371105 0.99998766 -0.00330330 -0.01025971 0.00334123 0.99994179
0.99994902 -0.00465228 0.00896143 0.00466281 0.99998846 -0.00115435 -0.00895596 0.00119608 0.99995918
0.99995852 -0.00366996 0.00833642 0.00365853 0.99999235 0.00138633 -0.00834144 -0.00135578 0.99996429
0.99995864 -0.00116566 0.00901957 0.00114598 0.99999695 0.00218687 -0.00902209 -0.00217644 0.99995693
0.99995831 0.00161837 0.00898622 -0.00163975 0.99999584 0.00237267 -0.00898235 -0.00238731 0.99995681
0.99996107 0.00232580 0.00851140 -0.00234873 0.99999364 0.00268519 -0.00850510 -0.00270508 0.99996017
0.99998154 0.00044752 0.00605934 -0.00045768 0.99999849 0.00167604 -0.00605858 -0.00167878 0.99998024
