1.00000000 0.00000000 0.00000000 0.00000000 1.00000000 0.00000000 0.00000000 0.00000000 1.00000000
0.99999606 -0.00043595 -0.00277294 0.00043557 0.99999990 -0.00013667 0.00277300 0.00013546 0.99999615
0.99999633 0.00111996 -0.00246512 -0.00112172 0.99999912 -0.00071292 0.00246432 0.00071568 0.99999671
0.99999436 0.00194871 -0.00273431 -0.00195131 0.99999765 -0.00094966 0.00273246 0.00095499 0.99999581
0.99999512 0.00272550 -0.00152467 -0.00272412 0.99999588 0.00090515 0.00152713 -0.00090100 0.99999843
0.99999587 0.00202875 -0.00203510 -0.00203055 0.99999755 -0.00088441 0.00203330 0.00088853 0.99999754
0.99999686 0.00094869 -0.00232061 -0.00095188 0.99999860 -0.00137326 0.00231930 0.00137546 0.99999636
0.99999766 0.00042626 -0.00212238 -0.00042662 0.99999989 -0.00016762 0.00212230 0.00016852 0.99999773
0.99999557 -0.00136510 -0.00264652 0.00136545 0.99999906 0.00013140 0.00264634 -0.00013501 0.99999649
0.99999373 -0.00184768 -0.00302207 0.00184745 0.99999829 -0.00007821 0.00302221 0.00007263 0.99999543
0.99999250 -0.00169769 -0.00348005 0.00169628 0.99999848 -0.00040771 0.00348074 0.00040180 0.99999386
0.99999330 -0.00011355 -0.00365860 0.00011602 0.99999976 0.00067668 0.00365852 -0.00067710 0.99999308
0.99999229 0.00188025 -0.00344740 -0.00188015 0.99999823 0.00003313 0.00344746 -0.00002665 0.99999406
0.99999390 0.00186028 -0.00295667 -0.00186503 0.99999697 -0.00160504 0.00295368 0.00161054 0.99999434
0.99999448 0.00066288 -0.00325572 -0.00067135 0.99999639 -0.00260148 0.00325398 0.00260365 0.99999132
0.99999466 0.00065089 -0.00320106 -0.00066042 0.99999535 -0.00297723 0.00319911 0.00297933 0.99999044
0.99999404 0.00144304 -0.00313694 -0.00144143 0.99999883 0.00051612 0.00313768 -0.00051159 0.99999495
0.99999553 0.00170209 -0.00245923 -0.00169255 0.99999107 0.00387317 0.00246580 -0.00386899 0.99998948
0.99999708 0.00047062 -0.00236990 -0.00046191 0.99999313 0.00367752 0.00237162 -0.00367642 0.99999043
0.99999715 0.00012261 -0.00238580 -0.00011663 0.99999686 0.00250503 0.00238610 -0.00250475 0.99999402
0.99999554 0.00086141 -0.00285920 -0.00086301 0.99999947 -0.00055813 0.00285871 0.00056059 0.99999576
0.99999322 0.00170196 -0.00326525 -0.00171809 0.99998630 -0.00494389 0.00325679 0.00494947 0.99998245
0.99999392 0.00071789 -0.00341175 -0.00073955 0.99997956 -0.00635096 0.00340712 0.00635344 0.99997401
0.99999211 -0.00137281 -0.00372748 0.00135888 0.99999209 -0.00373690 0.00373258 0.00373180 0.99998607
0.99998415 -0.00307337 -0.00471837 0.00307111 0.99999517 -0.00048521 0.00471984 0.00047071 0.99998875
0.99995795 -0.00790338 -0.00465147 0.00790877 0.99996807 0.00114135 0.00464231 -0.00117809 0.99998853
0.99998845 -0.00146418 -0.00457840 0.00147689 0.99999507 0.00277237 0.00457432 -0.00277910 0.99998568
0.99999104 -0.00237517 -0.00350496 0.00236917 0.99999572 -0.00171389 0.00350902 0.00170557 0.99999239
0.99998781 0.00399432 -0.00290099 -0.00399272 0.99999187 0.00055628 0.00290319 -0.00054469 0.99999564
0.99999440 0.00211400 -0.00259385 -0.00210602 0.99999305 0.00307522 0.00260034 -0.00306974 0.99999191
0.99999588 0.00233960 -0.00166361 -0.00233624 0.99999523 0.00201985 0.00166833 -0.00201596 0.99999658
0.99999477 0.00270399 -0.00177618 -0.00270456 0.99999629 -0.00032105 0.00177530 0.00032585 0.99999837
0.99999405 0.00293928 -0.00180562 -0.00294250 0.99999408 -0.00178350 0.00180037 0.00178880 0.99999678
0.99999585 0.00206854 -0.00200456 -0.00207318 0.99999516 -0.00231803 0.00199976 0.00232218 0.99999530
0.99999516 0.00213429 -0.00226181 -0.00213192 0.99999718 0.00104678 0.00226404 -0.00104195 0.99999689
0.99999587 -0.00197593 -0.00208862 0.00197818 0.99999747 0.00107271 0.00208650 -0.00107684 0.99999724
0.99999528 -0.00257595 -0.00167333 0.00257958 0.99999432 0.00217035 0.00166773 -0.00217466 0.99999624
0.99999138 -0.00333135 -0.00247726 0.00333102 0.99999444 -0.00013507 0.00247769 0.00012682 0.99999692
0.99999734 -0.00111341 -0.00201888 0.00111045 0.99999831 -0.00146256 0.00202051 0.00146032 0.99999689
0.99999599 0.00177367 -0.00220812 -0.00177820 0.99999632 -0.00204987 0.00220447 0.00205379 0.99999546
0.99999776 0.00104568 -0.00183991 -0.00104693 0.99999922 -0.00067802 0.00183920 0.00067995 0.99999808
0.99998990 0.00374872 -0.00247986 -0.00374793 0.99999292 0.00032200 0.00248105 -0.00031270 0.99999687
0.99999803 0.00023913 -0.00196947 -0.00024115 0.99999944 -0.00102638 0.00196922 0.00102685 0.99999753
0.99999704 0.00084272 -0.00228300 -0.00084783 0.99999714 -0.00223844 0.00228110 0.00224037 0.99999489
0.99999688 0.00093050 -0.00231970 -0.00093158 0.99999946 -0.00046269 0.00231927 0.00046485 0.99999720
0.99999742 0.00154100 -0.00166952 -0.00153805 0.99999725 0.00176974 0.00167224 -0.00176717 0.99999704
0.99999633 0.00191650 -0.00191289 -0.00191377 0.99999715 0.00142671 0.00191562 -0.00142305 0.99999715
0.99999743 0.00096689 -0.00204966 -0.00096449 0.99999885 0.00117328 0.00205079 -0.00117130 0.99999721
0.99999524 0.00093252 -0.00293971 -0.00093334 0.99999953 -0.00027836 0.00293945 0.00028111 0.99999564
0.99999687 -0.00064016 -0.00242017 0.00063982 0.99999979 -0.00014242 0.00242026 0.00014087 0.99999706
0.99999571 0.00074633 -0.00283160 -0.00074386 0.99999934 0.00087402 0.00283225 -0.00087191 0.99999561
0.99999382 -0.00138694 -0.00323176 0.00138751 0.99999902 0.00017528 0.00323151 -0.00017976 0.99999476
0.99999251 -0.00213635 -0.00322644 0.00213894 0.99999739 0.00079959 0.00322472 -0.00080649 0.99999448
0.99999071 -0.00071426 -0.00425153 0.00071925 0.99999905 0.00117206 0.00425069 -0.00117511 0.99999028
0.99999361 -0.00051386 -0.00353695 0.00051005 0.99999929 -0.00107992 0.00353751 0.00107811 0.99999316
0.99999183 0.00178831 -0.00362446 -0.00179633 0.99999595 -0.00220934 0.00362050 0.00221583 0.99999099
0.99998782 0.00330430 -0.00366571 -0.00331336 0.99999146 -0.00246888 0.00365752 0.00248100 0.99999023
0.99999310 0.00182637 -0.00323422 -0.00181960 0.99999615 0.00209505 0.00323804 -0.00208915 0.99999258
0.99999355 -0.00107811 -0.00342736 0.00109041 0.99999297 0.00358862 0.00342346 -0.00359233 0.99998769
0.99999103 -0.00301150 -0.00297930 0.00301230 0.99999543 0.00026631 0.00297848 -0.00027528 0.99999553
0.99999487 -0.00055683 -0.00315345 0.00054632 0.99999430 -0.00333261 0.00315529 0.00333087 0.99998947
0.99999396 -0.00232346 -0.00258605 0.00232060 0.99999669 -0.00110863 0.00258861 0.00110262 0.99999604
0.99999332 -0.00181785 -0.00316953 0.00181339 0.99999736 -0.00140982 0.00317208 0.00140406 0.99999398
0.99999510 -0.00008181 -0.00313004 0.00007619 0.99999839 -0.00179390 0.00313019 0.00179365 0.99999349
0.99997150 0.00712139 -0.00250799 -0.00712424 0.99997399 -0.00112763 0.00249989 0.00114547 0.99999622
0.99994053 0.01072638 -0.00197026 -0.01071740 0.99993240 0.00450868 0.00201849 -0.00448729 0.99998789
0.99996605 0.00818554 -0.00094149 -0.00818080 0.99995441 0.00492543 0.00098177 -0.00491757 0.99998743
0.99999936 -0.00020984 -0.00110875 0.00020979 0.99999998 -0.00005237 0.00110876 0.00005213 0.99999938
0.99998383 -0.00522181 -0.00225143 0.00521933 0.99998577 -0.00110328 0.00225716 0.00109151 0.99999686
0.99998887 -0.00444156 -0.00159147 0.00443753 0.99998695 -0.00253163 0.00160270 0.00252454 0.99999553
0.99999980 0.00035899 -0.00051940 -0.00036031 0.99999673 -0.00253082 0.00051849 0.00253101 0.99999666
0.99999440 0.00331775 0.00043722 -0.00331744 0.99999425 -0.00070511 -0.00043956 0.00070366 0.99999966
0.99998911 0.00466370 0.00017734 -0.00466398 0.99998786 0.00158822 -0.00016993 -0.00158903 0.99999872
0.99999755 0.00221438 -0.00004283 -0.00221423 0.99999226 0.00325301 0.00005003 -0.00325291 0.99999471
0.99999861 -0.00098933 -0.00134428 0.00098787 0.99999892 -0.00108659 0.00134535 0.00108527 0.99999851
0.99999767 0.00022366 -0.00214641 -0.00022867 0.99999724 -0.00233783 0.00214588 0.00233831 0.99999496
0.99999410 0.00314288 -0.00138386 -0.00313946 0.99999203 0.00246726 0.00139161 -0.00246290 0.99999600
0.99999079 0.00404973 -0.00142327 -0.00404792 0.99999100 0.00127298 0.00142841 -0.00126720 0.99999818
0.99999505 0.00290301 -0.00121657 -0.00290652 0.99999161 -0.00288680 0.00120818 0.00289032 0.99999509
0.99999875 0.00048522 -0.00150702 -0.00048872 0.99999719 -0.00231914 0.00150589 0.00231987 0.99999618
0.99999832 -0.00131681 -0.00127606 0.00131611 0.99999898 -0.00054773 0.00127678 0.00054605 0.99999904
0.99999757 -0.00176536 -0.00131840 0.00176684 0.99999781 0.00112330 0.00131641 -0.00112563 0.99999850
0.99999790 -0.00157456 -0.00131119 0.00157625 0.99999792 0.00129185 0.00130916 -0.00129391 0.99999831
0.99999821 -0.00046814 -0.00183136 0.00046806 0.99999989 -0.00004347 0.00183138 0.00004261 0.99999832
0.99999915 0.00053446 -0.00118865 -0.00053383 0.99999972 0.00053267 0.00118893 -0.00053203 0.99999915
0.99999910 0.00052470 -0.00123864 -0.00052503 0.99999983 -0.00026781 0.00123850 0.00026846 0.99999920
0.99999891 0.00100321 -0.00108224 -0.00100334 0.99999949 -0.00011839 0.00108212 0.00011947 0.99999941
0.99999821 0.00129251 -0.00137913 -0.00129303 0.99999909 -0.00037756 0.00137864 0.00037934 0.99999898
0.99999851 0.00019829 -0.00171635 -0.00019777 0.99999993 0.00030293 0.00171641 -0.00030259 0.99999848
0.99999933 -0.00003128 -0.00115414 0.00003099 0.99999997 -0.00025033 0.00115414 0.00025030 0.99999930
0.99999902 -0.00059555 -0.00126470 0.00059322 0.99999813 -0.00184338 0.00126580 0.00184263 0.99999750
0.99999864 -0.00058490 -0.00154119 0.00058370 0.99999953 -0.00077829 0.00154165 0.00077739 0.99999851
0.99999935 0.00017681 -0.00112411 -0.00017632 0.99999989 0.00044411 0.00112419 -0.00044391 0.99999927
0.99999919 0.00073101 -0.00103861 -0.00073150 0.99999962 -0.00047464 0.00103826 0.00047540 0.99999935
0.99999910 -0.00025024 -0.00131759 0.00024954 0.99999983 -0.00053065 0.00131772 0.00053032 0.99999899
0.99999825 -0.00109170 -0.00152058 0.00109049 0.99999909 -0.00079883 0.00152145 0.00079717 0.99999852
0.99999869 -0.00122216 -0.00106171 0.00122292 0.99999899 0.00072141 0.00106082 -0.00072271 0.99999918
0.99999825 0.00107595 -0.00152802 -0.00107381 0.99999844 0.00140222 0.00152953 -0.00140058 0.99999785
0.99999873 0.00110852 -0.00114112 -0.00110726 0.99999878 0.00110020 0.00114234 -0.00109894 0.99999874
0.99999819 0.00137426 -0.00131718 -0.00137610 0.99999807 -0.00139887 0.00131525 0.00140068 0.99999815
0.99999922 -0.00002817 -0.00124832 0.00002721 0.99999971 -0.00076628 0.00124834 0.00076625 0.99999893
0.99999922 -0.00030710 -0.00121271 0.00030735 0.99999993 0.00020751 0.00121264 -0.00020788 0.99999924
0.99999900 0.00114269 -0.00083105 -0.00114258 0.99999934 0.00014042 0.00083121 -0.00013947 0.99999964
0.99999871 0.00156841 0.00033891 -0.00156784 0.99999737 -0.00167362 -0.00034153 0.00167308 0.99999854
0.99999911 0.00130952 -0.00027046 -0.00131002 0.99999743 -0.00185208 0.00026803 0.00185243 0.99999825
0.99999957 0.00075877 -0.00053965 -0.00075904 0.99999959 -0.00050048 0.00053927 0.00050089 0.99999973
0.99999993 0.00000024 0.00037202 -0.00000029 0.99999999 0.00015202 -0.00037202 -0.00015202 0.99999992
0.99999961 -0.00085869 -0.00021324 0.00085870 0.99999963 0.00008354 0.00021317 -0.00008372 0.99999997
0.99999945 0.00030882 -0.00100170 -0.00030969 0.99999958 -0.00086221 0.00100143 0.00086252 0.99999913
0.99999979 0.00048206 -0.00044176 -0.00048186 0.99999978 0.00045424 0.00044198 -0.00045402 0.99999980
0.99999977 -0.00016920 -0.00065547 0.00016963 0.99999977 0.00065743 0.00065536 -0.00065754 0.99999957
0.99999964 0.00036662 -0.00076305 -0.00036783 0.99999868 -0.00158344 0.00076247 0.00158372 0.99999846
0.99999952 0.00062151 -0.00075145 -0.00062260 0.99999876 -0.00144582 0.00075055 0.00144629 0.99999867
0.99999990 0.00030048 -0.00033276 -0.00030117 0.99999779 -0.00208129 0.00033213 0.00208139 0.99999778
0.99999998 -0.00007733 0.00020301 0.00007719 0.99999978 0.00065778 -0.00020306 -0.00065777 0.99999976
0.99999993 0.00029487 -0.00024746 -0.00029465 0.99999957 0.00087433 0.00024772 -0.00087426 0.99999959
0.99999982 0.00059106 0.00004084 -0.00059109 0.99999942 0.00090455 -0.00004031 -0.00090457 0.99999959
0.99999967 0.00079418 -0.00015369 -0.00079422 0.99999966 -0.00023191 0.00015350 0.00023203 0.99999996
0.99999977 -0.00044282 -0.00050627 0.00044271 0.99999988 -0.00021606 0.00050637 0.00021584 0.99999985
0.99999939 -0.00094430 -0.00057417 0.00094327 0.99999796 -0.00178873 0.00057586 0.00178819 0.99999824
0.99999926 -0.00115177 -0.00038954 0.00115174 0.99999933 -0.00009580 0.00038965 0.00009535 0.99999992
0.99999951 -0.00046932 -0.00087333 0.00047001 0.99999957 0.00079869 0.00087296 -0.00079910 0.99999930
0.99999918 -0.00084024 -0.00096746 0.00084051 0.99999961 0.00027366 0.00096723 -0.00027447 0.99999949
0.99999908 -0.00079186 -0.00109952 0.00079115 0.99999948 -0.00064645 0.00110003 0.00064558 0.99999919
0.99999920 -0.00033145 -0.00122010 0.00032949 0.99999865 -0.00161199 0.00122063 0.00161159 0.99999796
0.99999909 0.00001754 -0.00134675 -0.00001921 0.99999923 -0.00123754 0.00134672 0.00123757 0.99999833
0.99999912 0.00040052 -0.00126275 -0.00040074 0.99999990 -0.00017619 0.00126268 0.00017670 0.99999919
0.99999895 0.00131749 -0.00060350 -0.00131756 0.99999912 -0.00012593 0.00060333 0.00012672 0.99999981
0.99999956 0.00049712 -0.00079495 -0.00049840 0.99999859 -0.00160291 0.00079415 0.00160330 0.99999840
0.99999905 0.00057514 -0.00125036 -0.00057574 0.99999972 -0.00048706 0.00125008 0.00048777 0.99999910
0.99999854 0.00124820 -0.00116678 -0.00124638 0.99999801 0.00155576 0.00116871 -0.00155430 0.99999811
0.99999938 0.00071539 -0.00085838 -0.00071493 0.99999960 0.00053371 0.00085876 -0.00053309 0.99999949
0.99999945 0.00086003 -0.00060567 -0.00086021 0.99999959 -0.00029283 0.00060542 0.00029335 0.99999977
0.99999978 -0.00006457 -0.00065604 0.00006309 0.99999744 -0.00226160 0.00065619 0.00226156 0.99999723
0.99999999 -0.00004481 -0.00016064 0.00004465 0.99999954 -0.00096003 0.00016068 0.00096002 0.99999953
0.99999994 0.00011063 0.00034214 -0.00011062 0.99999999 -0.00004301 -0.00034214 0.00004297 0.99999994
0.99999983 0.00004384 0.00058207 -0.00004500 0.99999799 0.00200591 -0.00058198 -0.00200594 0.99999782
0.99999959 -0.00015422 0.00089601 0.00015355 0.99999970 0.00075592 -0.00089612 -0.00075578 0.99999931
0.99999931 -0.00070114 0.00094568 0.00070105 0.99999975 0.00009280 -0.00094575 -0.00009213 0.99999955
0.99999777 -0.00194680 0.00081387 0.00194690 0.99999810 -0.00012386 -0.00081363 0.00012545 0.99999966
0.99999949 -0.00101072 0.00007283 0.00101073 0.99999948 -0.00015813 -0.00007267 0.00015821 0.99999998
0.99999765 0.00213788 -0.00034919 -0.00213836 0.99999677 -0.00137361 0.00034626 0.00137436 0.99999900
0.99999824 0.00183071 -0.00041339 -0.00183144 0.99999674 -0.00177983 0.00041013 0.00178058 0.99999833
0.99999911 0.00098013 -0.00089970 -0.00098006 0.99999952 0.00007852 0.00089978 -0.00007764 0.99999959
0.99999921 0.00100220 -0.00075796 -0.00100212 0.99999949 0.00010659 0.00075807 -0.00010583 0.99999971
0.99999959 0.00071175 -0.00056230 -0.00071196 0.99999968 -0.00036289 0.00056204 0.00036329 0.99999978
0.99999884 -0.00132266 -0.00074965 0.00132193 0.99999865 -0.00097540 0.00075094 0.00097440 0.99999924
0.99999753 0.00212352 -0.00065324 -0.00212295 0.99999737 0.00086857 0.00065508 -0.00086718 0.99999941
0.99999937 0.00108038 0.00030828 -0.00108013 0.99999910 -0.00079274 -0.00030914 0.00079240 0.99999964
0.99999967 0.00065519 0.00047980 -0.00065425 0.99999786 -0.00196228 -0.00048108 0.00196197 0.99999796
0.99999999 0.00005824 0.00009999 -0.00005827 0.99999995 0.00029564 -0.00009998 -0.00029564 0.99999995
0.99999960 0.00048082 0.00075418 -0.00048167 0.99999924 0.00113370 -0.00075363 -0.00113406 0.99999907
0.99999925 0.00106209 0.00060929 -0.00106210 0.99999944 0.00001137 -0.00060928 -0.00001202 0.99999981
0.99999898 0.00109629 0.00091543 -0.00109587 0.99999929 -0.00046830 -0.00091595 0.00046729 0.99999947
0.99999961 -0.00062662 0.00062960 0.00062787 0.99999781 -0.00199488 -0.00062834 0.00199528 0.99999781
0.99999903 -0.00133409 0.00041158 0.00133409 0.99999911 0.00000480 -0.00041159 -0.00000425 0.99999992
0.99999976 0.00037073 0.00058251 -0.00037073 0.99999993 -0.00000246 -0.00058251 0.00000225 0.99999983
0.99999970 0.00045109 0.00062924 -0.00044994 0.99999824 -0.00181998 -0.00063006 0.00181970 0.99999815
0.99999973 -0.00026417 0.00068912 0.00026203 0.99999514 0.00310517 -0.00068994 -0.00310498 0.99999494
0.99999796 -0.00197659 0.00041831 0.00197625 0.99999771 0.00082708 -0.00041994 -0.00082625 0.99999957
0.99999934 0.00112340 0.00023629 -0.00112302 0.99999812 -0.00158044 -0.00023807 0.00158018 0.99999872
0.99999904 0.00132487 0.00041090 -0.00132482 0.99999911 -0.00014148 -0.00041109 0.00014094 0.99999991
0.99999974 0.00056780 0.00045151 -0.00056832 0.99999917 0.00116016 -0.00045086 -0.00116041 0.99999923
0.99999826 0.00186330 0.00009367 -0.00186306 0.99999525 -0.00245342 -0.00009824 0.00245324 0.99999699
0.99999918 0.00127482 0.00013480 -0.00127434 0.99999307 -0.00349894 -0.00013926 0.00349877 0.99999387
0.99999982 0.00057330 0.00019518 -0.00057314 0.99999947 -0.00086019 -0.00019567 0.00086008 0.99999961
0.99999992 0.00023626 0.00030778 -0.00023655 0.99999951 0.00095666 -0.00030756 -0.00095673 0.99999950
0.99999973 -0.00073389 0.00003131 0.00073385 0.99999878 0.00137990 -0.00003232 -0.00137987 0.99999905
0.99999948 -0.00097761 0.00028761 0.00097755 0.99999950 0.00023276 -0.00028783 -0.00023248 0.99999993
0.99999980 -0.00061952 0.00015647 0.00061961 0.99999963 -0.00059218 -0.00015610 0.00059228 0.99999981
0.99999953 0.00088713 0.00038135 -0.00088668 0.99999892 -0.00117288 -0.00038239 0.00117254 0.99999924
0.99999983 -0.00007180 0.00057863 0.00007232 0.99999959 -0.00090703 -0.00057857 0.00090707 0.99999942
0.99999952 -0.00092146 0.00033428 0.00092169 0.99999933 -0.00069763 -0.00033364 0.00069794 0.99999970
0.99999968 -0.00079902 -0.00002621 0.00079902 0.99999966 -0.00021653 0.00002638 0.00021651 0.99999998
0.99999943 -0.00104467 -0.00020366 0.00104472 0.99999942 0.00025754 0.00020339 -0.00025776 0.99999995
0.99999962 -0.00087110 -0.00004789 0.00087113 0.99999936 0.00072646 0.00004726 -0.00072650 0.99999973
0.99999996 -0.00013889 -0.00024653 0.00013881 0.99999993 -0.00033866 0.00024658 0.00033863 0.99999991
0.99999998 -0.00013538 -0.00010857 0.00013517 0.99999821 -0.00188641 0.00010883 0.00188640 0.99999821
0.99999995 0.00027582 -0.00013540 -0.00027585 0.99999994 -0.00020705 0.00013534 0.00020709 0.99999997
0.99999999 0.00015353 -0.00006441 -0.00015344 0.99999904 0.00137357 0.00006462 -0.00137356 0.99999905
0.99999995 0.00011401 0.00029667 -0.00011406 0.99999998 0.00014083 -0.00029665 -0.00014086 0.99999995
0.99999991 -0.00021815 0.00036674 0.00021832 0.99999987 -0.00045064 -0.00036664 0.00045072 0.99999983
0.99999972 -0.00067473 0.00031353 0.00067508 0.99999914 -0.00112077 -0.00031278 0.00112098 0.99999932
0.99999986 -0.00028560 0.00045406 0.00028548 0.99999993 0.00024885 -0.00045413 -0.00024872 0.99999987
0.99999986 -0.00002493 0.00053293 0.00002450 0.99999968 0.00079722 -0.00053295 -0.00079721 0.99999954
0.99999967 0.00072340 0.00037201 -0.00072322 0.99999963 -0.00046612 -0.00037235 0.00046585 0.99999982
0.99999995 0.00009015 0.00031637 -0.00008972 0.99999907 -0.00136127 -0.00031650 0.00136124 0.99999902
0.99999992 -0.00036113 0.00014540 0.00036120 0.99999981 -0.00049254 -0.00014522 0.00049259 0.99999987
0.99999735 -0.00222999 -0.00057231 0.00223029 0.99999737 0.00053669 0.00057112 -0.00053797 0.99999969
0.99999989 -0.00039829 -0.00025564 0.00039854 0.99999942 0.00099718 0.00025524 -0.00099729 0.99999947
0.99999938 -0.00105318 -0.00035395 0.00105291 0.99999915 -0.00076675 0.00035475 0.00076638 0.99999964
0.99999975 -0.00049184 -0.00050624 0.00049114 0.99999894 -0.00137019 0.00050691 0.00136994 0.99999893
0.99999938 -0.00097447 -0.00054708 0.00097406 0.99999925 -0.00074660 0.00054781 0.00074607 0.99999957
0.99999985 -0.00048548 -0.00027024 0.00048579 0.99999925 0.00112508 0.00026969 -0.00112521 0.99999933
0.99999991 0.00038181 -0.00018411 -0.00038142 0.99999766 0.00212857 0.00018492 -0.00212850 0.99999772
0.99999943 0.00051857 -0.00092871 -0.00051654 0.99999750 0.00217728 0.00092984 -0.00217680 0.99999720
0.99999982 0.00004994 -0.00059701 -0.00005001 0.99999999 -0.00010652 0.00059701 0.00010655 0.99999982
0.99999959 -0.00000780 -0.00090587 0.00000593 0.99999786 -0.00206991 0.00090589 0.00206991 0.99999745
0.99999852 -0.00122493 -0.00120745 0.00122314 0.99999816 -0.00147965 0.00120927 0.00147817 0.99999818
0.99999913 -0.00090166 -0.00096585 0.00090233 0.99999935 0.00069036 0.00096523 -0.00069123 0.99999930
0.99999789 -0.00158435 -0.00130888 0.00158472 0.99999871 0.00027999 0.00130844 -0.00028206 0.99999910
0.99999865 0.00004366 -0.00163995 -0.00004422 0.99999994 -0.00033616 0.00163993 0.00033623 0.99999860
0.99999908 -0.00038092 -0.00130107 0.00037874 0.99999853 -0.00167507 0.00130170 0.00167458 0.99999775
0.99999732 0.00194451 -0.00125936 -0.00194374 0.99999792 0.00061440 0.00126055 -0.00061195 0.99999902
0.99999884 0.00027160 -0.00149971 -0.00027077 0.99999981 0.00055877 0.00149986 -0.00055836 0.99999872
0.99999935 -0.00025570 -0.00111483 0.00025486 0.99999968 -0.00075358 0.00111502 0.00075329 0.99999909
0.99999893 -0.00001339 -0.00145942 0.00001159 0.99999924 -0.00122939 0.00145944 0.00122937 0.99999818
0.99999933 0.00009541 -0.00115537 -0.00009460 0.99999975 0.00070483 0.00115543 -0.00070472 0.99999908
0.99999888 -0.00050806 -0.00140519 0.00050829 0.99999986 0.00016342 0.00140511 -0.00016413 0.99999900
0.99999912 0.00034986 -0.00128318 -0.00034774 0.99999857 0.00165430 0.00128376 -0.00165385 0.99999781
0.99999919 0.00017536 -0.00126229 -0.00017414 0.99999952 0.00096268 0.00126246 -0.00096246 0.99999874
0.99999886 -0.00077778 -0.00129587 0.00077523 0.99999776 -0.00196817 0.00129740 0.00196716 0.99999722
0.99999810 0.00062144 -0.00184820 -0.00062628 0.99999638 -0.00261770 0.00184656 0.00261886 0.99999487
0.99999901 -0.00059626 -0.00127545 0.00059662 0.99999978 0.00028162 0.00127528 -0.00028238 0.99999915
0.99999878 0.00056584 -0.00145703 -0.00056585 0.99999984 -0.00000624 0.00145702 0.00000707 0.99999894
0.99999826 0.00092001 -0.00162250 -0.00091966 0.99999955 0.00021104 0.00162269 -0.00020955 0.99999866
0.99999809 0.00118214 -0.00155956 -0.00117742 0.99999473 0.00302658 0.00156313 -0.00302473 0.99999420
0.99999897 0.00071664 -0.00124754 -0.00071595 0.99999959 0.00055182 0.00124794 -0.00055093 0.99999907
0.99999899 0.00005304 -0.00142309 -0.00005453 0.99999945 -0.00105034 0.00142303 0.00105042 0.99999844
0.99999897 0.00055488 -0.00132438 -0.00055453 0.99999981 0.00026207 0.00132453 -0.00026134 0.99999909
0.99999858 -0.00130746 -0.00106257 0.00130918 0.99999784 0.00161259 0.00106046 -0.00161398 0.99999814
0.99999943 -0.00090276 -0.00057389 0.00090196 0.99999863 -0.00139101 0.00057515 0.00139049 0.99999887
0.99999952 0.00096024 -0.00019296 -0.00096094 0.99999278 -0.00367709 0.00018943 0.00367728 0.99999322
0.99999871 0.00145203 0.00069162 -0.00145096 0.99999776 -0.00153885 -0.00069386 0.00153784 0.99999858
0.99999977 0.00046095 0.00050291 -0.00046195 0.99999794 0.00197685 -0.00050199 -0.00197708 0.99999792
0.99999955 -0.00064109 0.00070416 0.00064032 0.99999920 0.00109183 -0.00070486 -0.00109138 0.99999916
0.99999959 -0.00079550 0.00043991 0.00079557 0.99999967 -0.00017083 -0.00043977 0.00017118 0.99999989
0.99999908 -0.00132794 0.00026039 0.00132802 0.99999908 -0.00029193 -0.00026000 0.00029227 0.99999992
0.99999842 -0.00177558 0.00005847 0.00177566 0.99999749 -0.00136955 -0.00005604 0.00136965 0.99999906
0.99999908 -0.00123285 -0.00057350 0.00123296 0.99999922 0.00018866 0.00057327 -0.00018937 0.99999982
0.99999962 -0.00047649 -0.00072498 0.00047697 0.99999967 0.00065644 0.00072466 -0.00065678 0.99999952
0.99999905 0.00121450 -0.00065617 -0.00121413 0.99999911 0.00055489 0.00065684 -0.00055409 0.99999963
0.99999900 -0.00016644 -0.00140331 0.00016824 0.99999917 0.00127729 0.00140310 -0.00127753 0.99999820
0.99999760 0.00108207 -0.00190251 -0.00108157 0.99999938 0.00026556 0.00190280 -0.00026351 0.99999815
0.99999886 -0.00017796 -0.00150087 0.00017478 0.99999773 -0.00212221 0.00150125 0.00212194 0.99999662
0.99999823 0.00060062 -0.00178464 -0.00060443 0.99999755 -0.00213140 0.00178336 0.00213248 0.99999614
0.99999792 0.00102916 -0.00176215 -0.00102814 0.99999930 0.00057920 0.00176275 -0.00057739 0.99999828
0.99999901 0.00003981 -0.00140415 -0.00003757 0.99999872 0.00159684 0.00140422 -0.00159679 0.99999774
0.99999821 0.00074795 -0.00173707 -0.00074695 0.99999956 0.00057541 0.00173750 -0.00057411 0.99999833
0.99999858 -0.00043342 -0.00162858 0.00043192 0.99999949 -0.00091794 0.00162898 0.00091723 0.99999825
0.99999847 0.00007430 -0.00174775 -0.00007481 0.99999995 -0.00029584 0.00174773 0.00029597 0.99999843
0.99999888 0.00006429 -0.00149207 -0.00006271 0.99999943 0.00106279 0.00149214 -0.00106270 0.99999832
0.99999867 -0.00048790 -0.00155581 0.00048871 0.99999974 0.00052180 0.00155556 -0.00052256 0.99999865
0.99999816 -0.00103886 -0.00161029 0.00103692 0.99999874 -0.00120566 0.00161154 0.00120399 0.99999798
0.99999790 -0.00127780 -0.00160528 0.00127690 0.99999903 -0.00056091 0.00160599 0.00055886 0.99999855
0.99999838 0.00054950 -0.00171374 -0.00054921 0.99999983 0.00016880 0.00171384 -0.00016786 0.99999852
0.99999900 -0.00042649 -0.00134941 0.00042512 0.99999939 -0.00101515 0.00134984 0.00101458 0.99999857
0.99999805 0.00089674 -0.00176226 -0.00089692 0.99999959 -0.00010061 0.00176216 0.00010219 0.99999844
0.99999915 0.00062827 -0.00114577 -0.00062926 0.99999943 -0.00086188 0.00114522 0.00086260 0.99999897
0.99999928 0.00076471 -0.00092914 -0.00076524 0.99999955 -0.00056816 0.00092871 0.00056887 0.99999941
0.99999978 -0.00006822 -0.00066019 0.00006877 0.99999964 0.00084503 0.00066013 -0.00084507 0.99999943
0.99999917 -0.00058990 -0.00114152 0.00059179 0.99999846 0.00165245 0.00114055 -0.00165313 0.99999798
0.99999853 -0.00166013 -0.00042214 0.00166001 0.99999858 -0.00028057 0.00042260 0.00027987 0.99999987
0.99999973 -0.00073305 -0.00002564 0.00073302 0.99999925 -0.00098560 0.00002636 0.00098558 0.99999951
0.99999983 -0.00057181 0.00006782 0.00057186 0.99999961 -0.00067845 -0.00006743 0.00067849 0.99999977
0.99999982 -0.00058834 0.00009932 0.00058823 0.99999924 0.00108551 -0.00009995 -0.00108545 0.99999941
0.99999999 -0.00016746 -0.00000334 0.00016746 0.99999813 0.00192426 0.00000302 -0.00192426 0.99999815
1.00000000 -0.00000282 -0.00000104 0.00000283 0.99999907 0.00136504 0.00000104 -0.00136504 0.99999907
0.99999989 0.00042680 -0.00019237 -0.00042698 0.99999947 -0.00093809 0.00019197 0.00093817 0.99999954
0.99999993 0.00007435 -0.00036672 -0.00007492 0.99999880 -0.00154736 0.00036660 0.00154738 0.99999874
0.99999983 -0.00043495 -0.00039250 0.00043487 0.99999989 -0.00019813 0.00039258 0.00019796 0.99999990
0.99999976 0.00025498 -0.00064364 -0.00025462 0.99999982 0.00054472 0.00064378 -0.00054456 0.99999964
0.99999968 0.00004679 -0.00080165 -0.00004619 0.99999972 0.00074880 0.00080169 -0.00074876 0.99999940
0.99999974 -0.00039885 -0.00060333 0.00039858 0.99999982 -0.00044027 0.00060351 0.00044003 0.99999972
0.99999886 -0.00086117 -0.00123746 0.00086032 0.99999939 -0.00068548 0.00123805 0.00068441 0.99999900
0.99999976 -0.00004610 -0.00069619 0.00004579 0.99999990 -0.00044337 0.00069621 0.00044334 0.99999966
0.99999950 0.00044106 -0.00090222 -0.00044188 0.99999949 -0.00090691 0.00090182 0.00090731 0.99999918
0.99999948 -0.00052888 -0.00087371 0.00052905 0.99999984 0.00019395 0.00087361 -0.00019442 0.99999960
0.99999879 -0.00120813 -0.00097774 0.00120863 0.99999914 0.00051151 0.00097712 -0.00051269 0.99999939
0.99999949 0.00023151 -0.00098700 -0.00023064 0.99999958 0.00088140 0.00098720 -0.00088117 0.99999912
0.99999898 0.00136572 -0.00041597 -0.00136549 0.99999891 0.00055640 0.00041673 -0.00055584 0.99999976
0.99999907 0.00136527 0.00006766 -0.00136518 0.99999821 -0.00130968 -0.00006945 0.00130958 0.99999914
0.99999908 0.00135041 -0.00009080 -0.00135050 0.99999862 -0.00096773 0.00008949 0.00096785 0.99999953
1.00000000 0.00007253 -0.00002528 -0.00007248 0.99999842 0.00177652 0.00002541 -0.00177652 0.99999842
0.99999981 -0.00059459 -0.00018472 0.00059450 0.99999971 -0.00046825 0.00018500 0.00046814 0.99999987
0.99999960 -0.00088784 0.00008735 0.00088795 0.99999874 -0.00131874 -0.00008618 0.00131882 0.99999913
0.99999893 0.00141630 -0.00036365 -0.00141634 0.99999899 -0.00011862 0.00036349 0.00011914 0.99999993
0.99999834 0.00177562 0.00040237 -0.00177613 0.99999761 0.00127409 -0.00040011 -0.00127480 0.99999911
0.99999957 0.00077684 0.00049769 -0.00077481 0.99999139 -0.00407718 -0.00050085 0.00407679 0.99999156
0.99999835 -0.00178272 -0.00035623 0.00178249 0.99999819 -0.00066283 0.00035741 0.00066219 0.99999972
0.99999854 -0.00168923 -0.00025790 0.00168931 0.99999852 0.00032115 0.00025736 -0.00032158 0.99999992
0.99999989 0.00045617 -0.00006682 -0.00045599 0.99999609 0.00276001 0.00006808 -0.00275998 0.99999619
0.99999767 0.00215068 -0.00020808 -0.00215069 0.99999768 -0.00008948 0.00020789 0.00008993 0.99999997
0.99999736 0.00228757 0.00019574 -0.00228771 0.99999713 0.00070930 -0.00019411 -0.00070975 0.99999973
0.99999782 0.00208251 0.00015444 -0.00208253 0.99999783 0.00007266 -0.00015429 -0.00007298 0.99999999
0.99999941 0.00107712 0.00015831 -0.00107702 0.99999925 -0.00058622 -0.00015894 0.00058605 0.99999982
1.00000000 -0.00003398 -0.00004978 0.00003389 0.99999853 -0.00171714 0.00004984 0.00171714 0.99999852
0.99999994 0.00019301 -0.00028664 -0.00019301 0.99999998 0.00001796 0.00028664 -0.00001790 0.99999996
0.99999966 -0.00080812 -0.00017846 0.00080819 0.99999961 0.00034576 0.00017818 -0.00034590 0.99999992
0.99999928 0.00114947 -0.00035437 -0.00114937 0.99999930 0.00029812 0.00035471 -0.00029772 0.99999989
0.99999917 0.00128218 -0.00010599 -0.00128220 0.99999917 -0.00011428 0.00010584 0.00011441 0.99999999
0.99999927 0.00109524 -0.00051038 -0.00109533 0.99999938 -0.00018720 0.00051017 0.00018776 0.99999985
0.99999967 -0.00013334 -0.00080651 0.00013335 0.99999999 0.00001419 0.00080651 -0.00001430 0.99999967
0.99999963 -0.00040958 -0.00076271 0.00040894 0.99999956 -0.00084985 0.00076306 0.00084954 0.99999935
0.99999801 -0.00133395 -0.00148072 0.00133051 0.99999642 -0.00232297 0.00148381 0.00232099 0.99999621
0.99999674 -0.00133391 -0.00217751 0.00133279 0.99999898 -0.00051682 0.00217820 0.00051391 0.99999750
0.99999549 -0.00151607 -0.00259444 0.00151942 0.99999802 0.00128797 0.00259248 -0.00129190 0.99999581
0.99999468 -0.00040933 -0.00323652 0.00041037 0.99999986 0.00032066 0.00323638 -0.00032198 0.99999471
0.99999304 0.00018772 -0.00372751 -0.00018838 0.99999997 -0.00017796 0.00372747 0.00017866 0.99999304
0.99999145 0.00106297 -0.00399563 -0.00106219 0.99999942 0.00019802 0.00399583 -0.00019377 0.99999200
0.99998903 0.00056598 -0.00464979 -0.00056772 0.99999977 -0.00037214 0.00464958 0.00037478 0.99998912
0.99998714 0.00101451 -0.00496921 -0.00101329 0.99999946 0.00024880 0.00496946 -0.00024376 0.99998762
0.99998731 0.00013300 -0.00503588 -0.00013146 0.99999994 0.00030613 0.00503592 -0.00030546 0.99998727
0.99998950 0.00096084 -0.00448170 -0.00095582 0.99999891 0.00112342 0.00448278 -0.00111913 0.99998933
0.99999244 0.00047675 -0.00386024 -0.00048440 0.99999792 -0.00198201 0.00385928 0.00198386 0.99999059
0.99999371 0.00127736 -0.00330779 -0.00129039 0.99999142 -0.00393750 0.00330273 0.00394174 0.99998678
0.99999759 0.00084862 -0.00202365 -0.00085557 0.99999373 -0.00343683 0.00202072 0.00343856 0.99999205
0.99999697 0.00012524 -0.00245977 -0.00012656 0.99999985 -0.00053687 0.00245970 0.00053718 0.99999683
0.99999735 0.00019592 -0.00229463 -0.00019625 0.99999997 -0.00014102 0.00229460 0.00014147 0.99999736
0.99999506 -0.00285828 -0.00130766 0.00285804 0.99999590 -0.00018671 0.00130819 0.00018298 0.99999913
0.99999810 -0.00151444 -0.00122841 0.00151425 0.99999884 -0.00015354 0.00122865 0.00015168 0.99999923
0.99999977 -0.00028789 -0.00061983 0.00029008 0.99999372 0.00353200 0.00061881 -0.00353218 0.99999357
0.99999992 0.00033608 -0.00020917 -0.00033617 0.99999985 -0.00043601 0.00020902 0.00043609 0.99999988
0.99999870 0.00077524 0.00141199 -0.00077153 0.99999626 -0.00262573 -0.00141402 0.00262464 0.99999556
0.99998895 0.00387359 0.00266325 -0.00386714 0.99998959 -0.00242301 -0.00267261 0.00241269 0.99999352
0.99998823 0.00272192 0.00401558 -0.00271950 0.99999612 -0.00060809 -0.00401722 0.00059716 0.99999175
0.99998511 0.00196591 0.00509157 -0.00196332 0.99999794 -0.00051371 -0.00509257 0.00050370 0.99998691
0.99998020 -0.00166105 0.00606963 0.00167617 0.99999551 -0.00248588 -0.00606548 0.00249601 0.99997849
0.99997809 0.00088438 0.00656027 -0.00087354 0.99999825 -0.00165405 -0.00656172 0.00164828 0.99997711
0.99997901 -0.00086651 0.00642097 0.00087588 0.99999856 -0.00145607 -0.00641970 0.00146166 0.99997833
0.99998079 -0.00126138 0.00606875 0.00126120 0.99999920 0.00003382 -0.00606878 -0.00002617 0.99998158
0.99998294 -0.00066388 0.00580301 0.00065657 0.99999899 0.00126125 -0.00580385 -0.00125741 0.99998237
0.99997962 -0.00297106 0.00565163 0.00297474 0.99999537 -0.00064371 -0.00564970 0.00066051 0.99998382
0.99998264 -0.00222244 0.00545770 0.00222673 0.99999722 -0.00077882 -0.00545595 0.00079096 0.99998480
0.99998520 -0.00235184 0.00490589 0.00235928 0.99999608 -0.00151005 -0.00490232 0.00152160 0.99998683
0.99998873 -0.00148079 0.00451187 0.00148675 0.99999803 -0.00131835 -0.00450991 0.00132504 0.99998895
0.99998770 -0.00217412 0.00445802 0.00217280 0.99999759 0.00030175 -0.00445866 -0.00029206 0.99999002
0.99999104 -0.00019179 0.00422959 0.00018607 0.99999907 0.00135281 -0.00422984 -0.00135201 0.99999014
0.99998577 -0.00314651 0.00430740 0.00314675 0.99999505 -0.00004860 -0.00430723 0.00006215 0.99999072
0.99999053 -0.00114489 0.00419914 0.00115093 0.99999831 -0.00143614 -0.00419749 0.00144096 0.99999015
0.99999143 -0.00107253 0.00399923 0.00108137 0.99999698 -0.00220882 -0.00399685 0.00221312 0.99998956
0.99999131 -0.00223139 0.00352243 0.00223589 0.99999669 -0.00127394 -0.00351957 0.00128181 0.99999298
0.99999391 -0.00161788 0.00309311 0.00161239 0.99999712 0.00177781 -0.00309597 -0.00177281 0.99999364
0.99999621 -0.00005377 0.00275240 0.00005403 0.99999999 -0.00009586 -0.00275239 0.00009601 0.99999621
0.99999397 -0.00155486 0.00310603 0.00155839 0.99999814 -0.00113537 -0.00310426 0.00114020 0.99999453
0.99999706 0.00023941 0.00241363 -0.00023525 0.99999848 -0.00172586 -0.00241404 0.00172529 0.99999560
0.99999586 -0.00203476 0.00203589 0.00203233 0.99999722 0.00119721 -0.00203832 -0.00119306 0.99999721
0.99999629 -0.00163579 0.00217925 0.00163493 0.99999859 0.00039565 -0.00217990 -0.00039208 0.99999755
0.99999712 -0.00010166 0.00239897 0.00010359 0.99999967 -0.00080405 -0.00239889 0.00080430 0.99999680
0.99999609 0.00132420 0.00246169 -0.00131632 0.99999401 -0.00320184 -0.00246592 0.00319859 0.99999184
0.99999477 0.00195845 0.00257319 -0.00195730 0.99999798 -0.00045049 -0.00257407 0.00044545 0.99999659
0.99999591 0.00175060 0.00226135 -0.00175469 0.99999682 0.00181018 -0.00225818 -0.00181414 0.99999580
0.99999563 0.00155423 0.00251422 -0.00155610 0.99999851 0.00074109 -0.00251306 -0.00074500 0.99999656
0.99999728 -0.00007645 0.00232937 0.00007568 0.99999994 0.00032913 -0.00232940 -0.00032896 0.99999723
0.99999757 -0.00111173 0.00190191 0.00111395 0.99999870 -0.00116686 -0.00190061 0.00116898 0.99999751
0.99999855 -0.00121299 0.00119461 0.00121459 0.99999836 -0.00134323 -0.00119298 0.00134468 0.99999838
0.99999879 -0.00040678 0.00150318 0.00040815 0.99999950 -0.00091371 -0.00150280 0.00091432 0.99999845
0.99999879 0.00037395 0.00150799 -0.00037469 0.99999981 0.00049204 -0.00150780 -0.00049260 0.99999874
0.99999802 0.00157284 0.00121625 -0.00157393 0.99999837 0.00088971 -0.00121485 -0.00089162 0.99999886
0.99999842 0.00125814 0.00125576 -0.00125969 0.99999845 0.00122814 -0.00125422 -0.00122972 0.99999846
0.99999917 -0.00013328 0.00128229 0.00013317 0.99999999 0.00009086 -0.00128230 -0.00009069 0.99999917
0.99999856 -0.00109060 0.00130356 0.00109296 0.99999775 -0.00181601 -0.00130157 0.00181744 0.99999750
0.99999863 -0.00151875 0.00066101 0.00152055 0.99999510 -0.00273738 -0.00065685 0.00273838 0.99999603
0.99999967 0.00003907 0.00081437 -0.00003692 0.99999651 -0.00264112 -0.00081447 0.00264109 0.99999618
0.99999868 0.00102220 0.00126383 -0.00102012 0.99999813 -0.00164299 -0.00126551 0.00164170 0.99999785
0.99999848 0.00135457 0.00109536 -0.00135365 0.99999874 -0.00083515 -0.00109649 0.00083366 0.99999905
0.99999900 0.00027329 0.00138653 -0.00027251 0.99999980 -0.00056505 -0.00138668 0.00056467 0.99999888
0.99999954 -0.00026306 0.00092264 0.00026312 0.99999996 -0.00005944 -0.00092262 0.00005968 0.99999957
0.99999940 -0.00044910 0.00100397 0.00044988 0.99999960 -0.00077616 -0.00100362 0.00077661 0.99999919
0.99999878 0.00120285 0.00100126 -0.00119965 0.99999420 -0.00318841 -0.00100509 0.00318721 0.99999442
0.99999585 0.00233078 0.00169114 -0.00232794 0.99999588 -0.00167831 -0.00169505 0.00167436 0.99999716
0.99999635 0.00183037 0.00198511 -0.00182891 0.99999806 -0.00073483 -0.00198645 0.00073120 0.99999776
0.99999539 0.00224159 0.00204624 -0.00223787 0.99999584 -0.00181845 -0.00205030 0.00181386 0.99999625
0.99999267 0.00300026 0.00237771 -0.00299569 0.99999367 -0.00192206 -0.00238346 0.00191492 0.99999533
0.99998054 0.00559364 0.00276111 -0.00559763 0.99998330 0.00143944 -0.00275301 -0.00145487 0.99999515
0.99994184 0.01035747 0.00300634 -0.01038734 0.99989507 0.01009757 -0.00290144 -0.01012821 0.99994450
0.99997211 0.00590570 0.00457168 -0.00596916 0.99988427 0.01399338 -0.00448851 -0.01402028 0.99989164
0.99996433 0.00761060 0.00366323 -0.00763825 0.99994198 0.00759586 -0.00360521 -0.00762357 0.99996444
0.99999044 -0.00277965 0.00337530 0.00278632 0.99999417 -0.00197494 -0.00336979 0.00198432 0.99999235
0.99995783 -0.00890926 0.00222677 0.00892554 0.99993267 -0.00741535 -0.00216055 0.00743492 0.99997003
0.99998563 -0.00472056 0.00253900 0.00474753 0.99993123 -0.01072320 -0.00248821 0.01073510 0.99993928
0.99999258 -0.00164504 0.00348299 0.00165984 0.99998959 -0.00424966 -0.00347596 0.00425541 0.99998490
0.99998919 0.00211822 0.00414006 -0.00212162 0.99999742 0.00081497 -0.00413832 -0.00082374 0.99999110
0.99998056 0.00289908 0.00551968 -0.00292245 0.99998678 0.00423132 -0.00550734 -0.00424737 0.99997581
0.99997163 0.00467527 0.00590655 -0.00468915 0.99998627 0.00233732 -0.00589554 -0.00236495 0.99997982
0.99997992 0.00188845 0.00604859 -0.00188497 0.99999805 -0.00058094 -0.00604968 0.00056952 0.99998154
0.99998234 0.00026792 0.00593730 -0.00026760 0.99999996 -0.00005519 -0.00593731 0.00005360 0.99998237
0.99997834 -0.00082853 0.00652977 0.00083310 0.99999941 -0.00069690 -0.00652919 0.00070233 0.99997844
0.99997679 -0.00045870 0.00679729 0.00047248 0.99999784 -0.00202610 -0.00679634 0.00202927 0.99997485
0.99997642 0.00053328 0.00684625 -0.00051991 0.99999795 -0.00195559 -0.00684728 0.00195198 0.99997465
0.99995528 0.00147300 0.00934136 -0.00147505 0.99999889 0.00021293 -0.00934104 -0.00022670 0.99995635
0.99994235 0.00210746 0.01052851 -0.00211631 0.99999742 0.00082952 -0.01052674 -0.00085175 0.99994423
0.99993481 0.00316401 0.01097145 -0.00317721 0.99999425 0.00118529 -0.01096764 -0.00122007 0.99993911
0.99993533 0.00264682 0.01106043 -0.00265529 0.99999619 0.00075138 -0.01105840 -0.00078070 0.99993855
0.99994502 0.00032334 0.01048062 -0.00030032 0.99999754 -0.00219778 -0.01048131 0.00219452 0.99994266
0.99994102 -0.00308763 0.01041224 0.00312263 0.99998952 -0.00334744 -0.01040180 0.00337976 0.99994019
0.99994718 -0.00397663 0.00947743 0.00399060 0.99999098 -0.00145541 -0.00947156 0.00149315 0.99995403
0.99995574 -0.00283904 0.00897007 0.00282884 0.99999534 0.00114950 -0.00897329 -0.00112408 0.99995911
0.99996062 -0.00066852 0.00884895 0.00065041 0.99999769 0.00204991 -0.00885030 -0.00204408 0.99995875
0.99995695 0.00272630 0.00886890 -0.00274896 0.99999299 0.00254411 -0.00886190 -0.00256838 0.99995743
0.99996074 0.00277270 0.00841559 -0.00279351 0.99999307 0.00246191 -0.00840870 -0.00248533 0.99996156
0.99997404 0.00104519 0.00712913 -0.00105707 0.99999806 0.00166319 -0.00712738 -0.00167068 0.99997320
