0.99998343 0.00085789 0.00569158 -0.00085884 0.99999962 0.00016359 -0.00569144 -0.00016847 0.99998379
0.99998044 0.00196238 0.00593812 -0.00196751 0.99999770 0.00085702 -0.00593642 -0.00086868 0.99998200
0.99997727 0.00050393 0.00672296 -0.00049549 0.99999909 -0.00125676 -0.00672359 0.00125340 0.99997661
0.99999132 -0.00074530 0.00410046 0.00075093 0.99999878 -0.00137151 -0.00409943 0.00137458 0.99999065
0.99998560 0.00021373 0.00536240 -0.00019831 0.99999585 -0.00287547 -0.00536299 0.00287436 0.99998149
0.99998166 -0.00002844 0.00605608 0.00003727 0.99999894 -0.00145778 -0.00605603 0.00145798 0.99998060
0.99998464 -0.00184400 0.00522736 0.00185100 0.99999740 -0.00133549 -0.00522488 0.00134515 0.99998545
0.99998546 -0.00023917 0.00538760 0.00023768 0.99999993 0.00027768 -0.00538767 -0.00027639 0.99998545
0.99998854 -0.00264431 0.00399092 0.00265164 0.99999480 -0.00183395 -0.00398605 0.00184451 0.99999035
0.99998466 -0.00190906 0.00519937 0.00191771 0.99999678 -0.00165944 -0.00519618 0.00166939 0.99998511
0.99997539 0.00021081 0.00701268 -0.00019333 0.99999688 -0.00249239 -0.00701319 0.00249098 0.99997230
0.99998565 0.00297319 0.00445694 -0.00296397 0.99999346 -0.00207200 -0.00446307 0.00205876 0.99998792
0.99999015 0.00020455 0.00443435 -0.00020725 0.99999979 0.00060749 -0.00443423 -0.00060840 0.99998998
0.99997987 -0.00375756 0.00511294 0.00374894 0.99999154 0.00169567 -0.00511927 -0.00167647 0.99998549
0.99999171 0.00194068 0.00357949 -0.00193845 0.99999793 -0.00062592 -0.00358070 0.00061898 0.99999340
0.99999537 0.00269139 0.00142245 -0.00269020 0.99999603 -0.00083861 -0.00142470 0.00083478 0.99999864
0.99999343 0.00213155 0.00293362 -0.00212035 0.99999048 -0.00381471 -0.00294172 0.00380846 0.99998842
0.99998708 -0.00489614 0.00136759 0.00490016 0.99998363 -0.00295404 -0.00135311 0.00296070 0.99999470
0.99999703 -0.00114065 0.00215589 0.00115174 0.99998609 -0.00514657 -0.00214999 0.00514904 0.99998443
0.99999694 -0.00189021 0.00159612 0.00188664 0.99999572 0.00223497 -0.00160034 -0.00223195 0.99999623
0.99999297 -0.00317712 0.00198954 0.00317636 0.99999488 0.00038565 -0.00199076 -0.00037933 0.99999795
0.99999731 -0.00231806 0.00000460 0.00231806 0.99999723 0.00040099 -0.00000553 -0.00040097 0.99999992
0.99999151 -0.00400892 0.00095673 0.00400906 0.99999195 -0.00014651 -0.00095614 0.00015035 0.99999953
0.99999954 0.00092453 -0.00027173 -0.00092416 0.99999863 0.00137381 0.00027300 -0.00137356 0.99999902
0.99999896 0.00119650 -0.00080179 -0.00119516 0.99999790 0.00166550 0.00080378 -0.00166454 0.99999829
0.99999709 0.00226990 0.00081215 -0.00226943 0.99999726 -0.00057885 -0.00081347 0.00057700 0.99999950
0.99999693 -0.00062499 -0.00239738 0.00062416 0.99999974 -0.00034791 0.00239760 0.00034641 0.99999707
0.99999974 -0.00022998 -0.00069050 0.00022894 0.99999883 -0.00151538 0.00069085 0.00151523 0.99999861
0.99999840 -0.00168818 0.00059736 0.00168751 0.99999795 0.00111560 -0.00059924 -0.00111459 0.99999920
0.99999887 -0.00097599 0.00114507 0.00097466 0.99999885 0.00116423 -0.00114620 -0.00116311 0.99999867
0.99999890 0.00148291 0.00006489 -0.00148306 0.99999581 0.00248482 -0.00006120 -0.00248491 0.99999691
0.99999789 0.00205036 -0.00011305 -0.00205030 0.99999778 0.00048619 0.00011405 -0.00048596 0.99999988
0.99999968 0.00050933 0.00061322 -0.00050849 0.99999894 -0.00136741 -0.00061392 0.00136710 0.99999888
0.99999831 0.00167193 0.00076770 -0.00167007 0.99999567 -0.00242293 -0.00077175 0.00242164 0.99999677
0.99999747 0.00214398 0.00067631 -0.00214136 0.99999031 -0.00384618 -0.00068455 0.00384472 0.99999237
0.99999715 0.00238623 0.00003960 -0.00238624 0.99999714 0.00016632 -0.00003921 -0.00016641 0.99999999
0.99999984 -0.00001439 0.00055824 0.00001452 0.99999997 -0.00022576 -0.00055824 0.00022577 0.99999982
0.99999254 -0.00384346 0.00038185 0.00384180 0.99998357 0.00425540 -0.00039820 -0.00425390 0.99999087
0.99999619 -0.00247904 -0.00121332 0.00248165 0.99999460 0.00215408 0.00120797 -0.00215709 0.99999694
0.99999520 -0.00302537 0.00067206 0.00302480 0.99999506 0.00085499 -0.00067464 -0.00085295 0.99999941
0.99999437 -0.00324990 -0.00083307 0.00324936 0.99999451 -0.00065260 0.00083519 0.00064989 0.99999944
0.99999965 -0.00080558 -0.00021335 0.00080476 0.99999242 -0.00381047 0.00021642 0.00381030 0.99999272
0.99999699 -0.00239567 0.00052336 0.00239706 0.99999356 -0.00267237 -0.00051696 0.00267362 0.99999629
0.99999894 0.00077113 0.00123381 -0.00077101 0.99999970 -0.00009602 -0.00123388 0.00009507 0.99999923
0.99999484 0.00111298 0.00301337 -0.00111526 0.99999909 0.00075682 -0.00301252 -0.00076018 0.99999517
0.99999670 0.00254768 -0.00034293 -0.00254702 0.99999493 0.00191288 0.00034780 -0.00191200 0.99999811
0.99999313 0.00311492 0.00200949 -0.00311052 0.99999277 -0.00218764 -0.00201629 0.00218137 0.99999559
0.99999588 -0.00051839 0.00282350 0.00052383 0.99999801 -0.00192605 -0.00282250 0.00192752 0.99999416
0.99999977 0.00051406 0.00043991 -0.00051456 0.99999923 0.00112967 -0.00043933 -0.00112990 0.99999927
0.99999798 0.00061288 0.00191502 -0.00062090 0.99999104 0.00418776 -0.00191244 -0.00418894 0.99998940
0.99999832 -0.00051165 0.00175959 0.00051421 0.99999881 -0.00145469 -0.00175884 0.00145559 0.99999739
0.99999886 0.00085964 0.00124392 -0.00085831 0.99999905 -0.00107699 -0.00124485 0.00107593 0.99999865
0.99999843 -0.00074109 0.00160836 0.00074500 0.99999677 -0.00242986 -0.00160656 0.00243105 0.99999575
0.99999538 -0.00168151 0.00253315 0.00168474 0.99999777 -0.00127461 -0.00253100 0.00127888 0.99999598
0.99999609 -0.00191631 0.00203797 0.00191589 0.99999814 0.00020560 -0.00203836 -0.00020169 0.99999790
0.99999572 0.00221274 0.00191349 -0.00221051 0.99999688 -0.00116496 -0.00191606 0.00116073 0.99999749
0.99999027 0.00330735 0.00292060 -0.00330230 0.99999305 -0.00173221 -0.00292631 0.00172255 0.99999423
0.99998872 -0.00414803 0.00231372 0.00414988 0.99999107 -0.00079517 -0.00231041 0.00080476 0.99999701
0.99999396 -0.00328824 0.00112465 0.00328986 0.99999355 -0.00144347 -0.00111990 0.00144716 0.99999833
0.99999317 0.00204879 0.00307706 -0.00204593 0.99999747 -0.00093415 -0.00307896 0.00092785 0.99999483
0.99998619 0.00475574 0.00223547 -0.00475743 0.99998840 0.00075274 -0.00223187 -0.00076337 0.99999722
0.99999433 0.00036684 0.00334626 -0.00037162 0.99999891 0.00142900 -0.00334573 -0.00143023 0.99999338
0.99999780 0.00147403 0.00149261 -0.00147495 0.99999872 0.00061430 -0.00149170 -0.00061650 0.99999870
0.99999310 0.00057535 0.00366869 -0.00056663 0.99999701 -0.00237764 -0.00367004 0.00237555 0.99999044
0.99999191 0.00313671 0.00251919 -0.00312935 0.99999084 -0.00292131 -0.00252833 0.00291340 0.99999256
0.99998369 -0.00469097 0.00325710 0.00469032 0.99998898 0.00020756 -0.00325803 -0.00019228 0.99999467
0.99998798 -0.00286583 0.00397795 0.00286179 0.99999538 0.00102274 -0.00398086 -0.00101134 0.99999156
0.99999583 -0.00057911 0.00282877 0.00057315 0.99999762 0.00210563 -0.00282998 -0.00210400 0.99999378
0.99999485 -0.00206110 0.00246050 0.00206491 0.99999667 -0.00154815 -0.00245730 0.00155322 0.99999577
0.99999452 0.00118800 0.00309058 -0.00118881 0.99999926 0.00025865 -0.00309027 -0.00026232 0.99999519
0.99999090 0.00189604 0.00382179 -0.00189687 0.99999818 0.00021220 -0.00382138 -0.00021945 0.99999267
0.99998453 0.00376556 0.00409500 -0.00376648 0.99999288 0.00021643 -0.00409416 -0.00023185 0.99999159
0.99999296 0.00104987 0.00360235 -0.00104895 0.99999942 -0.00025746 -0.00360262 0.00025368 0.99999348
0.99998540 0.00367069 0.00396458 -0.00366483 0.99999218 -0.00148500 -0.00397000 0.00147045 0.99999104
0.99999476 -0.00023223 0.00322779 0.00023711 0.99999883 -0.00151409 -0.00322744 0.00151484 0.99999364
0.99999537 0.00130307 0.00275084 -0.00130664 0.99999831 0.00129442 -0.00274915 -0.00129801 0.99999538
0.99999289 0.00193196 0.00323977 -0.00194497 0.99999003 0.00401917 -0.00323197 -0.00402544 0.99998667
0.99999186 -0.00180252 0.00360968 0.00179705 0.99999723 0.00151778 -0.00361241 -0.00151128 0.99999233
0.99999404 0.00085060 0.00334624 -0.00084362 0.99999747 -0.00208539 -0.00334801 0.00208256 0.99999223
0.99999696 0.00008833 0.00246437 -0.00007542 0.99998629 -0.00523626 -0.00246480 0.00523606 0.99998325
0.99999578 0.00047347 0.00286525 -0.00046309 0.99999333 -0.00362234 -0.00286695 0.00362100 0.99998933
0.99999308 -0.00209918 0.00307028 0.00209819 0.99999775 0.00032559 -0.00307096 -0.00031915 0.99999523
0.99998358 -0.00203070 0.00535961 0.00201985 0.99999590 0.00202864 -0.00536370 -0.00201779 0.99998358
0.99999347 -0.00286926 0.00219776 0.00286435 0.99999341 0.00223179 -0.00220415 -0.00222548 0.99999509
0.99998639 0.00460410 0.00245594 -0.00460170 0.99998893 -0.00098104 -0.00246043 0.00096973 0.99999650
0.99998580 0.00419156 0.00329135 -0.00419020 0.99999113 -0.00041917 -0.00329308 0.00040537 0.99999450
0.99999496 -0.00232802 0.00216072 0.00233282 0.99999481 -0.00222044 -0.00215554 0.00222547 0.99999520
0.99999602 -0.00182111 0.00215525 0.00182398 0.99999745 -0.00133206 -0.00215281 0.00133598 0.99999679
0.99998970 -0.00111474 0.00439935 0.00111689 0.99999926 -0.00048445 -0.00439880 0.00048936 0.99999021
0.99999725 0.00081713 0.00219606 -0.00081939 0.99999914 0.00102523 -0.00219522 -0.00102702 0.99999706
0.99999764 0.00053179 0.00210822 -0.00053673 0.99999711 0.00234481 -0.00210696 -0.00234594 0.99999503
0.99999398 -0.00221162 0.00267193 0.00221097 0.99999753 0.00024442 -0.00267246 -0.00023851 0.99999640
0.99999797 -0.00121700 0.00160583 0.00121789 0.99999911 -0.00054969 -0.00160516 0.00055165 0.99999856
0.99999597 0.00138636 0.00247708 -0.00138387 0.99999854 -0.00100710 -0.00247847 0.00100367 0.99999642
0.99999723 -0.00005394 0.00235369 0.00005163 0.99999952 0.00098128 -0.00235375 -0.00098116 0.99999675
0.99998762 0.00256598 0.00426405 -0.00256685 0.99999669 0.00020070 -0.00426352 -0.00021164 0.99999089
0.99999146 0.00257466 0.00323301 -0.00257110 0.99999608 -0.00110532 -0.00323584 0.00109700 0.99999416
0.99998856 -0.00356869 0.00318597 0.00356986 0.99999356 -0.00036418 -0.00318465 0.00037555 0.99999486
0.99999422 -0.00164368 0.00297769 0.00165307 0.99999365 -0.00315589 -0.00297248 0.00316079 0.99999059
0.99999542 -0.00036666 0.00300549 0.00037090 0.99999894 -0.00140882 -0.00300497 0.00140992 0.99999449
0.99998988 -0.00190154 0.00407794 0.00190030 0.99999815 0.00030635 -0.00407851 -0.00029860 0.99999164
0.99999163 0.00317412 0.00258142 -0.00317729 0.99999420 0.00122454 -0.00257752 -0.00123273 0.99999592
0.99998708 0.00174334 0.00477406 -0.00174562 0.99999836 0.00047469 -0.00477322 -0.00048301 0.99998849
0.99998689 -0.00247679 0.00448167 0.00247411 0.99999676 0.00060345 -0.00448315 -0.00059236 0.99998978
0.99999027 0.00132631 0.00420813 -0.00132829 0.99999901 0.00046802 -0.00420751 -0.00047360 0.99999104
0.99998691 0.00203582 0.00469514 -0.00204742 0.99999486 0.00246697 -0.00469009 -0.00247655 0.99998593
0.99998849 0.00200141 0.00436066 -0.00200900 0.99999648 0.00173568 -0.00435717 -0.00174442 0.99998899
0.99997730 -0.00536268 0.00408020 0.00535613 0.99998435 0.00161589 -0.00408880 -0.00159400 0.99999037
0.99999083 -0.00201620 0.00377798 0.00202496 0.99999527 -0.00231392 -0.00377330 0.00232155 0.99999019
0.99998954 0.00140713 0.00435263 -0.00140123 0.99999810 -0.00135803 -0.00435453 0.00135192 0.99998961
0.99999085 0.00136534 0.00405303 -0.00136611 0.99999905 0.00018613 -0.00405277 -0.00019166 0.99999177
0.99999627 -0.00056185 0.00267463 0.00055473 0.99999630 0.00266321 -0.00267612 -0.00266171 0.99999288
0.99998215 0.00166104 0.00573870 -0.00166637 0.99999818 0.00092385 -0.00573715 -0.00093340 0.99998311
0.99998459 -0.00022061 0.00554677 0.00022595 0.99999951 -0.00096368 -0.00554656 0.00096492 0.99998415
0.99997923 -0.00218241 0.00606356 0.00219040 0.99999674 -0.00131127 -0.00606068 0.00132453 0.99998076
0.99998952 -0.00300859 0.00345194 0.00301563 0.99999338 -0.00203589 -0.00344579 0.00204628 0.99999197
0.99998620 -0.00047508 0.00523262 0.00046768 0.99999889 0.00141357 -0.00523329 -0.00141110 0.99998531
0.99998804 -0.00008078 0.00489083 0.00006358 0.99999381 0.00351696 -0.00489109 -0.00351661 0.99998186
0.99998564 0.00185983 0.00502646 -0.00187678 0.99999256 0.00337050 -0.00502015 -0.00337989 0.99998169
0.99998016 0.00190841 0.00600252 -0.00190315 0.99999780 -0.00088278 -0.00600419 0.00087134 0.99998160
0.99997611 -0.00220788 0.00655003 0.00223617 0.99998819 -0.00431529 -0.00654042 0.00432983 0.99996924
0.99999542 0.00075593 0.00292912 -0.00074478 0.99999248 -0.00380607 -0.00293198 0.00380387 0.99998847
0.99997671 0.00417390 0.00539923 -0.00417241 0.99999125 -0.00028681 -0.00540038 0.00026428 0.99998538
0.99998254 0.00288755 0.00515501 -0.00289513 0.99999474 0.00146249 -0.00515076 -0.00147739 0.99998564
0.99998747 -0.00335134 0.00371745 0.00333661 0.99998659 0.00395995 -0.00373067 -0.00394750 0.99998525
0.99998715 -0.00209909 0.00461519 0.00209142 0.99999643 0.00166571 -0.00461867 -0.00165604 0.99998796
0.99998522 0.00249451 0.00483000 -0.00249964 0.99999632 0.00105569 -0.00482735 -0.00106775 0.99998778
0.99999387 0.00120642 0.00328844 -0.00120677 0.99999927 0.00010599 -0.00328831 -0.00010995 0.99999459
0.99998389 0.00077467 0.00562378 -0.00076449 0.99999806 -0.00181358 -0.00562518 0.00180925 0.99998254
0.99999506 0.00203495 0.00239481 -0.00203911 0.99999641 0.00173763 -0.00239126 -0.00174250 0.99999562
0.99999270 -0.00011833 0.00382043 0.00011249 0.99999882 0.00152940 -0.00382061 -0.00152896 0.99999153
0.99999595 -0.00028277 0.00283090 0.00028596 0.99999932 -0.00112847 -0.00283058 0.00112927 0.99999536
0.99998764 0.00001510 0.00497104 -0.00001391 0.99999997 -0.00023944 -0.00497104 0.00023937 0.99998762
0.99999373 0.00019469 0.00353723 -0.00018417 0.99999556 -0.00297259 -0.00353780 0.00297192 0.99998933
0.99999012 -0.00087419 0.00435732 0.00088512 0.99999646 -0.00250793 -0.00435511 0.00251177 0.99998736
0.99999653 -0.00024395 0.00262168 0.00024572 0.99999974 -0.00067562 -0.00262151 0.00067626 0.99999634
0.99999607 -0.00187909 0.00208114 0.00187769 0.99999801 0.00067654 -0.00208241 -0.00067263 0.99999761
0.99999676 0.00049231 0.00249598 -0.00049383 0.99999969 0.00060780 -0.00249568 -0.00060903 0.99999670
0.99999857 0.00149031 0.00079530 -0.00149223 0.99999595 0.00242162 -0.00079169 -0.00242281 0.99999675
0.99999772 0.00213035 0.00014996 -0.00213022 0.99999739 -0.00082050 -0.00015170 0.00082018 0.99999965
0.99999863 0.00052394 0.00157286 -0.00052367 0.99999985 -0.00016804 -0.00157294 0.00016722 0.99999875
0.99999922 0.00046637 0.00115828 -0.00046658 0.99999987 0.00018041 -0.00115819 -0.00018095 0.99999931
0.99999892 -0.00146841 -0.00009094 0.00146846 0.99999872 0.00064065 0.00009000 -0.00064078 0.99999979
0.99999443 0.00168110 -0.00288462 -0.00168396 0.99999809 -0.00098889 0.00288295 0.00099375 0.99999535
0.99999807 0.00071273 -0.00182851 -0.00071455 0.99999925 -0.00099512 0.00182780 0.00099643 0.99999783
0.99998240 -0.00576144 -0.00141323 0.00575968 0.99998264 -0.00124472 0.00142038 0.00123656 0.99999823
0.99999444 -0.00272019 -0.00192663 0.00272003 0.99999630 -0.00008445 0.00192685 0.00007921 0.99999814
0.99999159 0.00406177 0.00056437 -0.00406226 0.99999136 0.00088079 -0.00056079 -0.00088307 0.99999945
0.99999839 0.00111577 -0.00140445 -0.00111574 0.99999938 0.00002063 0.00140447 -0.00001907 0.99999901
0.99999934 -0.00111366 -0.00027318 0.00111302 0.99999670 -0.00231482 0.00027576 0.00231452 0.99999728
0.99999908 0.00116382 -0.00069085 -0.00116463 0.99999862 -0.00118205 0.00068947 0.00118285 0.99999906
0.99999927 -0.00118932 -0.00019591 0.00118916 0.99999896 -0.00081348 0.00019688 0.00081324 0.99999965
0.99999945 0.00043160 -0.00095921 -0.00042972 0.99999799 0.00196036 0.00096005 -0.00195995 0.99999762
0.99999885 0.00125481 0.00085001 -0.00125642 0.99999742 0.00189437 -0.00084763 -0.00189543 0.99999784
0.99999649 -0.00261824 0.00040970 0.00261758 0.99999528 0.00160850 -0.00041391 -0.00160743 0.99999862
0.99999679 -0.00242331 -0.00073697 0.00242569 0.99999177 0.00325350 0.00072908 -0.00325528 0.99999444
0.99999564 -0.00285312 0.00076151 0.00285297 0.99999591 0.00019407 -0.00076206 -0.00019190 0.99999969
0.99999939 0.00079065 0.00076695 -0.00078942 0.99999839 -0.00161355 -0.00076822 0.00161295 0.99999840
0.99999996 0.00016626 0.00024590 -0.00016503 0.99998766 -0.00496453 -0.00024672 0.00496448 0.99998765
0.99998399 -0.00214516 0.00523646 0.00215757 0.99999487 -0.00236662 -0.00523136 0.00237788 0.99998349
0.99999922 0.00060422 0.00109218 -0.00060424 0.99999982 0.00001281 -0.00109217 -0.00001347 0.99999940
0.99998904 0.00401658 0.00240405 -0.00402603 0.99998414 0.00393815 -0.00238820 -0.00394778 0.99998936
0.99997496 0.00579491 0.00406229 -0.00579617 0.99998316 0.00029928 -0.00406048 -0.00032282 0.99999170
0.99999579 -0.00185728 0.00222960 0.00185323 0.99999663 0.00181983 -0.00223297 -0.00181569 0.99999586
0.99999464 -0.00081448 0.00317000 0.00082960 0.99998827 -0.00477111 -0.00316608 0.00477372 0.99998359
0.99999398 0.00034540 0.00345255 -0.00033048 0.99999062 -0.00431928 -0.00345401 0.00431811 0.99998471
0.99998976 0.00360544 0.00273584 -0.00360151 0.99999247 -0.00144264 -0.00274102 0.00143278 0.99999522
0.99999876 -0.00075499 0.00138461 0.00075358 0.99999920 0.00101769 -0.00138538 -0.00101665 0.99999852
0.99999845 -0.00127771 0.00121509 0.00127440 0.99999550 0.00271718 -0.00121856 -0.00271563 0.99999557
0.99999411 -0.00254955 0.00229658 0.00254532 0.99999506 0.00184308 -0.00230127 -0.00183722 0.99999566
0.99999691 -0.00178849 0.00172474 0.00179134 0.99999703 -0.00165146 -0.00172178 0.00165454 0.99999715
0.99999347 -0.00145569 0.00330652 0.00145420 0.99999884 0.00045132 -0.00330717 -0.00044650 0.99999443
0.99999762 0.00199867 0.00087846 -0.00199892 0.99999796 0.00028518 -0.00087789 -0.00028693 0.99999957
0.99999095 -0.00410040 0.00113795 0.00410166 0.99999097 -0.00111379 -0.00113338 0.00111845 0.99999873
0.99999303 -0.00355398 0.00114717 0.00355900 0.99998395 -0.00440797 -0.00113149 0.00441202 0.99998963
0.99999037 -0.00397693 0.00185525 0.00398343 0.99998589 -0.00351490 -0.00184124 0.00352226 0.99999210
0.99999548 0.00205771 0.00219369 -0.00205391 0.99999639 -0.00173419 -0.00219725 0.00172968 0.99999609
0.99999787 0.00121952 0.00166645 -0.00122228 0.99999788 0.00165791 -0.00166442 -0.00165994 0.99999724
0.99999798 0.00178970 0.00091146 -0.00179067 0.99999783 0.00106443 -0.00090955 -0.00106606 0.99999902
0.99999883 0.00099955 0.00115788 -0.00099752 0.99999797 -0.00175022 -0.00115963 0.00174906 0.99999780
0.99999635 -0.00255911 0.00086459 0.00256088 0.99999463 -0.00204602 -0.00085935 0.00204823 0.99999753
0.99999981 -0.00059333 0.00016063 0.00059347 0.99999940 -0.00091926 -0.00016008 0.00091936 0.99999956
0.99999982 -0.00012438 0.00058364 0.00012390 0.99999965 0.00083006 -0.00058375 -0.00082999 0.99999949
0.99999885 0.00114258 0.00099899 -0.00114325 0.99999912 0.00067067 -0.00099822 -0.00067181 0.99999928
0.99999992 -0.00039447 0.00011366 0.00039439 0.99999970 0.00067330 -0.00011392 -0.00067326 0.99999977
0.99999810 0.00186327 0.00057550 -0.00186379 0.99999786 0.00089925 -0.00057382 -0.00090032 0.99999943
0.99999801 0.00000206 0.00199658 -0.00000789 0.99999573 0.00292357 -0.00199656 -0.00292358 0.99999373
0.99999845 -0.00009582 0.00175697 0.00009171 0.99999726 0.00233973 -0.00175719 -0.00233957 0.99999572
0.99999661 0.00065378 0.00252090 -0.00065264 0.99999968 -0.00045524 -0.00252120 0.00045359 0.99999672
0.99999724 0.00096621 0.00213989 -0.00096308 0.99999847 -0.00146078 -0.00214130 0.00145872 0.99999664
0.99999482 0.00269138 0.00176508 -0.00268566 0.99999117 -0.00323308 -0.00177377 0.00322833 0.99999322
0.99999971 -0.00033082 0.00068321 0.00033198 0.99999851 -0.00169684 -0.00068265 0.00169706 0.99999833
0.99999923 0.00068857 -0.00103461 -0.00068943 0.99999942 -0.00082699 0.00103404 0.00082771 0.99999912
0.99999956 -0.00029024 0.00089613 0.00028861 0.99999830 0.00182236 -0.00089666 -0.00182210 0.99999794
0.99998983 0.00381774 0.00240155 -0.00382422 0.99998904 0.00270100 -0.00239121 -0.00271016 0.99999347
0.99999810 -0.00000085 0.00194803 0.00000317 0.99999929 -0.00119224 -0.00194802 0.00119224 0.99999739
0.99999996 0.00012734 -0.00026698 -0.00012807 0.99999618 -0.00275987 0.00026663 0.00275991 0.99999616
0.99999945 -0.00045026 -0.00094847 0.00044777 0.99999647 -0.00262039 0.00094965 0.00261996 0.99999612
0.99999829 0.00112725 -0.00146795 -0.00112781 0.99999929 -0.00038429 0.00146752 0.00038595 0.99999885
0.99999843 0.00017144 -0.00176380 -0.00017072 0.99999990 0.00040705 0.00176387 -0.00040675 0.99999836
0.99999773 0.00116655 -0.00178297 -0.00116488 0.99999888 0.00093646 0.00178406 -0.00093438 0.99999797
0.99999861 0.00074076 -0.00149619 -0.00073537 0.99999326 0.00359759 0.00149884 -0.00359649 0.99999241
0.99999289 0.00102997 -0.00362737 -0.00102423 0.99999822 0.00158498 0.00362900 -0.00158126 0.99999216
0.99999426 0.00189071 -0.00281238 -0.00188785 0.99999770 0.00101911 0.00281430 -0.00101379 0.99999553
0.99999202 -0.00167753 -0.00362540 0.00168056 0.99999824 0.00083226 0.00362400 -0.00083835 0.99999308
0.99999276 0.00115053 -0.00362846 -0.00115157 0.99999930 -0.00028369 0.00362814 0.00028787 0.99999338
0.99999377 0.00106967 -0.00336265 -0.00106891 0.99999940 0.00022579 0.00336289 -0.00022219 0.99999432
0.99998793 -0.00246421 -0.00425066 0.00247253 0.99999504 0.00195241 0.00424583 -0.00196289 0.99998906
0.99998705 -0.00129038 -0.00492238 0.00129045 0.99999917 0.00000931 0.00492236 -0.00001566 0.99998788
0.99997082 0.00058372 -0.00761744 -0.00058733 0.99999972 -0.00047108 0.00761716 0.00047554 0.99997088
0.99998577 0.00067979 -0.00529136 -0.00068406 0.99999944 -0.00080607 0.00529081 0.00080967 0.99998568
0.99998907 0.00141226 -0.00445639 -0.00142327 0.99999594 -0.00246998 0.00445289 0.00247630 0.99998702
0.99999791 0.00086689 -0.00185413 -0.00086992 0.99999828 -0.00163678 0.00185271 0.00163839 0.99999694
0.99999288 0.00188795 -0.00326708 -0.00189191 0.99999748 -0.00120955 0.00326479 0.00121572 0.99999393
0.99999232 0.00202449 -0.00335631 -0.00202210 0.99999770 0.00071424 0.00335775 -0.00070745 0.99999411
0.99998796 -0.00287673 -0.00397551 0.00288663 0.99999274 0.00248686 0.00396833 -0.00249831 0.99998901
0.99999290 -0.00175108 -0.00333642 0.00175609 0.99999733 0.00149893 0.00333378 -0.00150477 0.99999331
0.99999272 0.00252309 -0.00286140 -0.00252143 0.99999665 0.00058448 0.00286287 -0.00057726 0.99999574
0.99999723 -0.00018650 -0.00234594 0.00018384 0.99999934 -0.00113529 0.00234615 0.00113485 0.99999660
0.99998673 -0.00036280 -0.00513930 0.00035468 0.99999869 -0.00158011 0.00513987 0.00157827 0.99998555
0.99999215 0.00111643 -0.00380161 -0.00111414 0.99999920 0.00060498 0.00380228 -0.00060074 0.99999259
0.99999222 0.00062727 -0.00389479 -0.00063467 0.99999800 -0.00189890 0.00389359 0.00190135 0.99999061
0.99998783 0.00104459 -0.00482269 -0.00104633 0.99999939 -0.00035795 0.00482231 0.00036299 0.99998831
0.99998731 -0.00172134 -0.00473391 0.00171515 0.99999767 -0.00131241 0.00473616 0.00130427 0.99998793
0.99999018 -0.00020617 -0.00442697 0.00021089 0.99999941 0.00106555 0.00442675 -0.00106647 0.99998963
0.99999141 0.00204296 -0.00360565 -0.00203629 0.99999622 0.00185008 0.00360941 -0.00184272 0.99999179
0.99999279 0.00095872 -0.00367417 -0.00095119 0.99999744 0.00205122 0.00367613 -0.00204771 0.99999115
0.99998491 0.00000134 -0.00549293 0.00000278 0.99999972 0.00074924 0.00549293 -0.00074925 0.99998463
0.99999249 -0.00058081 -0.00383304 0.00058373 0.99999954 0.00076114 0.00383260 -0.00076337 0.99999236
0.99999420 0.00101137 -0.00325248 -0.00101537 0.99999873 -0.00122824 0.00325124 0.00123154 0.99999396
0.99999216 0.00057857 -0.00391795 -0.00057845 0.99999983 0.00003095 0.00391797 -0.00002868 0.99999232
0.99999001 -0.00152150 -0.00420378 0.00152039 0.99999881 -0.00026909 0.00420419 0.00026270 0.99999113
0.99998814 -0.00038524 -0.00485564 0.00038959 0.99999952 0.00089520 0.00485530 -0.00089708 0.99998781
0.99998404 -0.00198642 -0.00528956 0.00198578 0.99999802 -0.00012728 0.00528981 0.00011677 0.99998600
0.99998265 0.00280509 -0.00518052 -0.00281899 0.99999244 -0.00267791 0.00517297 0.00269247 0.99998300
0.99999345 0.00006852 -0.00361768 -0.00007220 0.99999948 -0.00101681 0.00361761 0.00101706 0.99999294
0.99999127 0.00134085 -0.00395735 -0.00134071 0.99999910 0.00003817 0.00395740 -0.00003286 0.99999217
0.99999179 -0.00161181 -0.00371882 0.00161134 0.99999869 -0.00012991 0.00371902 0.00012392 0.99999308
0.99999130 0.00063218 -0.00412213 -0.00062628 0.99999878 0.00143221 0.00412303 -0.00142962 0.99999048
0.99998709 -0.00125347 -0.00492369 0.00126063 0.99999815 0.00145173 0.00492186 -0.00145791 0.99998682
0.99999437 -0.00241546 -0.00232846 0.00241685 0.99999690 0.00059071 0.00232702 -0.00059634 0.99999711
0.99999771 -0.00074824 -0.00200700 0.00074669 0.99999942 -0.00077132 0.00200758 0.00076982 0.99999769
0.99999589 -0.00127265 -0.00256797 0.00126893 0.99999814 -0.00145264 0.00256982 0.00144937 0.99999565
0.99999938 0.00092745 -0.00061065 -0.00092742 0.99999957 0.00005578 0.00061070 -0.00005522 0.99999981
0.99999925 -0.00122202 0.00011856 0.00122211 0.99999899 -0.00072543 -0.00011767 0.00072558 0.99999973
0.99999669 0.00154880 0.00205681 -0.00155204 0.99999756 0.00157317 -0.00205436 -0.00157636 0.99999665
0.99999793 -0.00157726 0.00128264 0.00157566 0.99999798 0.00124688 -0.00128460 -0.00124486 0.99999840
0.99999878 -0.00028977 -0.00153629 0.00029168 0.99999919 0.00123759 0.00153593 -0.00123804 0.99999805
0.99999295 -0.00289211 0.00239613 0.00289267 0.99999579 -0.00023190 -0.00239545 0.00023883 0.99999710
0.99999846 -0.00173921 0.00023107 0.00173933 0.99999836 -0.00050544 -0.00023019 0.00050584 0.99999985
0.99999869 -0.00161207 -0.00014169 0.00161187 0.99999781 -0.00133663 0.00014384 0.00133640 0.99999910
0.99999790 -0.00157120 -0.00131367 0.00156949 0.99999792 -0.00129934 0.00131571 0.00129728 0.99999829
0.99999187 -0.00396460 -0.00073071 0.00396557 0.99999125 0.00133057 0.00072542 -0.00133346 0.99999885
0.99999892 -0.00105231 -0.00102860 0.00105359 0.99999867 0.00124665 0.00102729 -0.00124773 0.99999869
0.99999985 0.00038384 -0.00040322 -0.00038349 0.99999954 0.00088142 0.00040356 -0.00088126 0.99999953
0.99999739 0.00221047 -0.00057145 -0.00221092 0.99999725 -0.00078498 0.00056972 0.00078624 0.99999953
0.99998797 0.00217322 -0.00439836 -0.00218248 0.99999541 -0.00210050 0.00439377 0.00211007 0.99998812
0.99999735 0.00061792 0.00221609 -0.00060827 0.99999035 -0.00434988 -0.00221875 0.00434852 0.99998808
0.99999743 -0.00204099 0.00099190 0.00204261 0.99999657 -0.00163863 -0.00098855 0.00164065 0.99999817
0.99999913 -0.00056758 0.00119483 0.00056603 0.99999900 0.00129247 -0.00119556 -0.00129179 0.99999845
0.99999840 0.00085855 0.00157117 -0.00085928 0.99999952 0.00046790 -0.00157077 -0.00046925 0.99999866
0.99998547 -0.00470188 0.00263521 0.00469934 0.99998849 0.00096840 -0.00263974 -0.00095600 0.99999606
0.99999784 0.00155920 0.00137581 -0.00156021 0.99999852 0.00072884 -0.00137467 -0.00073099 0.99999879
0.99998525 -0.00075959 0.00537840 0.00076083 0.99999968 -0.00022689 -0.00537822 0.00023098 0.99998551
0.99999643 0.00053293 0.00261723 -0.00053134 0.99999967 -0.00060772 -0.00261755 0.00060633 0.99999639
0.99999762 0.00003729 0.00218034 -0.00004102 0.99999853 0.00171444 -0.00218027 -0.00171452 0.99999615
0.99999488 0.00105054 0.00302132 -0.00105468 0.99999851 0.00136903 -0.00301988 -0.00137221 0.99999450
0.99999188 0.00155721 0.00371642 -0.00157261 0.99999018 0.00414419 -0.00370993 -0.00415000 0.99998451
0.99999555 -0.00150281 0.00257631 0.00149905 0.99999780 0.00146389 -0.00257851 -0.00146002 0.99999561
0.99999529 -0.00160322 0.00261763 0.00160369 0.99999870 -0.00017834 -0.00261734 0.00018254 0.99999656
0.99999206 -0.00010373 0.00398263 0.00009970 0.99999948 0.00101267 -0.00398273 -0.00101227 0.99999156
0.99999569 0.00215564 0.00199206 -0.00215750 0.99999724 0.00092970 -0.00199005 -0.00093400 0.99999758
0.99999632 -0.00012931 0.00271067 0.00013285 0.99999914 -0.00130722 -0.00271049 0.00130758 0.99999547
0.99998811 0.00139774 0.00467140 -0.00140008 0.99999890 0.00049776 -0.00467070 -0.00050430 0.99998897
0.99999094 -0.00067382 0.00420399 0.00066940 0.99999922 0.00105446 -0.00420469 -0.00105164 0.99999061
0.99998964 -0.00076975 0.00448588 0.00077675 0.99999848 -0.00156067 -0.00448467 0.00156414 0.99998872
0.99998593 0.00001279 0.00530552 -0.00000421 0.99999869 -0.00161860 -0.00530553 0.00161855 0.99998462
0.99998809 0.00253969 0.00416706 -0.00253652 0.99999649 -0.00076568 -0.00416899 0.00075510 0.99999102
0.99999293 -0.00070570 0.00369360 0.00070921 0.99999930 -0.00094872 -0.00369292 0.00095133 0.99999273
0.99999108 -0.00106908 0.00408638 0.00107174 0.99999922 -0.00064785 -0.00408568 0.00065222 0.99999144
0.99999605 -0.00122582 0.00252997 0.00121966 0.99999630 0.00243198 -0.00253294 -0.00242888 0.99999384
0.99999846 -0.00015299 0.00175098 0.00015225 0.99999990 0.00042557 -0.00175105 -0.00042530 0.99999838
0.99999952 0.00028614 -0.00094108 -0.00028530 0.99999956 0.00088944 0.00094134 -0.00088917 0.99999916
0.99998577 -0.00306983 -0.00436245 0.00306409 0.99999443 -0.00132268 0.00436648 0.00130929 0.99998961
0.99995915 -0.00227640 -0.00874729 0.00227475 0.99999739 -0.00019907 0.00874772 0.00017917 0.99996172
0.99993033 -0.00399722 -0.01110653 0.00401290 0.99999098 0.00138997 0.01110087 -0.00143444 0.99993735
0.99987292 -0.00005176 -0.01594188 0.00008235 0.99999816 0.00191766 0.01594175 -0.00191873 0.99987108
0.99980563 -0.00112671 -0.01968352 0.00110545 0.99999879 -0.00109136 0.01968472 0.00106939 0.99980567
0.99971066 0.00237516 -0.02393636 -0.00241497 0.99999575 -0.00163413 0.02393238 0.00169146 0.99971215
0.99960670 0.00283461 -0.02789994 -0.00279560 0.99999506 0.00143697 0.02790387 -0.00135841 0.99960969
0.99943736 -0.00087043 -0.03352913 0.00100028 0.99999206 0.00385637 0.03352551 -0.00388774 0.99943030
0.99933466 -0.00057337 -0.03646783 0.00076221 0.99998637 0.00516437 0.03646437 -0.00518873 0.99932148
0.99923610 -0.00137258 -0.03905544 0.00142596 0.99999809 0.00133893 0.03905353 -0.00139360 0.99923615
0.99910640 -0.00067899 -0.04226044 0.00071806 0.99999933 0.00090932 0.04225980 -0.00093886 0.99910621
0.99898521 -0.00009594 -0.04503934 0.00008258 0.99999995 -0.00029839 0.04503937 0.00029437 0.99898517
0.99891571 -0.00483840 -0.04630328 0.00484161 0.99998828 -0.00004279 0.04630295 -0.00018144 0.99892743
0.99884017 -0.00751400 -0.04755902 0.00746643 0.99997143 -0.00117775 0.04756651 0.00082129 0.99886774
0.99880884 -0.00403651 -0.04862719 0.00401587 0.99999180 -0.00052226 0.04862890 0.00032636 0.99881686
0.99884105 -0.00239427 -0.04807102 0.00220460 0.99998958 -0.00399822 0.04808009 0.00388761 0.99883592
0.99867072 0.00019145 -0.05154367 -0.00028088 0.99999847 -0.00172780 0.05154326 0.00173998 0.99866925
0.99857202 -0.00470679 -0.05321435 0.00475483 0.99998839 0.00077615 0.05321008 -0.00102807 0.99858281
0.99855763 -0.00428757 -0.05351891 0.00431249 0.99999064 0.00035015 0.05351691 -0.00058044 0.99856677
0.99852202 -0.00406720 -0.05419627 0.00396503 0.99999015 -0.00199259 0.05420384 0.00177475 0.99852831
0.99856649 -0.00699166 -0.05306683 0.00695379 0.99997542 -0.00089820 0.05307181 0.00052789 0.99859056
0.99861185 -0.00575747 -0.05235679 0.00594309 0.99997659 0.00339037 0.05233605 -0.00369682 0.99862269
0.99860550 0.00049727 -0.05279015 -0.00029131 0.99999232 0.00390907 0.05279169 -0.00388824 0.99859798
0.99862940 0.00052322 -0.05233590 -0.00039550 0.99999692 0.00245075 0.05233702 -0.00242669 0.99862653
0.99864265 0.00172688 -0.05205646 -0.00150956 0.99998998 0.00421372 0.05206322 -0.00412942 0.99863525
0.99842369 0.00293932 -0.05604907 -0.00280928 0.99999318 0.00239877 0.05605574 -0.00223753 0.99842513
0.99854436 0.00157913 -0.05391350 -0.00136228 0.99999084 0.00405861 0.05391942 -0.00397926 0.99853736
0.99856627 -0.00096737 -0.05352079 0.00109698 0.99999654 0.00239232 0.05351829 -0.00244760 0.99856387
0.99868838 -0.00063606 -0.05119681 0.00060485 0.99999962 -0.00062508 0.05119719 0.00059329 0.99868839
0.99869130 -0.00200387 -0.05110449 0.00204369 0.99999765 0.00072698 0.05110291 -0.00083047 0.99869305
0.99890259 0.00246253 -0.04677124 -0.00227967 0.99998955 0.00396267 0.04678051 -0.00385170 0.99889777
0.99912727 0.00213235 -0.04171522 -0.00199343 0.99999233 0.00337141 0.04172209 -0.00328531 0.99912385
0.99923704 0.00201837 -0.03900348 -0.00184734 0.99998852 0.00442070 0.03901195 -0.00434527 0.99922930
0.99936485 0.00222837 -0.03556599 -0.00213025 0.99999382 0.00279667 0.03557200 -0.00271913 0.99936342
0.99950623 0.00080919 -0.03141075 -0.00074497 0.99999761 0.00205622 0.03141234 -0.00203180 0.99950445
0.99969863 0.00210730 -0.02445841 -0.00204700 0.99999480 0.00249016 0.02446353 -0.00243935 0.99969775
0.99982694 0.00368387 -0.01823523 -0.00358408 0.99997844 0.00550173 0.01825511 -0.00543542 0.99981859
0.99988043 0.00024027 -0.01546194 -0.00017932 0.99999221 0.00394324 0.01546277 -0.00394000 0.99987268
0.99993048 -0.00247139 -0.01152920 0.00252115 0.99998756 0.00430356 0.01151843 -0.00433232 0.99992428
0.99996609 -0.00152270 -0.00809278 0.00155045 0.99999294 0.00342416 0.00808751 -0.00343659 0.99996139
0.99997877 0.00251930 -0.00600997 -0.00251114 0.99999592 0.00136438 0.00601338 -0.00134926 0.99998101
0.99999036 0.00010515 -0.00439056 -0.00011405 0.99999794 -0.00202659 0.00439033 0.00202707 0.99998831
0.99997790 0.00629577 -0.00213586 -0.00629919 0.99997889 -0.00159675 0.00212576 0.00161017 0.99999644
0.99999758 -0.00216590 -0.00039397 0.00216489 0.99999441 -0.00254850 0.00039949 0.00254764 0.99999667
0.99999161 -0.00328525 0.00244672 0.00329887 0.99997897 -0.00558430 -0.00242833 0.00559233 0.99998141
0.99999701 -0.00182127 0.00163388 0.00182679 0.99999260 -0.00338461 -0.00162770 0.00338758 0.99999294
0.99999935 -0.00110589 0.00028539 0.00110529 0.99999722 0.00208147 -0.00028769 -0.00208115 0.99999779
0.99999633 0.00238445 0.00128398 -0.00239156 0.99998168 0.00556031 -0.00127070 -0.00556336 0.99998372
0.99999137 0.00243725 0.00336442 -0.00246025 0.99997352 0.00684852 -0.00334764 -0.00685674 0.99997089
0.99999016 0.00347774 0.00275545 -0.00348646 0.99998891 0.00316635 -0.00274441 -0.00317593 0.99999119
0.99999425 0.00213182 0.00263917 -0.00212648 0.99999569 -0.00202262 -0.00264347 0.00201699 0.99999447
0.99999567 -0.00097507 0.00277650 0.00098819 0.99998833 -0.00472910 -0.00277186 0.00473183 0.99998496
0.99996888 0.00682534 0.00395639 -0.00680578 0.99996466 -0.00493465 -0.00398993 0.00490757 0.99998000
0.99999383 -0.00153002 0.00316185 0.00153534 0.99999741 -0.00167951 -0.00315927 0.00168435 0.99999359
0.99998807 0.00070801 0.00483207 -0.00072369 0.99999448 0.00324299 -0.00482975 -0.00324645 0.99998307
0.99999417 -0.00129065 0.00316018 0.00128199 0.99999543 0.00273977 -0.00316370 -0.00273570 0.99999125
0.99998332 0.00434740 0.00380267 -0.00435877 0.99998604 0.00298684 -0.00378964 -0.00300337 0.99998831
0.99998875 0.00195046 0.00432366 -0.00194443 0.99999713 -0.00139806 -0.00432638 0.00138964 0.99998968
0.99999647 0.00067411 0.00257098 -0.00067231 0.99999953 -0.00070317 -0.00257145 0.00070144 0.99999645
0.99998902 -0.00273549 0.00380532 0.00274911 0.99998982 -0.00357861 -0.00379549 0.00358903 0.99998636
0.99998937 0.00037465 0.00459535 -0.00037682 0.99999982 0.00047137 -0.00459517 -0.00047309 0.99998933
0.99997588 0.00399143 0.00568412 -0.00399559 0.99999176 0.00072206 -0.00568119 -0.00074475 0.99998358
0.99998331 -0.00011334 0.00577697 0.00009982 0.99999726 0.00234012 -0.00577722 -0.00233950 0.99998058
0.99997034 -0.00608007 0.00472717 0.00607741 0.99998137 0.00057784 -0.00473059 -0.00054909 0.99998866
0.99996843 0.00226784 0.00761503 -0.00226176 0.99999712 -0.00080742 -0.00761684 0.00079017 0.99997068
0.99994830 0.00346100 0.00956153 -0.00345968 0.99999400 -0.00015525 -0.00956201 0.00012216 0.99995428
0.99997660 0.00051559 0.00682091 -0.00053175 0.99999706 0.00236783 -0.00681967 -0.00237140 0.99997393
0.99997323 -0.00115016 0.00722555 0.00113987 0.99999833 0.00142794 -0.00722718 -0.00141966 0.99997288
0.99996867 0.00010673 0.00791472 -0.00010025 0.99999966 -0.00081869 -0.00791481 0.00081787 0.99996834
0.99997367 0.00155315 0.00708800 -0.00154129 0.99999740 -0.00167814 -0.00709059 0.00166717 0.99997347
0.99996187 0.00485344 0.00725924 -0.00482912 0.99998268 -0.00336458 -0.00727544 0.00332940 0.99996799
0.99996685 0.00419214 0.00697964 -0.00417895 0.99998946 -0.00190396 -0.00698755 0.00187473 0.99997383
0.99997713 -0.00224369 0.00638062 0.00224385 0.99999748 -0.00001790 -0.00638056 0.00003222 0.99997964
0.99996264 -0.00601396 0.00620911 0.00600241 0.99998022 0.00187801 -0.00622028 -0.00184067 0.99997896
0.99997446 0.00230449 0.00676547 -0.00231633 0.99999580 0.00174251 -0.00676143 -0.00175814 0.99997560
0.99998233 0.00312033 0.00505935 -0.00312273 0.99999501 0.00046761 -0.00505786 -0.00048340 0.99998709
0.99997868 -0.00253840 0.00601630 0.00253567 0.99999668 0.00046147 -0.00601745 -0.00044621 0.99998180
0.99998453 -0.00144527 0.00537204 0.00143964 0.99999841 0.00105246 -0.00537355 -0.00104471 0.99998502
0.99998386 -0.00160023 0.00545205 0.00159372 0.99999801 0.00119937 -0.00545396 -0.00119066 0.99998442
0.99998394 0.00334667 0.00457483 -0.00334036 0.99999346 -0.00138513 -0.00457944 0.00136983 0.99998858
0.99999386 0.00133212 0.00324032 -0.00132230 0.99999453 -0.00303061 -0.00324433 0.00302630 0.99999016
0.99999502 0.00018943 0.00315127 -0.00018803 0.99999988 -0.00044331 -0.00315136 0.00044272 0.99999494
0.99999449 0.00215482 0.00252493 -0.00216535 0.99998895 0.00417266 -0.00251591 -0.00417810 0.99998811
0.99999273 0.00061571 0.00376426 -0.00063774 0.99998266 0.00585445 -0.00376059 -0.00585681 0.99997578
0.99999175 -0.00062428 0.00401391 0.00061692 0.99999813 0.00183480 -0.00401505 -0.00183230 0.99999026
0.99997033 0.00473526 0.00607527 -0.00472021 0.99998576 -0.00248850 -0.00608697 0.00245975 0.99997845
0.99999096 -0.00165270 0.00391679 0.00166608 0.99999278 -0.00341560 -0.00391112 0.00342209 0.99998650
0.99999471 -0.00028859 0.00323877 0.00029091 0.99999970 -0.00071388 -0.00323857 0.00071482 0.99999450
0.99998723 -0.00396073 0.00313770 0.00395573 0.99999090 0.00159958 -0.00314401 -0.00158715 0.99999380
0.99998429 -0.00478059 0.00292613 0.00477828 0.99998827 0.00079780 -0.00292991 -0.00078381 0.99999540
0.99999557 0.00270309 0.00124597 -0.00270367 0.99999624 0.00046116 -0.00124472 -0.00046453 0.99999912
0.99999876 0.00025295 0.00155165 -0.00024863 0.99999610 -0.00278201 -0.00155234 0.00278162 0.99999493
0.99999948 -0.00077498 -0.00065554 0.00077447 0.99999940 -0.00077930 0.00065614 0.00077879 0.99999948
0.99999832 -0.00148769 0.00106888 0.00148809 0.99999882 -0.00037737 -0.00106832 0.00037896 0.99999936
0.99999694 0.00220636 0.00112028 -0.00220681 0.99999749 0.00039485 -0.00111941 -0.00039732 0.99999929
0.99999704 0.00212172 0.00118753 -0.00212282 0.99999732 0.00092114 -0.00118557 -0.00092366 0.99999887
0.99999823 0.00144296 -0.00120587 -0.00144189 0.99999857 0.00088703 0.00120715 -0.00088529 0.99999888
0.99999975 -0.00056449 0.00041627 0.00056308 0.99999415 0.00337263 -0.00041817 -0.00337240 0.99999423
0.99999704 0.00240897 0.00034640 -0.00240955 0.99999570 0.00167356 -0.00034236 -0.00167439 0.99999854
0.99999506 0.00289107 0.00123045 -0.00289078 0.99999579 -0.00023611 -0.00123113 0.00023255 0.99999922
0.99998354 0.00461772 0.00340670 -0.00461662 0.99998929 -0.00032977 -0.00340818 0.00031403 0.99999414
0.99999717 -0.00237719 0.00009966 0.00237747 0.99999297 -0.00289899 -0.00009277 0.00289922 0.99999579
0.99999151 0.00383695 0.00149976 -0.00382967 0.99998099 -0.00483269 -0.00151828 0.00482691 0.99998720
0.99999691 0.00035693 0.00246090 -0.00035224 0.99999812 -0.00190503 -0.00246158 0.00190415 0.99999516
0.99999850 0.00092844 0.00146065 -0.00093087 0.99999818 0.00166263 -0.00145911 -0.00166399 0.99999755
0.99999729 -0.00212842 0.00094200 0.00212218 0.99997614 0.00657423 -0.00095597 -0.00657221 0.99997795
0.99999850 -0.00159260 0.00068480 0.00158831 0.99997948 0.00620647 -0.00069467 -0.00620537 0.99998051
0.99999591 -0.00280497 -0.00056671 0.00280496 0.99999607 -0.00002983 0.00056679 0.00002824 0.99999984
0.99998961 -0.00448530 0.00081435 0.00448380 0.99998828 0.00182807 -0.00082254 -0.00182440 0.99999800
