1.00000000 0.00000000 0.00000000 0.00000000 1.00000000 0.00000000 0.00000000 0.00000000 1.00000000
0.99998323 0.00213204 0.00538465 -0.00213558 0.99999751 0.00065150 -0.00538325 -0.00066299 0.99998529
0.99998840 0.00016769 0.00481326 -0.00016319 0.99999955 -0.00093543 -0.00481341 0.00093463 0.99998798
0.99998907 -0.00023102 0.00466978 0.00024022 0.99999803 -0.00196877 -0.00466931 0.00196987 0.99998716
0.99998315 -0.00039608 0.00579165 0.00041399 0.99999514 -0.00309146 -0.00579039 0.00309380 0.99997845
0.99998419 0.00007701 0.00562291 -0.00006929 0.99999906 -0.00137295 -0.00562301 0.00137254 0.99998325
0.99998376 -0.00198860 0.00534068 0.00199323 0.99999764 -0.00086156 -0.00533895 0.00087219 0.99998537
0.99998985 0.00025897 0.00449760 -0.00026192 0.99999975 0.00065693 -0.00449743 -0.00065810 0.99998967
0.99998760 -0.00083253 0.00490934 0.00083911 0.99999875 -0.00133679 -0.00490822 0.00134089 0.99998706
0.99998678 -0.00027394 0.00513454 0.00028122 0.99999895 -0.00141884 -0.00513414 0.00142026 0.99998581
0.99998723 0.00006599 0.00505233 -0.00005407 0.99999721 -0.00236054 -0.00505247 0.00236024 0.99998445
0.99997605 0.00429001 0.00543082 -0.00427682 0.99998788 -0.00243696 -0.00544121 0.00241368 0.99998228
0.99998751 0.00017146 0.00499515 -0.00016989 0.99999994 -0.00031574 -0.00499520 0.00031489 0.99998747
0.99998654 -0.00207189 0.00475669 0.00206886 0.99999765 0.00064081 -0.00475800 -0.00063096 0.99998848
0.99998772 0.00262288 0.00420489 -0.00262088 0.99999645 -0.00047957 -0.00420613 0.00046855 0.99999104
0.99998577 0.00340013 0.00411129 -0.00339234 0.99999244 -0.00189827 -0.00411771 0.00188430 0.99998975
0.99999397 0.00212948 0.00274426 -0.00211946 0.99999110 -0.00364742 -0.00275200 0.00364159 0.99998958
0.99998835 -0.00365245 0.00315671 0.00366335 0.99998733 -0.00345366 -0.00314405 0.00346518 0.99998905
0.99999642 -0.00035320 0.00265372 0.00036141 0.99999515 -0.00309290 -0.00265261 0.00309384 0.99999170
0.99999624 -0.00079572 0.00262370 0.00078957 0.99999694 0.00234484 -0.00262556 -0.00234276 0.99999381
0.99999588 -0.00266801 0.00105547 0.00266744 0.99999630 0.00054188 -0.00105691 -0.00053906 0.99999930
0.99999931 -0.00087985 0.00077234 0.00087931 0.99999937 0.00069553 -0.00077295 -0.00069486 0.99999946
0.99999341 -0.00323343 0.00165036 0.00323405 0.99999470 -0.00037553 -0.00164914 0.00038087 0.99999857
0.99999917 -0.00128197 -0.00015606 0.00128207 0.99999900 0.00059504 0.00015530 -0.00059524 0.99999981
0.99999526 0.00301729 -0.00061227 -0.00301665 0.99999490 0.00104834 0.00061543 -0.00104648 0.99999926
0.99999993 0.00016317 -0.00034704 -0.00016341 0.99999975 -0.00068720 0.00034693 0.00068726 0.99999970
0.99999938 -0.00060248 -0.00093464 0.00060242 0.99999982 -0.00006664 0.00093468 0.00006607 0.99999956
0.99999972 -0.00065383 -0.00037352 0.00065317 0.99999823 -0.00176295 0.00037467 0.00176270 0.99999838
0.99999744 -0.00215125 -0.00069547 0.00215168 0.99999749 0.00062187 0.00069413 -0.00062337 0.99999956
0.99999959 -0.00087047 -0.00023941 0.00087089 0.99999812 0.00173109 0.00023791 -0.00173130 0.99999847
0.99999876 0.00144093 0.00063925 -0.00144210 0.99999727 0.00183850 -0.00063660 -0.00183942 0.99999811
0.99999702 0.00244242 0.00000451 -0.00244242 0.99999701 0.00011205 -0.00000423 -0.00011206 0.99999999
0.99999959 0.00085388 0.00029934 -0.00085345 0.99999865 -0.00140757 -0.00030054 0.00140731 0.99999896
0.99999916 0.00124420 0.00035172 -0.00124313 0.99999459 -0.00304497 -0.00035551 0.00304453 0.99999530
0.99999619 0.00253145 0.00110392 -0.00252682 0.99998808 -0.00417809 -0.00111449 0.00417529 0.99999066
0.99998978 0.00450304 0.00040015 -0.00450317 0.99998981 0.00030628 -0.00039877 -0.00030808 0.99999987
0.99999955 0.00080781 0.00049912 -0.00080771 0.99999965 -0.00021906 -0.00049930 0.00021866 0.99999985
0.99999258 -0.00378277 0.00072986 0.00377997 0.99998560 0.00380978 -0.00074426 -0.00380700 0.99999248
0.99999772 -0.00213102 0.00011342 0.00213096 0.99999760 0.00051716 -0.00011452 -0.00051692 0.99999986
0.99999234 -0.00390147 0.00031420 0.00390128 0.99999222 0.00058875 -0.00031649 -0.00058752 0.99999978
0.99999821 -0.00188468 0.00014456 0.00188486 0.99999746 -0.00123190 -0.00014224 0.00123217 0.99999923
0.99999973 -0.00071420 0.00015306 0.00071490 0.99998899 -0.00463698 -0.00014974 0.00463708 0.99998924
0.99999909 -0.00134705 0.00001689 0.00134709 0.99999541 -0.00271224 -0.00001324 0.00271226 0.99999632
0.99999930 0.00026266 0.00115669 -0.00026197 0.99999979 -0.00059936 -0.00115684 0.00059906 0.99999915
0.99999692 0.00138173 0.00206294 -0.00138485 0.99999790 0.00150935 -0.00206085 -0.00151220 0.99999673
0.99999218 0.00367475 0.00145998 -0.00367698 0.99999207 0.00152838 -0.00145435 -0.00153374 0.99999777
0.99999529 0.00277475 0.00131531 -0.00277168 0.99999345 -0.00232572 -0.00132175 0.00232206 0.99999643
0.99999922 0.00051894 0.00113628 -0.00051823 0.99999967 -0.00062443 -0.00113660 0.00062384 0.99999916
0.99999825 0.00117000 0.00146302 -0.00117077 0.99999918 0.00052238 -0.00146241 -0.00052410 0.99999879
0.99999817 0.00029583 0.00189250 -0.00030171 0.99999513 0.00310527 -0.00189158 -0.00310584 0.99999339
0.99999841 0.00024901 0.00176711 -0.00024868 0.99999995 -0.00019050 -0.00176716 0.00019006 0.99999842
0.99999943 0.00033696 0.00100871 -0.00033480 0.99999763 -0.00214898 -0.00100943 0.00214864 0.99999718
0.99999934 0.00017125 0.00113734 -0.00016824 0.99999646 -0.00265380 -0.00113779 0.00265361 0.99999583
0.99999797 -0.00118143 0.00163317 0.00118416 0.99999791 -0.00166813 -0.00163120 0.00167006 0.99999728
0.99999740 0.00095400 0.00207162 -0.00095423 0.99999954 0.00010998 -0.00207151 -0.00011196 0.99999785
0.99999630 0.00089466 0.00256874 -0.00089112 0.99999865 -0.00138185 -0.00256997 0.00137955 0.99999575
0.99999378 0.00305332 0.00176658 -0.00305173 0.99999494 -0.00090069 -0.00176933 0.00089530 0.99999803
0.99999378 -0.00062714 0.00347139 0.00063369 0.99999802 -0.00188531 -0.00347020 0.00188750 0.99999220
0.99999589 0.00088372 0.00272902 -0.00087821 0.99999758 -0.00201893 -0.00273080 0.00201653 0.99999424
0.99999550 0.00087317 0.00287165 -0.00086506 0.99999564 -0.00282485 -0.00287411 0.00282235 0.99999189
0.99998531 0.00486503 0.00239011 -0.00486553 0.99998814 0.00020165 -0.00238910 -0.00021328 0.99999712
0.99999457 -0.00042446 0.00326657 0.00042166 0.99999954 0.00085723 -0.00326693 -0.00085585 0.99999430
0.99999233 0.00226150 0.00319897 -0.00226138 0.99999744 -0.00004247 -0.00319906 0.00003524 0.99999488
0.99998986 0.00206757 0.00400179 -0.00205755 0.99999474 -0.00250614 -0.00400695 0.00249788 0.99998885
0.99998803 0.00274280 0.00405153 -0.00273123 0.99999219 -0.00285754 -0.00405934 0.00284644 0.99998771
0.99998702 -0.00282375 0.00424048 0.00282544 0.99999593 -0.00039182 -0.00423936 0.00040380 0.99999093
0.99999142 -0.00182031 0.00372120 0.00181767 0.99999809 0.00071236 -0.00372249 -0.00070559 0.99999282
0.99999341 0.00113054 0.00344904 -0.00113899 0.99999635 0.00244821 -0.00344626 -0.00245213 0.99999106
0.99999069 -0.00128554 0.00411874 0.00129153 0.99999811 -0.00145280 -0.00411686 0.00145811 0.99999046
0.99999208 0.00185702 0.00352111 -0.00185734 0.99999827 0.00008829 -0.00352094 -0.00009483 0.99999380
0.99998940 0.00149949 0.00435286 -0.00149827 0.99999884 -0.00028365 -0.00435328 0.00027713 0.99999049
0.99998579 0.00337539 0.00412748 -0.00337628 0.99999428 0.00020760 -0.00412676 -0.00022153 0.99999146
0.99998974 0.00158225 0.00424573 -0.00158115 0.99999872 -0.00026191 -0.00424614 0.00025519 0.99999095
0.99999156 0.00136608 0.00387549 -0.00136099 0.99999821 -0.00131615 -0.00387729 0.00131086 0.99999162
0.99999213 -0.00042800 0.00394429 0.00043108 0.99999960 -0.00078015 -0.00394395 0.00078184 0.99999192
0.99999003 0.00257554 0.00364823 -0.00258090 0.99999560 0.00146532 -0.00364444 -0.00147472 0.99999227
0.99999590 0.00090213 0.00271922 -0.00091263 0.99999212 0.00386404 -0.00271571 -0.00386651 0.99998884
0.99999479 -0.00203034 0.00251092 0.00202659 0.99999683 0.00149370 -0.00251394 -0.00148860 0.99999573
0.99999433 0.00092447 0.00323674 -0.00091698 0.99999690 -0.00231499 -0.00323887 0.00231201 0.99999208
0.99999343 -0.00006884 0.00362340 0.00008410 0.99999113 -0.00421186 -0.00362308 0.00421214 0.99998457
0.99999557 0.00056228 0.00292167 -0.00055110 0.99999254 -0.00382385 -0.00292380 0.00382222 0.99998842
0.99999618 0.00001067 0.00276429 -0.00001073 1.00000000 0.00002451 -0.00276429 -0.00002454 0.99999618
0.99999466 -0.00130093 0.00299704 0.00129869 0.99999888 0.00075052 -0.00299801 -0.00074663 0.99999523
0.99999049 -0.00296050 0.00320390 0.00295564 0.99999448 0.00152080 -0.00320838 -0.00151132 0.99999371
0.99998777 0.00402241 0.00287687 -0.00402104 0.99999180 -0.00048291 -0.00287879 0.00047134 0.99999575
0.99998868 0.00358612 0.00312725 -0.00358545 0.99999355 -0.00022188 -0.00312802 0.00021067 0.99999509
0.99999528 -0.00177803 0.00250717 0.00178410 0.99999548 -0.00241936 -0.00250285 0.00242382 0.99999393
0.99999639 -0.00028488 0.00267167 0.00029000 0.99999812 -0.00191782 -0.00267112 0.00191859 0.99999459
0.99999443 -0.00022350 0.00332921 0.00023035 0.99999786 -0.00205519 -0.00332874 0.00205594 0.99999235
0.99999705 0.00076239 0.00230761 -0.00076400 0.99999947 0.00069352 -0.00230708 -0.00069528 0.99999710
0.99999693 0.00006803 0.00247772 -0.00007249 0.99999838 0.00179991 -0.00247759 -0.00180008 0.99999531
0.99999631 -0.00160359 0.00219371 0.00160393 0.99999870 -0.00015277 -0.00219346 0.00015629 0.99999758
0.99999821 0.00009713 0.00189207 -0.00009504 0.99999939 -0.00110371 -0.00189218 0.00110353 0.99999760
0.99999441 0.00157622 0.00295049 -0.00157314 0.99999822 -0.00104622 -0.00295214 0.00104158 0.99999510
0.99999547 0.00047092 0.00297170 -0.00047172 0.99999985 0.00026650 -0.00297158 -0.00026790 0.99999555
0.99999172 0.00273604 0.00301087 -0.00273817 0.99999600 0.00070500 -0.00300893 -0.00071324 0.99999522
0.99998936 0.00274349 0.00370914 -0.00273926 0.99999559 -0.00114491 -0.00371226 0.00113474 0.99999247
0.99999231 -0.00218793 0.00325576 0.00219099 0.99999716 -0.00093858 -0.00325370 0.00094570 0.99999426
0.99999214 -0.00254445 0.00304194 0.00255153 0.99999404 -0.00232509 -0.00303600 0.00233284 0.99999267
0.99999251 0.00067494 0.00381012 -0.00066911 0.99999860 -0.00153190 -0.00381115 0.00152934 0.99999157
0.99999310 -0.00136338 0.00345434 0.00136434 0.99999903 -0.00027553 -0.00345396 0.00028025 0.99999400
0.99999128 0.00279276 0.00310383 -0.00279253 0.99999610 -0.00007850 -0.00310403 0.00006983 0.99999518
0.99998765 0.00182799 0.00462147 -0.00182948 0.99999828 0.00031656 -0.00462089 -0.00032501 0.99998927
0.99998960 -0.00202159 0.00408881 0.00201963 0.99999784 0.00048421 -0.00408978 -0.00047595 0.99999152
0.99998982 0.00205685 0.00401649 -0.00205619 0.99999787 -0.00016798 -0.00401683 0.00015972 0.99999192
0.99998106 0.00362925 0.00496974 -0.00364194 0.99999012 0.00254806 -0.00496044 -0.00256611 0.99998440
0.99998826 0.00238267 0.00422023 -0.00238945 0.99999586 0.00160065 -0.00421640 -0.00161072 0.99998981
0.99998544 -0.00334103 0.00423793 0.00333621 0.99999378 0.00114298 -0.00424173 -0.00112882 0.99999037
0.99999074 -0.00152264 0.00402480 0.00153436 0.99999459 -0.00290843 -0.00402035 0.00291458 0.99998767
0.99998413 0.00232858 0.00512933 -0.00231536 0.99999398 -0.00258260 -0.00513531 0.00257068 0.99998351
0.99998742 0.00167134 0.00472908 -0.00166937 0.99999852 -0.00042164 -0.00472977 0.00041374 0.99998873
0.99999021 -0.00030267 0.00441396 0.00029146 0.99999673 0.00254136 -0.00441472 -0.00254004 0.99998703
0.99998818 0.00129322 0.00468612 -0.00130174 0.99999750 0.00181629 -0.00468376 -0.00182237 0.99998737
0.99998787 0.00003151 0.00492504 -0.00002673 0.99999953 -0.00096939 -0.00492507 0.00096924 0.99998740
0.99998850 -0.00106830 0.00467597 0.00108330 0.99999428 -0.00320534 -0.00467252 0.00321037 0.99998393
0.99998609 -0.00191401 0.00491587 0.00192730 0.99999449 -0.00270103 -0.00491067 0.00271047 0.99998427
0.99998722 -0.00099656 0.00495552 0.00099553 0.99999948 0.00021115 -0.00495573 -0.00020622 0.99998770
0.99998800 0.00050124 0.00487335 -0.00051450 0.99999617 0.00272040 -0.00487196 -0.00272287 0.99998442
0.99998342 0.00195190 0.00541802 -0.00196681 0.99999429 0.00274886 -0.00541262 -0.00275947 0.99998154
0.99998007 0.00306093 0.00552219 -0.00305238 0.99999413 -0.00155748 -0.00552693 0.00154060 0.99998354
0.99997633 -0.00275175 0.00630663 0.00277838 0.99998724 -0.00421796 -0.00629494 0.00423538 0.99997122
0.99998358 0.00240247 0.00520177 -0.00237886 0.99998686 -0.00454042 -0.00521261 0.00452797 0.99997616
0.99997367 0.00465824 0.00556503 -0.00465185 0.99998851 -0.00116062 -0.00557037 0.00113470 0.99998384
0.99998697 0.00286468 0.00422619 -0.00286746 0.99999568 0.00065069 -0.00422431 -0.00066280 0.99999086
0.99998563 -0.00324040 0.00427037 0.00322743 0.99999017 0.00304056 -0.00428019 -0.00302673 0.99998626
0.99998905 -0.00140815 0.00446253 0.00140355 0.99999848 0.00103415 -0.00446398 -0.00102787 0.99998951
0.99998220 0.00318002 0.00504873 -0.00317887 0.99999492 -0.00023709 -0.00504946 0.00022103 0.99998723
0.99998870 0.00129165 0.00457463 -0.00128551 0.99999827 -0.00134652 -0.00457636 0.00134062 0.99998863
0.99999353 0.00033326 0.00358157 -0.00032947 0.99999938 -0.00105902 -0.00358192 0.00105783 0.99999303
0.99998903 0.00273850 0.00379950 -0.00274017 0.99999615 0.00043442 -0.00379829 -0.00044483 0.99999269
0.99999189 0.00060536 0.00398235 -0.00060949 0.99999928 0.00103708 -0.00398172 -0.00103950 0.99999153
0.99999604 0.00105953 0.00260833 -0.00105556 0.99999828 -0.00152387 -0.00260994 0.00152111 0.99999544
0.99998950 0.00041103 0.00456483 -0.00041214 0.99999989 0.00024190 -0.00456473 -0.00024378 0.99998955
0.99999571 0.00060427 0.00286496 -0.00059475 0.99999430 -0.00332209 -0.00286695 0.00332037 0.99999038
0.99999404 0.00249622 0.00238441 -0.00249174 0.99999513 -0.00187824 -0.00238909 0.00187228 0.99999539
0.99999605 -0.00014060 0.00280850 0.00014451 0.99999902 -0.00139272 -0.00280831 0.00139312 0.99999509
0.99999503 -0.00219093 0.00226810 0.00219017 0.99999755 0.00033487 -0.00226883 -0.00032990 0.99999737
0.99999170 0.00275434 0.00300237 -0.00275409 0.99999620 -0.00008524 -0.00300260 0.00007697 0.99999549
0.99999403 0.00313754 0.00144760 -0.00313921 0.99999441 0.00115471 -0.00144397 -0.00115924 0.99999829
0.99999720 0.00233314 0.00040000 -0.00233255 0.99999621 -0.00146410 -0.00040341 0.00146316 0.99999885
0.99999826 0.00052961 0.00178961 -0.00052925 0.99999984 -0.00020170 -0.00178971 0.00020075 0.99999838
0.99999941 0.00089408 0.00061356 -0.00089409 0.99999960 0.00002065 -0.00061354 -0.00002120 0.99999981
0.99999948 -0.00044481 -0.00092094 0.00044536 0.99999972 0.00060168 0.00092068 -0.00060209 0.99999939
0.99999661 0.00160418 -0.00205174 -0.00160807 0.99999691 -0.00189657 0.00204869 0.00189986 0.99999610
0.99999802 0.00037056 -0.00195511 -0.00037350 0.99999880 -0.00150627 0.00195455 0.00150699 0.99999695
0.99998319 -0.00544117 -0.00200453 0.00543907 0.99998466 -0.00105160 0.00201022 0.00104068 0.99999744
0.99999352 -0.00351108 -0.00078956 0.00351152 0.99999368 0.00055846 0.00078760 -0.00056122 0.99999953
0.99998809 0.00487980 0.00005098 -0.00487979 0.99998808 -0.00018702 -0.00005189 0.00018677 0.99999998
0.99999873 0.00159060 -0.00011354 -0.00159074 0.99999794 -0.00125694 0.00011154 0.00125712 0.99999920
0.99999932 -0.00009456 -0.00116156 0.00009209 0.99999774 -0.00212533 0.00116176 0.00212522 0.99999707
0.99999933 0.00114921 -0.00016560 -0.00114949 0.99999787 -0.00171279 0.00016363 0.00171298 0.99999852
0.99999911 0.00091575 0.00097532 -0.00091587 0.99999957 0.00012778 -0.00097520 -0.00012868 0.99999952
0.99999955 0.00089255 -0.00031291 -0.00089212 0.99999867 0.00136855 0.00031413 -0.00136827 0.99999901
0.99999639 0.00257775 0.00076475 -0.00257926 0.99999473 0.00197069 -0.00075966 -0.00197266 0.99999777
0.99999479 -0.00294041 0.00133529 0.00293896 0.99999509 0.00108731 -0.00133848 -0.00108338 0.99999852
0.99999796 -0.00196731 0.00045396 0.00196627 0.99999544 0.00229014 -0.00045847 -0.00228924 0.99999727
0.99999739 -0.00173139 0.00149074 0.00173192 0.99999844 -0.00035326 -0.00149013 0.00035584 0.99999883
0.99999836 0.00124375 0.00131769 -0.00124072 0.99999659 -0.00229852 -0.00132055 0.00229688 0.99999649
0.99999948 0.00041325 0.00093077 -0.00040832 0.99998594 -0.00528618 -0.00093294 0.00528580 0.99998559
0.99999634 -0.00147790 0.00226820 0.00148309 0.99999627 -0.00229201 -0.00226481 0.00229537 0.99999480
0.99999829 0.00118852 0.00141397 -0.00118732 0.99999893 -0.00085183 -0.00141498 0.00085015 0.99999864
0.99998735 0.00432611 0.00256455 -0.00433324 0.99998675 0.00278061 -0.00255249 -0.00279169 0.99999285
0.99997932 0.00577178 0.00283559 -0.00577416 0.99998298 0.00083099 -0.00283074 -0.00084735 0.99999563
0.99999489 -0.00196208 0.00252219 0.00196376 0.99999785 -0.00066595 -0.00252088 0.00067090 0.99999660
0.99999485 -0.00127721 0.00294324 0.00129527 0.99998030 -0.00614255 -0.00293534 0.00614633 0.99997680
0.99999123 0.00124222 0.00399878 -0.00122309 0.99998781 -0.00478360 -0.00400468 0.00477866 0.99998056
0.99998548 0.00430282 0.00324333 -0.00429335 0.99998651 -0.00292232 -0.00325586 0.00290836 0.99999047
0.99999700 -0.00104284 0.00221689 0.00104249 0.99999944 0.00016070 -0.00221705 -0.00015839 0.99999753
0.99999792 0.00033651 0.00201039 -0.00034053 0.99999794 0.00200204 -0.00200971 -0.00200272 0.99999598
0.99999311 -0.00248309 0.00275792 0.00247918 0.99999592 0.00142230 -0.00276144 -0.00141545 0.99999519
0.99999737 -0.00147814 0.00175460 0.00148198 0.99999650 -0.00219106 -0.00175135 0.00219366 0.99999606
0.99999456 -0.00266254 0.00194456 0.00266290 0.99999644 -0.00018065 -0.00194407 0.00018583 0.99999809
0.99999674 0.00209988 0.00144971 -0.00209949 0.99999776 -0.00027493 -0.00145029 0.00027189 0.99999891
0.99999394 -0.00309802 0.00158846 0.00310024 0.99999422 -0.00139460 -0.00158413 0.00139951 0.99999777
0.99999788 -0.00199486 0.00051529 0.00199690 0.99999006 -0.00398660 -0.00050733 0.00398762 0.99999192
0.99999474 -0.00296701 0.00131364 0.00297246 0.99998692 -0.00416336 -0.00130127 0.00416724 0.99999047
0.99999423 0.00272527 0.00202927 -0.00272199 0.99999498 -0.00162092 -0.00203368 0.00161539 0.99999663
0.99999699 0.00165875 0.00180817 -0.00166071 0.99999804 0.00108156 -0.00180637 -0.00108456 0.99999778
0.99999421 0.00327938 0.00091351 -0.00327986 0.99999449 0.00052056 -0.00091179 -0.00052355 0.99999945
0.99999925 0.00094399 0.00077787 -0.00094246 0.99999763 -0.00196211 -0.00077972 0.00196137 0.99999777
0.99999954 0.00036686 0.00088388 -0.00036452 0.99999641 -0.00265554 -0.00088485 0.00265522 0.99999608
0.99999953 -0.00035682 0.00090402 0.00035839 0.99999843 -0.00173664 -0.00090340 0.00173696 0.99999808
0.99999977 -0.00031633 0.00059433 0.00031583 0.99999959 0.00085398 -0.00059460 -0.00085379 0.99999946
0.99999941 0.00096055 0.00051107 -0.00096083 0.99999939 0.00054929 -0.00051054 -0.00054978 0.99999972
0.99999990 -0.00025883 0.00037578 0.00025874 0.99999993 0.00025552 -0.00037585 -0.00025542 0.99999990
0.99999905 0.00132651 0.00038682 -0.00132666 0.99999904 0.00039368 -0.00038630 -0.00039420 0.99999985
0.99999882 0.00083247 0.00128972 -0.00083560 0.99999670 0.00242734 -0.00128769 -0.00242841 0.99999622
0.99999854 0.00062417 0.00158938 -0.00062697 0.99999825 0.00176174 -0.00158827 -0.00176274 0.99999719
0.99999723 0.00153916 0.00178251 -0.00153841 0.99999873 -0.00042672 -0.00178317 0.00042397 0.99999832
0.99999686 0.00132164 0.00212891 -0.00131815 0.99999779 -0.00164084 -0.00213108 0.00163803 0.99999639
0.99999503 0.00276142 0.00152005 -0.00275706 0.99999209 -0.00286575 -0.00152795 0.00286155 0.99999474
0.99999887 0.00059458 0.00138361 -0.00059206 0.99999817 -0.00181993 -0.00138469 0.00181911 0.99999739
0.99999847 0.00117125 0.00129950 -0.00117125 0.99999931 -0.00000167 -0.00129950 0.00000015 0.99999916
0.99999890 0.00075224 0.00127983 -0.00075453 0.99999811 0.00179184 -0.00127848 -0.00179281 0.99999758
0.99999756 0.00179588 0.00128319 -0.00179744 0.99999765 0.00121115 -0.00128101 -0.00121345 0.99999844
0.99999960 0.00053829 0.00070974 -0.00053767 0.99999947 -0.00087650 -0.00071022 0.00087612 0.99999936
0.99999762 0.00217818 0.00013216 -0.00217779 0.99999338 -0.00291477 -0.00013851 0.00291448 0.99999574
0.99999981 0.00035669 -0.00051094 -0.00035789 0.99999716 -0.00235517 0.00051010 0.00235536 0.99999710
0.99999844 0.00137431 -0.00110593 -0.00137494 0.99999890 -0.00056276 0.00110516 0.00056428 0.99999923
0.99999860 0.00030756 -0.00164610 -0.00030658 0.99999977 0.00059885 0.00164628 -0.00059834 0.99999847
0.99999660 0.00121502 -0.00230794 -0.00121366 0.99999909 0.00059051 0.00230865 -0.00058771 0.99999716
0.99999650 0.00056405 -0.00258377 -0.00055886 0.99999783 0.00200577 0.00258490 -0.00200432 0.99999465
0.99999339 0.00180250 -0.00315679 -0.00179759 0.99999717 0.00155847 0.00315959 -0.00155279 0.99999380
0.99999318 0.00178443 -0.00323241 -0.00178133 0.99999795 0.00096115 0.00323412 -0.00095539 0.99999431
0.99999425 -0.00020260 -0.00338428 0.00020406 0.99999989 0.00043068 0.00338419 -0.00043137 0.99999418
0.99999132 0.00106047 -0.00402914 -0.00105961 0.99999942 0.00021700 0.00402937 -0.00021272 0.99999186
0.99999104 0.00079850 -0.00415758 -0.00079815 0.99999968 0.00008595 0.00415765 -0.00008263 0.99999135
0.99998415 -0.00173049 -0.00535822 0.00173179 0.99999847 0.00023780 0.00535780 -0.00024708 0.99998562
0.99998660 -0.00132879 -0.00500344 0.00132740 0.99999908 -0.00028115 0.00500381 0.00027450 0.99998744
0.99998952 0.00086002 -0.00449633 -0.00086157 0.99999957 -0.00034384 0.00449604 0.00034771 0.99998983
0.99998824 0.00168727 -0.00454713 -0.00169338 0.99999767 -0.00133998 0.00454485 0.00134767 0.99998876
0.99999111 0.00032257 -0.00420369 -0.00033405 0.99999621 -0.00273131 0.00420279 0.00273269 0.99998743
0.99999306 0.00091327 -0.00361112 -0.00091941 0.99999813 -0.00170021 0.00360956 0.00170352 0.99999203
0.99999222 0.00123045 -0.00374799 -0.00123459 0.99999863 -0.00110191 0.00374663 0.00110653 0.99999237
0.99999051 0.00241440 -0.00362523 -0.00241355 0.99999706 0.00023988 0.00362580 -0.00023113 0.99999340
0.99999405 -0.00061786 -0.00339518 0.00062556 0.99999724 0.00226660 0.00339377 -0.00226871 0.99999167
0.99999387 -0.00119050 -0.00329313 0.00119523 0.99999826 0.00143529 0.00329142 -0.00143922 0.99999355
0.99998967 0.00223275 -0.00395801 -0.00223386 0.99999747 -0.00027735 0.00395738 0.00028619 0.99999213
0.99999242 0.00009633 -0.00389116 -0.00010161 0.99999908 -0.00135616 0.00389102 0.00135654 0.99999151
0.99999002 -0.00053391 -0.00443570 0.00052623 0.99999836 -0.00173181 0.00443662 0.00172946 0.99998866
0.99999146 -0.00016194 -0.00412934 0.00016334 0.99999993 0.00033905 0.00412929 -0.00033972 0.99999142
0.99998899 0.00089070 -0.00460693 -0.00089605 0.99999893 -0.00115824 0.00460589 0.00116236 0.99998872
0.99998458 0.00265927 -0.00487481 -0.00266166 0.99999634 -0.00048356 0.00487350 0.00049652 0.99998800
0.99998848 -0.00135223 -0.00460578 0.00134728 0.99999851 -0.00107822 0.00460723 0.00107200 0.99998881
0.99998872 0.00054794 -0.00471760 -0.00054614 0.99999978 0.00038185 0.00471780 -0.00037926 0.99998880
0.99998916 0.00211484 -0.00414752 -0.00210937 0.99999690 0.00132290 0.00415031 -0.00131414 0.99999052
0.99999076 -0.00038993 -0.00428147 0.00039585 0.99999897 0.00138056 0.00428093 -0.00138225 0.99998988
0.99998727 0.00046393 -0.00502512 -0.00046434 0.99999989 -0.00008029 0.00502508 0.00008262 0.99998737
0.99999111 -0.00138042 -0.00398513 0.00138242 0.99999892 0.00049928 0.00398444 -0.00050478 0.99999193
0.99999366 0.00013836 -0.00355730 -0.00014059 0.99999979 -0.00062850 0.00355721 0.00062899 0.99999348
0.99999257 0.00170608 -0.00345796 -0.00170651 0.99999854 -0.00012083 0.00345774 0.00012673 0.99999401
0.99999165 -0.00045276 -0.00406107 0.00045018 0.99999970 -0.00063516 0.00406135 0.00063333 0.99999155
0.99998695 -0.00057470 -0.00507682 0.00057521 0.99999983 0.00010020 0.00507676 -0.00010312 0.99998711
0.99998696 -0.00099449 -0.00500891 0.00099284 0.99999945 -0.00033053 0.00500924 0.00032556 0.99998740
0.99999028 0.00045743 -0.00438541 -0.00046315 0.99999905 -0.00130200 0.00438481 0.00130402 0.99998954
0.99999167 0.00096276 -0.00396597 -0.00096736 0.99999886 -0.00115791 0.00396485 0.00116173 0.99999147
0.99999056 0.00224538 -0.00372033 -0.00224708 0.99999737 -0.00045247 0.00371930 0.00046083 0.99999298
0.99999292 0.00026847 -0.00375386 -0.00026792 0.99999995 0.00014565 0.00375390 -0.00014464 0.99999294
0.99999115 0.00055390 -0.00416954 -0.00055116 0.99999963 0.00065686 0.00416990 -0.00065456 0.99999109
0.99999313 0.00019271 -0.00370152 -0.00018819 0.99999924 0.00121966 0.00370176 -0.00121895 0.99999241
0.99999516 -0.00072900 -0.00302347 0.00072947 0.99999972 0.00015282 0.00302336 -0.00015502 0.99999542
0.99999654 0.00038563 -0.00260225 -0.00038693 0.99999980 -0.00049878 0.00260206 0.00049979 0.99999649
0.99999892 0.00069104 -0.00129569 -0.00069298 0.99999863 -0.00150137 0.00129465 0.00150227 0.99999803
0.99999956 0.00011486 -0.00092849 -0.00011497 0.99999999 -0.00012278 0.00092847 0.00012288 0.99999956
0.99999950 -0.00100304 -0.00003370 0.00100303 0.99999948 -0.00019062 0.00003389 0.00019059 0.99999998
0.99999904 0.00077246 0.00115249 -0.00077365 0.99999916 0.00103643 -0.00115169 -0.00103732 0.99999880
0.99999939 -0.00038327 0.00103690 0.00038208 0.99999927 0.00114731 -0.00103734 -0.00114691 0.99999880
0.99999934 -0.00106568 0.00043264 0.00106514 0.99999865 0.00125093 -0.00043397 -0.00125047 0.99999912
0.99999574 -0.00292049 -0.00000904 0.00292049 0.99999573 0.00003896 0.00000893 -0.00003899 1.00000000
0.99999986 -0.00050644 0.00015651 0.00050653 0.99999970 -0.00059080 -0.00015621 0.00059088 0.99999981
0.99999969 -0.00078437 0.00008164 0.00078449 0.99999851 -0.00153927 -0.00008044 0.00153933 0.99999881
1.00000000 0.00008514 -0.00005195 -0.00008518 0.99999962 -0.00086532 0.00005187 0.00086532 0.99999962
0.99999995 -0.00009051 0.00029889 0.00009043 0.99999996 0.00025753 -0.00029891 -0.00025750 0.99999992
0.99999975 -0.00070657 -0.00000191 0.00070657 0.99999867 0.00146828 0.00000087 -0.00146828 0.99999892
0.99999897 0.00143046 0.00015321 -0.00143053 0.99999886 0.00047551 -0.00015253 -0.00047572 0.99999988
0.99999954 0.00047716 0.00083153 -0.00047599 0.99999890 -0.00140586 -0.00083220 0.00140546 0.99999867
0.99999866 0.00163788 -0.00004009 -0.00163800 0.99999367 -0.00315869 0.00003492 0.00315875 0.99999501
0.99999975 0.00027918 0.00065053 -0.00027716 0.99999514 -0.00310462 -0.00065139 0.00310444 0.99999497
0.99999818 -0.00181210 0.00059212 0.00181321 0.99999661 -0.00186968 -0.00058873 0.00187075 0.99999808
0.99999950 0.00021739 0.00098115 -0.00021753 0.99999997 0.00014519 -0.00098112 -0.00014540 0.99999951
0.99999739 0.00200124 0.00109909 -0.00200215 0.99999765 0.00083089 -0.00109743 -0.00083309 0.99999905
0.99999836 -0.00104053 0.00147945 0.00103879 0.99999876 0.00118164 -0.00148068 -0.00118010 0.99999821
0.99999610 0.00211963 0.00181585 -0.00212048 0.99999764 0.00046742 -0.00181486 -0.00047127 0.99999824
0.99999749 0.00051589 0.00217853 -0.00051616 0.99999986 0.00012076 -0.00217847 -0.00012188 0.99999762
0.99999723 0.00120992 0.00201916 -0.00120942 0.99999924 -0.00025076 -0.00201946 0.00024832 0.99999793
0.99999658 0.00038013 0.00258569 -0.00038462 0.99999842 0.00173744 -0.00258502 -0.00173843 0.99999515
0.99999486 0.00152400 0.00282237 -0.00152951 0.99999693 0.00195113 -0.00281939 -0.00195544 0.99999411
0.99999556 0.00032498 0.00296091 -0.00033512 0.99999409 0.00342219 -0.00295978 -0.00342316 0.99998976
0.99999701 -0.00073096 0.00233222 0.00072754 0.99999866 0.00146877 -0.00233329 -0.00146707 0.99999620
0.99999592 -0.00186843 0.00215867 0.00186965 0.99999809 -0.00056219 -0.00215761 0.00056622 0.99999751
0.99999684 -0.00051854 0.00245937 0.00051640 0.99999949 0.00087038 -0.00245982 -0.00086911 0.99999660
0.99999494 0.00196823 0.00249954 -0.00196938 0.99999796 0.00045448 -0.00249864 -0.00045940 0.99999677
0.99999675 0.00004593 0.00254925 -0.00004211 0.99999888 -0.00149922 -0.00254931 0.00149911 0.99999563
0.99999419 0.00045574 0.00337768 -0.00045799 0.99999967 0.00066572 -0.00337738 -0.00066727 0.99999407
0.99999206 0.00022685 0.00397921 -0.00022226 0.99999931 -0.00115511 -0.00397947 0.00115422 0.99999142
0.99999026 0.00047132 0.00438862 -0.00046714 0.99999944 -0.00095326 -0.00438907 0.00095120 0.99998992
0.99998703 0.00098103 0.00499716 -0.00097205 0.99999791 -0.00179901 -0.00499892 0.00179413 0.99998590
0.99998701 0.00182439 0.00475914 -0.00181530 0.99999652 -0.00191398 -0.00476262 0.00190532 0.99998684
0.99999283 0.00008837 0.00378500 -0.00008525 0.99999966 -0.00082464 -0.00378507 0.00082431 0.99999250
0.99999155 -0.00148138 0.00383385 0.00148438 0.99999860 -0.00077863 -0.00383270 0.00078431 0.99999235
0.99999278 -0.00164321 0.00342624 0.00164027 0.99999828 0.00086094 -0.00342765 -0.00085531 0.99999376
0.99999914 0.00082693 0.00101329 -0.00082785 0.99999924 0.00091152 -0.00101253 -0.00091235 0.99999907
0.99999912 -0.00005713 -0.00132696 0.00005748 0.99999996 0.00026594 0.00132694 -0.00026601 0.99999908
0.99999022 -0.00211753 -0.00388218 0.00210836 0.99999498 -0.00236441 0.00388716 0.00235620 0.99998967
0.99997316 -0.00150308 -0.00717070 0.00149792 0.99999862 -0.00072470 0.00717178 0.00071394 0.99997403
0.99993561 -0.00345283 -0.01080994 0.00345875 0.99999388 0.00052816 0.01080805 -0.00056552 0.99994143
0.99989039 -0.00109476 -0.01476539 0.00110249 0.99999926 0.00051554 0.01476482 -0.00053176 0.99989085
0.99982412 -0.00098660 -0.01872858 0.00094489 0.99999705 -0.00223593 0.01873073 0.00221784 0.99982210
0.99971837 0.00200972 -0.02364637 -0.00206938 0.99999474 -0.00249888 0.02364123 0.00254711 0.99971726
0.99960281 0.00289342 -0.02803307 -0.00289969 0.99999578 -0.00018317 0.02803242 0.00026438 0.99960698
0.99946020 -0.00052507 -0.03284854 0.00063568 0.99999416 0.00335697 0.03284658 -0.00337604 0.99945470
0.99931154 -0.00134157 -0.03707620 0.00151328 0.99998826 0.00460345 0.03706959 -0.00465638 0.99930184
0.99922506 -0.00100280 -0.03934801 0.00108173 0.99999745 0.00198476 0.03934592 -0.00202579 0.99922360
0.99911313 0.00010175 -0.04210633 -0.00007995 0.99999986 0.00051940 0.04210637 -0.00051557 0.99911300
0.99896357 -0.00087232 -0.04550848 0.00082366 0.99999907 -0.00108784 0.04550938 0.00104923 0.99896336
0.99883556 -0.00531751 -0.04795041 0.00531162 0.99998586 -0.00025041 0.04795106 -0.00000457 0.99884969
0.99878426 -0.00725201 -0.04875877 0.00717054 0.99997259 -0.00184570 0.04877082 0.00149383 0.99880888
0.99878683 -0.00391068 -0.04908752 0.00382950 0.99999114 -0.00174773 0.04909392 0.00155763 0.99879295
0.99876952 -0.00215076 -0.04954613 0.00192764 0.99998779 -0.00455065 0.04955531 0.00444955 0.99876147
0.99871344 0.00030979 -0.05070870 -0.00042058 0.99999755 -0.00217424 0.05070790 0.00219277 0.99871112
0.99869983 -0.00395119 -0.05082366 0.00397753 0.99999200 0.00041707 0.05082160 -0.00061868 0.99870756
0.99861296 -0.00410052 -0.05249133 0.00406799 0.99999146 -0.00072672 0.05249386 0.00051218 0.99862112
0.99853897 -0.00389853 -0.05389553 0.00376405 0.99998954 -0.00259655 0.05390509 0.00238990 0.99854320
0.99850634 -0.00619313 -0.05428390 0.00611694 0.99998006 -0.00156959 0.05429254 0.00123520 0.99852431
0.99853901 -0.00365395 -0.05391196 0.00366613 0.99999327 0.00012697 0.05391114 -0.00032443 0.99854568
0.99861484 -0.00036206 -0.05261428 0.00059205 0.99999034 0.00435566 0.05261219 -0.00438077 0.99860541
0.99860606 0.00111245 -0.05277032 -0.00099751 0.99999707 0.00220438 0.05277262 -0.00214867 0.99860424
0.99857845 0.00204245 -0.05326264 -0.00186630 0.99999262 0.00335668 0.05326910 -0.00325251 0.99857490
0.99852891 0.00169495 -0.05419544 -0.00149129 0.99999168 0.00379807 0.05420142 -0.00371166 0.99852312
0.99856413 0.00175717 -0.05354050 -0.00159266 0.99999388 0.00311505 0.05354565 -0.00302531 0.99856082
0.99861299 -0.00155184 -0.05262776 0.00165680 0.99999672 0.00195070 0.05262456 -0.00203519 0.99861229
0.99859225 -0.00105612 -0.05303212 0.00107538 0.99999937 0.00033463 0.05303173 -0.00039119 0.99859275
0.99869213 -0.00205881 -0.05108606 0.00212593 0.99999695 0.00125958 0.05108331 -0.00136654 0.99869346
0.99889979 0.00232218 -0.04683825 -0.00211090 0.99998738 0.00455971 0.04684825 -0.00445582 0.99889208
0.99903777 0.00140548 -0.04383555 -0.00122783 0.99999093 0.00407937 0.04384089 -0.00402163 0.99903043
0.99922522 0.00154253 -0.03932661 -0.00139653 0.99999203 0.00373976 0.03933206 -0.00368194 0.99921941
0.99938821 0.00303088 -0.03484266 -0.00295534 0.99999317 0.00221929 0.03484915 -0.00211496 0.99939035
0.99955465 0.00189959 -0.02978071 -0.00185476 0.99999710 0.00153303 0.02978354 -0.00147711 0.99955528
0.99970196 0.00189302 -0.02433957 -0.00182326 0.99999417 0.00288824 0.02434489 -0.00284300 0.99969958
0.99981522 0.00423226 -0.01875113 -0.00412959 0.99997629 0.00551095 0.01877401 -0.00543250 0.99980899
0.99989618 0.00206435 -0.01426042 -0.00201394 0.99999168 0.00354843 0.01426762 -0.00351934 0.99989202
0.99992657 -0.00147456 -0.01202820 0.00151851 0.99999220 0.00364508 0.01202273 -0.00366308 0.99992101
0.99995931 -0.00239508 -0.00869727 0.00242646 0.99999058 0.00359897 0.00868857 -0.00361992 0.99995570
0.99997802 0.00233496 -0.00620573 -0.00232551 0.99999613 0.00152937 0.00620928 -0.00151491 0.99997957
0.99999074 0.00159873 -0.00399576 -0.00160778 0.99999615 -0.00226227 0.00399212 0.00226868 0.99998946
0.99997599 0.00651397 -0.00236498 -0.00651892 0.99997657 -0.00209065 0.00235131 0.00210602 0.99999502
0.99999623 -0.00271082 0.00044411 0.00271205 0.99999243 -0.00279091 -0.00043654 0.00279211 0.99999601
0.99999247 -0.00370363 0.00115539 0.00370966 0.99997924 -0.00526848 -0.00113586 0.00527272 0.99998545
0.99999876 -0.00119678 0.00102084 0.00119955 0.99999559 -0.00271843 -0.00101758 0.00271965 0.99999578
0.99999936 -0.00084991 0.00074233 0.00084819 0.99999696 0.00231511 -0.00074430 -0.00231448 0.99999704
0.99999424 0.00277212 0.00195947 -0.00278185 0.99998373 0.00497920 -0.00194564 -0.00498462 0.99998568
0.99999506 0.00236530 0.00207162 -0.00237882 0.99997573 0.00654816 -0.00205608 -0.00655306 0.99997641
0.99999476 0.00277440 0.00166640 -0.00277892 0.99999244 0.00272041 -0.00165884 -0.00272503 0.99999491
0.99999556 -0.00020819 0.00297202 0.00021125 0.99999945 -0.00102894 -0.00297180 0.00102956 0.99999505
0.99999530 0.00003511 0.00306629 -0.00002031 0.99998835 -0.00482701 -0.00306642 0.00482693 0.99998365
0.99999143 0.00318616 0.00264470 -0.00317394 0.99998432 -0.00461423 -0.00265936 0.00460579 0.99998586
0.99999103 0.00194800 0.00376167 -0.00194153 0.99999663 -0.00172162 -0.00376501 0.00171430 0.99999144
0.99999275 0.00178090 0.00336705 -0.00178919 0.99999538 0.00245886 -0.00336265 -0.00246487 0.99999131
0.99999456 -0.00115625 0.00309063 0.00114857 0.99999625 0.00248543 -0.00309349 -0.00248187 0.99999214
0.99998410 0.00394712 0.00402731 -0.00395772 0.99998872 0.00262784 -0.00401690 -0.00264374 0.99998844
0.99998669 0.00309814 0.00412578 -0.00309520 0.99999495 -0.00071923 -0.00412799 0.00070645 0.99999123
0.99999394 0.00121952 0.00326001 -0.00121894 0.99999924 -0.00018078 -0.00326023 0.00017681 0.99999467
0.99998517 -0.00364860 0.00404396 0.00366585 0.99998417 -0.00426748 -0.00402832 0.00428224 0.99998272
0.99998931 0.00003404 0.00462375 -0.00003552 0.99999995 0.00032065 -0.00462374 -0.00032081 0.99998926
0.99997988 0.00289917 0.00564210 -0.00289960 0.99999579 0.00006940 -0.00564188 -0.00008575 0.99998408
0.99998051 0.00140954 0.00608200 -0.00142425 0.99999607 0.00241380 -0.00607858 -0.00242242 0.99997859
0.99997960 -0.00021728 0.00638394 0.00021443 0.99999988 0.00044740 -0.00638403 -0.00044602 0.99997952
0.99997215 0.00102343 0.00739307 -0.00101141 0.99999816 -0.00162838 -0.00739472 0.00162086 0.99997135
0.99996895 0.00065663 0.00785324 -0.00065382 0.99999972 -0.00036058 -0.00785348 0.00035544 0.99996910
0.99997524 0.00049597 0.00701967 -0.00050595 0.99999886 0.00142066 -0.00701896 -0.00142418 0.99997435
0.99996866 0.00007394 0.00791711 -0.00008223 0.99999945 0.00104620 -0.00791703 -0.00104682 0.99996811
0.99996492 0.00212937 0.00810146 -0.00212116 0.99999723 -0.00102176 -0.00810361 0.00100454 0.99996666
0.99997259 0.00168081 0.00721133 -0.00166706 0.99999678 -0.00191211 -0.00721452 0.00190004 0.99997217
0.99996931 0.00378020 0.00686274 -0.00375549 0.99998643 -0.00360959 -0.00687629 0.00358371 0.99996994
0.99997033 0.00316373 0.00702380 -0.00315221 0.99999367 -0.00164938 -0.00702897 0.00162719 0.99997397
0.99997762 -0.00191211 0.00641134 0.00191120 0.99999816 0.00014766 -0.00641161 -0.00013541 0.99997944
0.99997830 -0.00249865 0.00609577 0.00248775 0.99999530 0.00179365 -0.00610023 -0.00177845 0.99997981
0.99997612 0.00417691 0.00550529 -0.00418711 0.99998954 0.00184313 -0.00549754 -0.00186614 0.99998315
0.99998044 0.00348683 0.00519304 -0.00348955 0.99999378 0.00051512 -0.00519121 -0.00053324 0.99998638
0.99998641 -0.00257022 0.00453538 0.00256995 0.99999670 0.00006527 -0.00453553 -0.00005362 0.99998971
0.99998676 -0.00296127 0.00420808 0.00296050 0.99999560 0.00018888 -0.00420862 -0.00017642 0.99999113
0.99998508 -0.00196125 0.00509846 0.00195721 0.99999777 0.00079668 -0.00510001 -0.00078669 0.99998669
0.99998713 0.00269426 0.00429795 -0.00268710 0.99999499 -0.00167071 -0.00430243 0.00165914 0.99998937
0.99999233 0.00155115 0.00359608 -0.00154003 0.99999403 -0.00309180 -0.00360086 0.00308624 0.99998875
0.99999272 0.00186024 0.00333038 -0.00185774 0.99999799 -0.00075343 -0.00333177 0.00074724 0.99999417
0.99999099 0.00240503 0.00349909 -0.00241881 0.99998931 0.00393969 -0.00348958 -0.00394812 0.99998612
0.99999300 -0.00040439 0.00371884 0.00038491 0.99998621 0.00523796 -0.00372091 -0.00523649 0.99997937
0.99999173 -0.00081489 0.00398524 0.00080798 0.99999817 0.00173551 -0.00398665 -0.00173227 0.99999055
0.99998085 0.00536270 0.00309036 -0.00535494 0.99998250 -0.00251430 -0.00310379 0.00249771 0.99999206
0.99999197 0.00043027 0.00398376 -0.00042050 0.99999690 -0.00245268 -0.00398480 0.00245098 0.99998906
0.99999671 -0.00012427 0.00256231 0.00012767 0.99999911 -0.00132501 -0.00256214 0.00132533 0.99999584
0.99998790 -0.00328144 0.00366379 0.00327361 0.99999235 0.00213903 -0.00367078 -0.00212701 0.99999100
0.99998499 -0.00422317 0.00349170 0.00422022 0.99999073 0.00085241 -0.00349527 -0.00083767 0.99999354
0.99999642 0.00234791 0.00128584 -0.00234767 0.99999723 -0.00019193 -0.00128629 0.00018891 0.99999915
0.99999923 -0.00072142 0.00100639 0.00072378 0.99999700 -0.00234143 -0.00100470 0.00234216 0.99999675
0.99999992 -0.00030299 0.00024663 0.00030328 0.99999928 -0.00115863 -0.00024628 0.00115871 0.99999930
0.99999823 -0.00171363 0.00077779 0.00171446 0.99999796 -0.00106820 -0.00077596 0.00106953 0.99999913
0.99999625 0.00268567 0.00053430 -0.00268543 0.99999629 -0.00044892 -0.00053550 0.00044749 0.99999976
0.99999728 0.00228885 0.00044175 -0.00228893 0.99999736 0.00018730 -0.00044132 -0.00018831 0.99999988
0.99999882 0.00128289 0.00084216 -0.00128371 0.99999870 0.00098010 -0.00084090 -0.00098118 0.99999917
0.99999901 0.00050877 0.00131240 -0.00051325 0.99999404 0.00341451 -0.00131066 -0.00341518 0.99999331
0.99999607 0.00234895 0.00153232 -0.00235117 0.99999618 0.00145353 -0.00152890 -0.00145712 0.99999777
0.99999465 0.00296488 0.00138108 -0.00296441 0.99999555 -0.00033980 -0.00138208 0.00033570 0.99999899
0.99999302 0.00350496 0.00129622 -0.00350252 0.99999210 -0.00187967 -0.00130280 0.00187512 0.99999739
0.99999818 0.00031479 0.00188243 -0.00030779 0.99999303 -0.00371959 -0.00188359 0.00371901 0.99999131
0.99999118 0.00400315 0.00126791 -0.00399696 0.99998024 -0.00485183 -0.00128731 0.00484672 0.99998743
0.99999644 0.00119217 0.00238677 -0.00118684 0.99999681 -0.00223109 -0.00238942 0.00222825 0.99999466
0.99999872 0.00030374 0.00156796 -0.00030712 0.99999763 0.00215671 -0.00156730 -0.00215719 0.99999645
0.99999926 -0.00061684 0.00105162 0.00061010 0.99997935 0.00639683 -0.00105555 -0.00639618 0.99997899
0.99999910 -0.00037411 0.00128771 0.00036644 0.99998221 0.00595346 -0.00128992 -0.00595298 0.99998145
0.99999280 -0.00376349 0.00048839 0.00376366 0.99999286 -0.00034088 -0.00048710 0.00034271 0.99999982
0.99999438 -0.00318322 0.00105596 0.00318101 0.99999275 0.00209264 -0.00106262 -0.00208927 0.99999725
