0.99999942 0.00101946 -0.00033693 -0.00101946 0.99999948 0.00002186 0.00033695 -0.00002151 0.99999994
0.99999966 0.00075202 0.00032640 -0.00075220 0.99999957 0.00054726 -0.00032599 -0.00054751 0.99999980
0.99999966 0.00082522 0.00009310 -0.00082538 0.99999829 0.00165216 -0.00009174 -0.00165224 0.99999863
0.99999813 0.00149268 0.00122937 -0.00149587 0.99999550 0.00260087 -0.00122548 -0.00260270 0.99999586
0.99999982 0.00055292 0.00022091 -0.00055333 0.99999814 0.00184549 -0.00021989 -0.00184562 0.99999827
0.99999898 -0.00052962 -0.00132575 0.00053237 0.99999769 0.00208083 0.00132464 -0.00208153 0.99999696
0.99999901 0.00007865 0.00140514 -0.00008083 0.99999879 0.00155338 -0.00140501 -0.00155349 0.99999781
0.99999949 -0.00092320 0.00039761 0.00092264 0.99999860 0.00139603 -0.00039890 -0.00139566 0.99999895
0.99999993 -0.00005726 0.00035884 0.00005697 0.99999969 0.00079158 -0.00035888 -0.00079156 0.99999962
0.99999710 -0.00036486 -0.00237886 0.00036222 0.99999932 -0.00111025 0.00237927 0.00110939 0.99999655
0.99999923 0.00121302 -0.00024340 -0.00121379 0.99999423 -0.00317336 0.00023955 0.00317365 0.99999494
0.99999988 0.00007378 -0.00048747 -0.00007620 0.99998763 -0.00497293 0.00048710 0.00497296 0.99998752
0.99999157 0.00408481 -0.00042268 -0.00408521 0.99999119 -0.00096378 0.00041874 0.00096550 0.99999945
0.99998631 0.00490547 0.00182192 -0.00490967 0.99998528 0.00230885 -0.00181056 -0.00231776 0.99999567
0.99999148 0.00406844 0.00069265 -0.00407149 0.99998177 0.00446009 -0.00067449 -0.00446288 0.99998981
0.99999233 0.00383008 0.00082404 -0.00383089 0.99999218 0.00098416 -0.00082026 -0.00098731 0.99999918
0.99999951 0.00089104 -0.00043391 -0.00089046 0.99999872 0.00132590 0.00043509 -0.00132551 0.99999903
0.99999847 0.00166558 -0.00053948 -0.00166616 0.99999803 -0.00107560 0.00053769 0.00107649 0.99999928
0.99999987 0.00040479 -0.00030841 -0.00040496 0.99999976 -0.00056329 0.00030819 0.00056341 0.99999979
0.99999959 -0.00081621 0.00039449 0.00081604 0.99999958 0.00041993 -0.00039484 -0.00041960 0.99999983
0.99999744 0.00226092 -0.00012958 -0.00226074 0.99999644 0.00141626 0.00013279 -0.00141596 0.99999899
0.99999654 0.00262842 -0.00007844 -0.00262845 0.99999646 -0.00041661 0.00007734 0.00041681 0.99999991
0.99999862 -0.00128993 -0.00104237 0.00128789 0.99999725 -0.00196229 0.00104490 0.00196095 0.99999753
0.99999972 0.00023991 -0.00070339 -0.00024153 0.99999729 -0.00231409 0.00070284 0.00231425 0.99999708
0.99998969 0.00444691 -0.00091787 -0.00444641 0.99998997 0.00054489 0.00092029 -0.00054080 0.99999943
0.99999531 0.00135866 0.00274482 -0.00136235 0.99999817 0.00134187 -0.00274299 -0.00134560 0.99999533
0.99999935 0.00113954 -0.00000507 -0.00113953 0.99999849 0.00131323 0.00000657 -0.00131322 0.99999914
0.99999895 0.00107480 -0.00097713 -0.00107276 0.99999725 0.00208429 0.00097937 -0.00208324 0.99999735
0.99999966 -0.00071634 -0.00039689 0.00071661 0.99999951 0.00068695 0.00039640 -0.00068724 0.99999969
0.99999845 -0.00142309 -0.00103437 0.00142511 0.99999707 0.00195460 0.00103158 -0.00195607 0.99999755
0.99999956 -0.00053898 0.00076454 0.00053848 0.99999964 0.00065213 -0.00076489 -0.00065172 0.99999950
0.99999976 -0.00068184 -0.00013175 0.00068166 0.99999885 -0.00135426 0.00013267 0.00135417 0.99999907
0.99999955 -0.00082716 -0.00046807 0.00082517 0.99999070 -0.00423201 0.00047157 0.00423163 0.99999094
0.99999599 -0.00280137 -0.00041595 0.00280034 0.99999310 -0.00244101 0.00042278 0.00243983 0.99999693
0.99999685 -0.00241731 -0.00067323 0.00241841 0.99999572 0.00164545 0.00066925 -0.00164707 0.99999842
0.99999543 -0.00253306 0.00165118 0.00252086 0.99996980 0.00735168 -0.00166975 -0.00734748 0.99997161
0.99998478 -0.00549126 0.00053020 0.00548867 0.99997359 0.00476365 -0.00055634 -0.00476067 0.99998851
0.99998274 -0.00532077 -0.00249122 0.00532368 0.99998515 0.00116579 0.00248498 -0.00117903 0.99999622
0.99999189 -0.00255235 -0.00311488 0.00254828 0.99999590 -0.00130964 0.00311821 0.00130169 0.99999429
0.99997322 -0.00353098 -0.00641090 0.00353281 0.99999372 0.00027284 0.00640990 -0.00029548 0.99997941
0.99998350 -0.00059586 -0.00571369 0.00059920 0.99999965 0.00058291 0.00571334 -0.00058633 0.99998351
0.99996703 0.00049029 -0.00810555 -0.00046214 0.99999386 0.00347463 0.00810720 -0.00347077 0.99996111
0.99993931 -0.00010173 -0.01101693 0.00015373 0.99998885 0.00471971 0.01101632 -0.00472112 0.99992817
0.99992165 0.00075678 -0.01249510 -0.00074044 0.99999886 0.00131283 0.01249608 -0.00130348 0.99992107
0.99995042 0.00063580 -0.00993759 -0.00060502 0.99999501 0.00310022 0.00993951 -0.00309406 0.99994582
0.99989919 -0.00006849 -0.01419873 0.00008016 0.99999966 0.00082099 0.01419867 -0.00082204 0.99989886
0.99987784 0.00045521 -0.01562369 -0.00043487 0.99999905 0.00130548 0.01562427 -0.00129853 0.99987709
0.99989705 0.00068285 -0.01433273 -0.00069296 0.99999951 -0.00070014 0.01433225 0.00071000 0.99989704
0.99990448 0.00070628 -0.01380298 -0.00072238 0.99999906 -0.00116204 0.01380214 0.00117190 0.99990406
0.99984120 0.00022497 -0.01781947 -0.00020584 0.99999940 0.00107537 0.01781970 -0.00107153 0.99984064
0.99981489 -0.00026624 -0.01923862 0.00031165 0.99999717 0.00235766 0.01923794 -0.00236322 0.99981214
0.99984001 -0.00266609 -0.01768766 0.00271406 0.99999270 0.00268864 0.01768036 -0.00273621 0.99983995
0.99986411 -0.00143730 -0.01642215 0.00144311 0.99999890 0.00034139 0.01642165 -0.00036504 0.99986509
0.99984067 -0.00142360 -0.01779375 0.00144137 0.99999848 0.00098594 0.01779232 -0.00101143 0.99984119
0.99987467 -0.00059299 -0.01582082 0.00061813 0.99999855 0.00158381 0.01581986 -0.00159339 0.99987359
0.99983546 0.00071942 -0.01812564 -0.00070442 0.99999940 0.00083405 0.01812623 -0.00082115 0.99983537
0.99987494 -0.00006400 -0.01581472 0.00008029 0.99999947 0.00102902 0.01581464 -0.00103016 0.99987441
0.99984720 -0.00144351 -0.01742119 0.00145654 0.99999867 0.00073520 0.01742011 -0.00076046 0.99984797
0.99985653 0.00086330 -0.01691670 -0.00081896 0.99999621 0.00262800 0.01691891 -0.00261377 0.99985345
0.99982490 0.00108513 -0.01868135 -0.00109790 0.99999917 -0.00067348 0.01868060 0.00069387 0.99982526
0.99983553 0.00114780 -0.01809947 -0.00118768 0.99999689 -0.00219275 0.01809690 0.00221388 0.99983379
0.99986093 0.00169522 -0.01659065 -0.00176198 0.99999041 -0.00401013 0.01658370 0.00403881 0.99985432
0.99986724 0.00317766 -0.01598150 -0.00314891 0.99999338 0.00182439 0.01598720 -0.00177383 0.99987062
0.99984578 0.00288539 -0.01732314 -0.00285142 0.99999396 0.00198539 0.01732877 -0.00193569 0.99984797
0.99987313 0.00270878 -0.01569684 -0.00268853 0.99999553 0.00131108 0.01570032 -0.00126871 0.99987594
0.99986830 0.00347388 -0.01585266 -0.00348201 0.99999382 -0.00048507 0.01585088 0.00054021 0.99987422
0.99987724 0.00242399 -0.01547969 -0.00242807 0.99999702 -0.00024443 0.01547906 0.00028199 0.99988015
0.99989513 0.00255096 -0.01425583 -0.00253274 0.99999595 0.00129597 0.01425908 -0.00125972 0.99989754
0.99990964 0.00188911 -0.01330960 -0.00186197 0.99999616 0.00205067 0.01331342 -0.00202570 0.99990932
0.99992589 0.00391821 -0.01152691 -0.00390324 0.99999151 0.00132025 0.01153198 -0.00127516 0.99993269
0.99992974 0.00613203 -0.01014433 -0.00612860 0.99998115 0.00036908 0.01014640 -0.00030688 0.99994848
0.99993224 0.00142177 -0.01155439 -0.00145744 0.99999420 -0.00307940 0.01154994 0.00309603 0.99992850
0.99996778 0.00325656 -0.00733653 -0.00326701 0.99999367 -0.00141295 0.00733188 0.00143687 0.99997209
0.99998309 0.00398582 -0.00423391 -0.00398089 0.99999139 0.00117185 0.00423855 -0.00115497 0.99999035
0.99998273 0.00260254 -0.00526925 -0.00258536 0.99999133 0.00326568 0.00527771 -0.00325200 0.99998078
0.99998949 0.00206463 -0.00409465 -0.00205677 0.99999603 0.00192440 0.00409861 -0.00191596 0.99998977
0.99999014 0.00183911 -0.00404196 -0.00183882 0.99999831 0.00007421 0.00404208 -0.00006678 0.99999183
0.99999057 0.00137255 -0.00412140 -0.00138403 0.99999517 -0.00278236 0.00411756 0.00278803 0.99998764
0.99999296 0.00079039 -0.00366873 -0.00080104 0.99999547 -0.00290201 0.00366642 0.00290492 0.99998906
0.99998329 0.00278011 -0.00506838 -0.00278516 0.99999563 -0.00099033 0.00506560 0.00100443 0.99998667
0.99998486 0.00102386 -0.00540626 -0.00102872 0.99999907 -0.00089613 0.00540534 0.00090168 0.99998498
0.99999040 -0.00161332 -0.00407440 0.00161624 0.99999844 0.00071333 0.00407324 -0.00071991 0.99999145
0.99997852 0.00359779 -0.00547830 -0.00359998 0.99999344 -0.00038924 0.00547686 0.00040895 0.99998492
0.99999276 0.00178110 -0.00336131 -0.00178606 0.99999732 -0.00147237 0.00335868 0.00147837 0.99999327
0.99999292 -0.00191810 -0.00323802 0.00192108 0.99999773 0.00091948 0.00323625 -0.00092569 0.99999433
0.99999601 0.00052072 -0.00277699 -0.00052156 0.99999982 -0.00030205 0.00277683 0.00030349 0.99999610
0.99999821 0.00109837 -0.00154279 -0.00109440 0.99999610 0.00256863 0.00154561 -0.00256694 0.99999551
0.99999800 0.00026922 -0.00198197 -0.00025718 0.99998154 0.00607070 0.00198357 -0.00607017 0.99997961
0.99999465 -0.00324570 0.00041007 0.00324283 0.99997155 0.00681028 -0.00043216 -0.00680891 0.99997673
0.99999688 0.00014881 -0.00249356 -0.00014731 0.99999981 0.00060152 0.00249365 -0.00060115 0.99999671
0.99999483 0.00319143 -0.00039040 -0.00319447 0.99996233 -0.00807014 0.00036463 0.00807135 0.99996736
0.99999322 -0.00099663 -0.00354568 0.00095883 0.99994287 -0.01064630 0.00355608 0.01064283 0.99993704
0.99999772 -0.00200083 -0.00075030 0.00199656 0.99998205 -0.00564941 0.00076159 0.00564790 0.99998376
0.99999858 0.00127066 0.00110952 -0.00126910 0.99999820 -0.00140933 -0.00111131 0.00140791 0.99999839
0.99999500 0.00313693 0.00040453 -0.00313696 0.99999508 0.00005812 -0.00040435 -0.00005939 0.99999992
0.99999930 0.00074854 0.00091452 -0.00074763 0.99999922 -0.00099744 -0.00091527 0.00099676 0.99999908
0.99999819 -0.00085013 0.00170122 0.00084585 0.99999648 0.00251597 -0.00170335 -0.00251453 0.99999539
0.99999954 -0.00079187 0.00053582 0.00078924 0.99998776 0.00488439 -0.00053968 -0.00488397 0.99998793
0.99999919 -0.00007388 0.00127330 0.00006781 0.99998867 0.00475998 -0.00127364 -0.00475989 0.99998786
0.99999964 0.00084340 0.00002863 -0.00084344 0.99999877 0.00132469 -0.00002752 -0.00132471 0.99999912
0.99999888 0.00103052 -0.00108726 -0.00103465 0.99999221 -0.00380934 0.00108333 0.00381046 0.99999215
0.99999981 0.00022500 0.00056838 -0.00022220 0.99998783 -0.00492876 -0.00056948 0.00492864 0.99998769
0.99999914 0.00036880 -0.00125898 -0.00037633 0.99998202 -0.00598437 0.00125675 0.00598484 0.99998130
0.99999699 0.00158952 -0.00187172 -0.00159326 0.99999673 -0.00200052 0.00186854 0.00200349 0.99999625
0.99998742 0.00493076 -0.00091651 -0.00492836 0.99998446 0.00260597 0.00092934 -0.00260142 0.99999618
0.99999343 0.00259256 -0.00253521 -0.00257709 0.99997815 0.00608695 0.00255094 -0.00608038 0.99997826
0.99999580 0.00137033 -0.00255202 -0.00135956 0.99999018 0.00421693 0.00255777 -0.00421344 0.99998785
0.99999371 0.00152998 -0.00320139 -0.00153216 0.99999860 -0.00067917 0.00320035 0.00068407 0.99999464
0.99998996 0.00159784 -0.00418655 -0.00160722 0.99999620 -0.00223868 0.00418295 0.00224538 0.99998873
0.99999771 0.00111957 -0.00182333 -0.00112262 0.99999797 -0.00167600 0.00182145 0.00167804 0.99999693
0.99999312 0.00075931 -0.00362964 -0.00076925 0.99999596 -0.00273791 0.00362755 0.00274069 0.99998966
0.99998819 -0.00396529 -0.00280854 0.00396160 0.99999128 -0.00132026 0.00281375 0.00130911 0.99999518
0.99998752 -0.00366422 -0.00339526 0.00366055 0.99999271 -0.00108706 0.00339922 0.00107462 0.99999365
0.99999425 -0.00258859 -0.00219002 0.00258424 0.99999469 -0.00198358 0.00219514 0.00197791 0.99999563
0.99999440 -0.00310418 -0.00124751 0.00310104 0.99999205 -0.00250767 0.00125528 0.00250379 0.99999608
0.99999192 -0.00024642 -0.00401357 0.00023993 0.99999867 -0.00161528 0.00401397 0.00161431 0.99999064
0.99999274 -0.00019520 -0.00380668 0.00019080 0.99999931 -0.00115587 0.00380690 0.00115514 0.99999209
0.99999119 -0.00041606 -0.00417792 0.00041965 0.99999954 0.00086027 0.00417756 -0.00086202 0.99999090
0.99999156 0.00190720 -0.00363818 -0.00190529 0.99999804 0.00053021 0.00363918 -0.00052327 0.99999324
0.99999209 0.00354503 -0.00180396 -0.00354491 0.99999371 0.00006784 0.00180419 -0.00006144 0.99999837
0.99999861 0.00165880 -0.00015958 -0.00165911 0.99999678 -0.00192012 0.00015639 0.00192038 0.99999814
0.99999216 0.00395026 0.00026971 -0.00394973 0.99999031 -0.00194464 -0.00027739 0.00194356 0.99999807
0.99998678 0.00466615 0.00216141 -0.00466289 0.99998798 -0.00151311 -0.00216844 0.00150301 0.99999652
0.99999327 0.00058606 0.00362172 -0.00059566 0.99999631 0.00265077 -0.00362015 -0.00265291 0.99998993
0.99999881 -0.00044798 0.00147807 0.00044649 0.99999939 0.00101141 -0.00147852 -0.00101075 0.99999840
0.99999851 -0.00051537 0.00164528 0.00051775 0.99999882 -0.00144478 -0.00164453 0.00144563 0.99999760
0.99999898 -0.00079551 0.00119027 0.00080123 0.99998809 -0.00481427 -0.00118643 0.00481522 0.99998770
0.99999746 -0.00209841 0.00082417 0.00209973 0.99999652 -0.00159815 -0.00082082 0.00159988 0.99999838
0.99999575 -0.00264709 0.00122341 0.00265093 0.99999153 -0.00314995 -0.00121506 0.00315318 0.99999429
0.99999646 -0.00219208 0.00150711 0.00220100 0.99997995 -0.00593778 -0.00149406 0.00594108 0.99998124
0.99998495 0.00509431 0.00203464 -0.00509244 0.99998660 -0.00092651 -0.00203933 0.00091613 0.99999750
0.99998297 0.00536105 0.00230437 -0.00537372 0.99997029 0.00552616 -0.00227467 -0.00553845 0.99998208
0.99999133 0.00383648 0.00162064 -0.00385791 0.99990231 0.01343460 -0.00156894 -0.01344073 0.99990844
0.99999977 -0.00021884 0.00064649 0.00021249 0.99995202 0.00979380 -0.00064860 -0.00979366 0.99995183
0.99998045 0.00556817 0.00284566 -0.00557731 0.99997928 0.00321533 -0.00282770 -0.00323114 0.99999078
0.99999875 0.00057819 0.00147169 -0.00057546 0.99999811 -0.00185504 -0.00147276 0.00185419 0.99999720
0.99996383 -0.00845698 0.00089927 0.00845866 0.99996246 -0.00187808 -0.00088336 0.00188562 0.99999783
0.99999954 -0.00095640 0.00010757 0.00095687 0.99998953 -0.00447575 -0.00010329 0.00447585 0.99998998
0.99999750 0.00052463 0.00217192 -0.00051000 0.99997721 -0.00673174 -0.00217541 0.00673061 0.99997498
0.99999887 -0.00075486 0.00129727 0.00076294 0.99998025 -0.00623773 -0.00129254 0.00623871 0.99997970
0.99999471 0.00310094 0.00097821 -0.00310191 0.99999470 0.00098976 -0.00097514 -0.00099279 0.99999903
0.99998826 0.00471358 0.00112356 -0.00471939 0.99997519 0.00522986 -0.00109888 -0.00523511 0.99998569
0.99998064 -0.00607740 0.00133876 0.00606486 0.99993950 0.00917648 -0.00139445 -0.00916818 0.99995700
0.99999604 -0.00278241 0.00042465 0.00277817 0.99994943 0.00966542 -0.00045152 -0.00966421 0.99995320
0.99999303 -0.00371985 0.00031750 0.00371888 0.99998860 0.00299399 -0.00032863 -0.00299279 0.99999547
0.99999411 -0.00343212 0.00009773 0.00343249 0.99998603 -0.00401872 -0.00008393 0.00401903 0.99999192
0.99998332 -0.00576265 0.00039282 0.00576500 0.99996382 -0.00625418 -0.00035676 0.00625634 0.99998037
0.99998792 0.00448502 -0.00200871 -0.00449491 0.99997767 -0.00494596 0.00198649 0.00495493 0.99998575
0.99999612 0.00262025 0.00094624 -0.00261609 0.99998704 -0.00436727 -0.00095767 0.00436477 0.99999002
0.99999630 0.00261835 -0.00073317 -0.00262020 0.99999332 -0.00254667 0.00072650 0.00254858 0.99999649
0.99999913 0.00127447 -0.00035417 -0.00127369 0.99999681 0.00217941 0.00035695 -0.00217896 0.99999756
0.99999643 -0.00264552 -0.00038267 0.00264866 0.99996080 0.00844857 0.00036030 -0.00844955 0.99996424
0.99999938 0.00067564 -0.00088767 -0.00067092 0.99998569 0.00530683 0.00089124 -0.00530623 0.99998552
0.99999241 -0.00387697 -0.00038992 0.00387799 0.99998895 0.00265637 0.00037962 -0.00265786 0.99999640
0.99999850 -0.00089164 -0.00148386 0.00088754 0.99999579 -0.00276174 0.00148632 0.00276042 0.99999509
0.99999355 -0.00346398 0.00095336 0.00346628 0.99999106 -0.00242091 -0.00094497 0.00242420 0.99999662
0.99999863 -0.00126606 -0.00106409 0.00126385 0.99999705 -0.00207222 0.00106671 0.00207087 0.99999729
0.99999724 0.00151726 -0.00179360 -0.00151075 0.99999229 0.00362323 0.00179909 -0.00362051 0.99999183
0.99999928 0.00114217 0.00035506 -0.00114352 0.99999203 0.00382475 -0.00035069 -0.00382515 0.99999262
0.99999636 0.00168221 -0.00210959 -0.00168110 0.99999845 0.00053117 0.00211048 -0.00052763 0.99999763
0.99997224 0.00700743 0.00253303 -0.00699396 0.99996155 -0.00528906 -0.00257000 0.00527120 0.99998280
0.99999787 0.00199450 -0.00053650 -0.00199651 0.99999087 -0.00377913 0.00052896 0.00378019 0.99999272
0.99999489 0.00314767 -0.00056601 -0.00314646 0.99999279 0.00212443 0.00057270 -0.00212264 0.99999758
0.99999892 -0.00039745 -0.00141774 0.00040362 0.99999044 0.00435384 0.00141600 -0.00435441 0.99998952
0.99999820 0.00131540 -0.00137073 -0.00131535 0.99999913 0.00003535 0.00137078 -0.00003354 0.99999906
0.99997858 -0.00653814 -0.00030448 0.00653773 0.99997775 -0.00132783 0.00031316 0.00132582 0.99999907
0.99999720 0.00010968 -0.00236589 -0.00010472 0.99999780 0.00209303 0.00236612 -0.00209277 0.99999501
0.99999959 0.00088751 0.00019693 -0.00088768 0.99999925 0.00084526 -0.00019617 -0.00084544 0.99999962
0.99998855 0.00360319 -0.00314999 -0.00360751 0.99999256 -0.00136545 0.00314504 0.00137680 0.99999411
0.99999990 0.00040237 -0.00021514 -0.00040233 0.99999990 0.00016957 0.00021521 -0.00016948 0.99999996
0.99999963 0.00084546 -0.00012806 -0.00084486 0.99998895 0.00462549 0.00013197 -0.00462538 0.99998929
0.99999978 0.00055209 -0.00037261 -0.00055136 0.99999797 0.00193975 0.00037368 -0.00193954 0.99999805
0.99999769 0.00214905 0.00006324 -0.00214877 0.99998908 -0.00414899 -0.00007216 0.00414884 0.99999139
0.99999749 0.00223495 -0.00012392 -0.00223552 0.99998602 -0.00479187 0.00011321 0.00479213 0.99998851
0.99999941 -0.00029328 -0.00104579 0.00029424 0.99999954 0.00091700 0.00104552 -0.00091731 0.99999903
0.99998812 0.00484916 -0.00050065 -0.00484746 0.99998271 0.00332774 0.00051678 -0.00332527 0.99999434
0.99999967 0.00081129 -0.00000986 -0.00081128 0.99999858 0.00148040 0.00001106 -0.00148039 0.99999890
0.99999842 -0.00168524 -0.00056927 0.00168345 0.99999370 -0.00312436 0.00057453 0.00312340 0.99999496
0.99999908 -0.00131510 -0.00033783 0.00131402 0.99999406 -0.00318643 0.00034202 0.00318599 0.99999487
0.99999923 -0.00122250 -0.00021199 0.00122227 0.99999870 -0.00104896 0.00021328 0.00104870 0.99999943
0.99999080 -0.00426412 -0.00045633 0.00426480 0.99998980 0.00148988 0.00044997 -0.00149181 0.99999879
0.99999609 -0.00279432 0.00010297 0.00279417 0.99999499 0.00148460 -0.00010712 -0.00148431 0.99999889
0.99999822 -0.00184431 0.00038915 0.00184375 0.99999725 0.00145071 -0.00039182 -0.00144999 0.99999887
0.99999358 -0.00297724 0.00199641 0.00297069 0.99999021 0.00327830 -0.00200616 -0.00327235 0.99999263
0.99999977 0.00001097 0.00068318 -0.00001202 0.99999881 0.00154250 -0.00068316 -0.00154251 0.99999858
0.99999938 -0.00094076 0.00059621 0.00094245 0.99999550 -0.00284754 -0.00059352 0.00284810 0.99999577
0.99999725 -0.00137966 0.00189520 0.00138798 0.99998939 -0.00439323 -0.00188912 0.00439585 0.99998855
0.99999007 0.00255138 0.00365333 -0.00255029 0.99999670 -0.00030267 -0.00365409 0.00029335 0.99999328
0.99999250 0.00307440 0.00235491 -0.00308436 0.99998626 0.00423800 -0.00234184 -0.00424523 0.99998825
0.99999635 -0.00090959 0.00254365 0.00090291 0.99999615 0.00262557 -0.00254603 -0.00262326 0.99999332
0.99998895 -0.00026672 0.00469416 0.00027725 0.99999745 -0.00224248 -0.00469355 0.00224376 0.99998647
0.99998636 -0.00008949 0.00522173 0.00008850 0.99999998 0.00019118 -0.00522174 -0.00019072 0.99998635
0.99998149 -0.00068704 0.00604542 0.00065744 0.99998780 0.00489590 -0.00604871 -0.00489183 0.99996974
0.99996680 -0.00232986 0.00780836 0.00231137 0.99999451 0.00237645 -0.00781386 -0.00235833 0.99996669
0.99996871 -0.00398004 0.00683695 0.00399441 0.99998984 -0.00208941 -0.00682856 0.00211665 0.99997444
0.99997118 -0.00090020 0.00753809 0.00092929 0.99999214 -0.00385560 -0.00753456 0.00386250 0.99996416
0.99994307 -0.00406343 0.00986639 0.00408288 0.99998976 -0.00195275 -0.00985835 0.00199293 0.99994942
0.99994626 -0.00433503 0.00941766 0.00433426 0.99999060 0.00010199 -0.00941802 -0.00006117 0.99995565
0.99991667 -0.00434339 0.01215647 0.00432966 0.99998996 0.00115540 -0.01216137 -0.00110267 0.99992544
0.99993673 -0.00294967 0.01085561 0.00293404 0.99999464 0.00145548 -0.01085984 -0.00142354 0.99994002
0.99994769 -0.00318974 0.00971831 0.00319446 0.99999479 -0.00047020 -0.00971675 0.00050122 0.99995267
0.99994544 -0.00145729 0.01034365 0.00149547 0.99999209 -0.00368475 -0.01033819 0.00370002 0.99993971
0.99993996 -0.00134027 0.01087555 0.00136716 0.99999603 -0.00246554 -0.01087220 0.00248026 0.99993782
0.99996156 -0.00167799 0.00860641 0.00170921 0.99999199 -0.00362035 -0.00860026 0.00363492 0.99995641
0.99996378 -0.00227710 0.00820139 0.00230012 0.99999344 -0.00279792 -0.00819496 0.00281669 0.99996245
0.99994788 0.00301193 0.00975525 -0.00300164 0.99999492 -0.00106949 -0.00975842 0.00104015 0.99995184
0.99993448 0.00770921 0.00846165 -0.00770030 0.99996976 -0.00108536 -0.00846976 0.00102013 0.99996361
0.99997505 0.00193593 0.00679276 -0.00191844 0.99999483 -0.00257953 -0.00679772 0.00256643 0.99997360
0.99998967 0.00011628 0.00454307 -0.00012155 0.99999932 0.00115970 -0.00454294 -0.00116024 0.99998901
0.99999449 -0.00312403 0.00112443 0.00311952 0.99998717 0.00398997 -0.00113688 -0.00398644 0.99999141
0.99999676 0.00216202 -0.00134329 -0.00215808 0.99999339 0.00292490 0.00134960 -0.00292199 0.99999482
0.99998154 0.00413870 -0.00444794 -0.00413382 0.99999084 0.00110551 0.00445248 -0.00108710 0.99998950
0.99995440 -0.00053270 -0.00953509 0.00050835 0.99999660 -0.00255579 0.00953642 0.00255083 0.99995127
0.99986116 -0.00441993 -0.01606603 0.00435136 0.99998129 -0.00430044 0.01608474 0.00422994 0.99986168
0.99971352 -0.00949046 -0.02197313 0.00943845 0.99995241 -0.00246960 0.02199552 0.00226150 0.99975551
0.99965043 -0.00331185 -0.02623086 0.00329476 0.99999433 -0.00069464 0.02623301 0.00060797 0.99965567
0.99951920 0.00374341 -0.03077929 -0.00369192 0.99999169 0.00172938 0.03078550 -0.00161491 0.99952471
0.99942885 0.00465024 -0.03347153 -0.00455011 0.99998494 0.00306698 0.03348529 -0.00291293 0.99943497
0.99942371 0.00525599 -0.03353549 -0.00514495 0.99998100 0.00339664 0.03355271 -0.00322215 0.99943176
0.99933937 0.00013210 -0.03634283 0.00010893 0.99997802 0.00663003 0.03634290 -0.00662961 0.99931739
0.99925885 0.00043372 -0.03849107 -0.00012099 0.99996697 0.00812652 0.03849332 -0.00811584 0.99922590
0.99923658 0.00524252 -0.03871397 -0.00515385 0.99998386 0.00238996 0.03872587 -0.00218861 0.99924748
0.99920546 0.00442003 -0.03960943 -0.00455475 0.99998414 -0.00331174 0.03959416 0.00348951 0.99920975
0.99916955 0.00239914 -0.04067504 -0.00270333 0.99996878 -0.00742513 0.04065596 0.00752893 0.99914484
0.99910149 -0.00152135 -0.04235454 0.00122457 0.99997452 -0.00703225 0.04236416 0.00697407 0.99907789
0.99900961 0.00499029 -0.04421422 -0.00493971 0.99998701 0.00125313 0.04421990 -0.00103348 0.99902129
0.99927778 0.00548298 -0.03760136 -0.00517961 0.99995329 0.00816079 0.03764435 -0.00796014 0.99925950
0.99908117 0.00034733 -0.04285671 -0.00019733 0.99999384 0.00350437 0.04285766 -0.00349270 0.99907508
0.99905362 0.00207326 -0.04344615 -0.00216448 0.99999555 -0.00205250 0.04344170 0.00214459 0.99905366
0.99902699 -0.00005535 -0.04410294 -0.00007289 0.99999577 -0.00290618 0.04410291 0.00290656 0.99902276
0.99911469 0.00026810 -0.04206865 -0.00042715 0.99999280 -0.00377182 0.04206733 0.00378646 0.99910760
0.99901910 0.00045196 -0.04427899 -0.00045665 0.99999989 -0.00009595 0.04427894 0.00011608 0.99901920
0.99909361 0.00126339 -0.04254839 -0.00112701 0.99999415 0.00322914 0.04255222 -0.00317827 0.99908919
0.99896476 -0.00062904 -0.04548646 0.00070302 0.99999846 0.00161049 0.04548537 -0.00164080 0.99896366
0.99904553 0.00202767 -0.04363379 -0.00199287 0.99999766 0.00084100 0.04363540 -0.00075324 0.99904724
0.99910669 0.00441003 -0.04202818 -0.00431062 0.99998769 0.00245578 0.04203850 -0.00227242 0.99911341
0.99913361 0.00241515 -0.04154763 -0.00245453 0.99999659 -0.00089691 0.04154532 0.00099811 0.99913612
0.99925284 -0.00075378 -0.03864195 0.00072028 0.99999935 -0.00088077 0.03864259 0.00085228 0.99925273
0.99940231 -0.00032612 -0.03456748 0.00028653 0.99999930 -0.00115029 0.03456783 0.00113970 0.99940170
0.99933847 -0.00435039 -0.03610677 0.00424126 0.99998621 -0.00309858 0.03611976 0.00294339 0.99934313
0.99942040 -0.00128729 -0.03401775 0.00124186 0.99999831 -0.00135647 0.03401944 0.00131344 0.99942031
0.99956180 -0.00690037 -0.02878516 0.00678407 0.99996843 -0.00413617 0.02881280 0.00393908 0.99957706
0.99959252 -0.00310122 -0.02837571 0.00291765 0.99997456 -0.00650870 0.02839517 0.00642326 0.99957614
0.99958549 -0.00751704 -0.02779116 0.00749361 0.99997147 -0.00094694 0.02779749 0.00073829 0.99961330
0.99968195 -0.00288084 -0.02505388 0.00290341 0.99999541 0.00086452 0.02505127 -0.00093699 0.99968573
0.99971639 -0.00391161 -0.02349112 0.00396948 0.99998920 0.00241730 0.02348141 -0.00250986 0.99972112
0.99983138 -0.00359296 -0.01800829 0.00360760 0.99999319 0.00078056 0.01800537 -0.00084540 0.99983753
0.99988197 -0.00065848 -0.01534995 0.00073254 0.99998812 0.00481948 0.01534659 -0.00483016 0.99987057
0.99992275 0.00209819 -0.01225121 -0.00206799 0.99999479 0.00247765 0.01225634 -0.00245212 0.99992188
0.99990102 -0.00259934 -0.01382711 0.00260519 0.99999652 0.00040449 0.01382601 -0.00044048 0.99990432
0.99993988 -0.00076761 -0.01093823 0.00070826 0.99998501 -0.00542891 0.01094223 0.00542084 0.99992544
0.99995392 0.00319012 -0.00905428 -0.00323547 0.99998227 -0.00499815 0.00903817 0.00502722 0.99994652
0.99995012 0.00543959 -0.00837707 -0.00542922 0.99998447 0.00125992 0.00838379 -0.00121438 0.99996412
0.99996575 0.00296272 -0.00772760 -0.00294047 0.99999150 0.00288898 0.00773609 -0.00286615 0.99996597
0.99998567 0.00225531 -0.00485452 -0.00224912 0.99999665 0.00127980 0.00485739 -0.00126887 0.99998740
0.99998892 0.00026602 -0.00469962 -0.00026176 0.99999956 0.00090541 0.00469986 -0.00090417 0.99998855
0.99999521 0.00202776 -0.00234040 -0.00203518 0.99999290 -0.00317291 0.00233395 0.00317766 0.99999223
0.99998550 -0.00224241 -0.00489619 0.00223048 0.99999454 -0.00244000 0.00490163 0.00242904 0.99998504
0.99999577 0.00100622 -0.00273023 -0.00101095 0.99999799 -0.00172887 0.00272848 0.00173162 0.99999478
0.99999956 -0.00085494 -0.00037737 0.00085419 0.99999769 -0.00197057 0.00037905 0.00197025 0.99999799
0.99999628 0.00247920 -0.00113493 -0.00248249 0.99999271 -0.00290256 0.00112772 0.00290537 0.99999514
0.99999864 0.00044345 -0.00158666 -0.00044383 0.99999987 -0.00024073 0.00158655 0.00024143 0.99999871
0.99999771 -0.00211006 0.00034309 0.00210871 0.99999018 0.00389699 -0.00035131 -0.00389626 0.99999235
0.99999835 -0.00131282 0.00125634 0.00130645 0.99998636 0.00505761 -0.00126297 -0.00505596 0.99998642
0.99999620 0.00256769 0.00099913 -0.00257010 0.99999378 0.00241670 -0.00099291 -0.00241926 0.99999658
0.99999576 0.00281740 0.00073803 -0.00281732 0.99999603 -0.00010041 -0.00073831 0.00009833 0.99999972
0.99999543 0.00292730 0.00075262 -0.00292832 0.99999479 0.00135823 -0.00074864 -0.00136043 0.99999879
0.99999987 -0.00051579 0.00003057 0.00051590 0.99999294 -0.00372110 -0.00002865 0.00372111 0.99999308
0.99999773 -0.00184587 -0.00106486 0.00183980 0.99998221 -0.00567372 0.00107532 0.00567175 0.99998334
0.99998558 -0.00506371 -0.00178571 0.00505414 0.99997305 -0.00532491 0.00181262 0.00531581 0.99998423
0.99999541 -0.00302525 0.00015066 0.00302433 0.99997893 0.00574438 -0.00016803 -0.00574390 0.99998349
0.99999991 -0.00035013 0.00024369 0.00034640 0.99988504 0.01515901 -0.00024897 -0.01515893 0.99988507
0.99999816 -0.00167821 -0.00093188 0.00168455 0.99997514 0.00684730 0.00092036 -0.00684886 0.99997612
0.99999781 0.00045498 0.00204415 -0.00043656 0.99995938 -0.00900231 -0.00204816 0.00900140 0.99995739
0.99998687 0.00512115 0.00020083 -0.00511667 0.99982291 -0.01811017 -0.00029354 0.01810890 0.99983598
0.99999909 0.00090631 -0.00100347 -0.00091821 0.99992847 -0.01192517 0.00099259 0.01192608 0.99992839
0.99999872 0.00070533 -0.00143907 -0.00069821 0.99998754 0.00494297 0.00144254 -0.00494196 0.99998675
0.99998718 -0.00386247 -0.00327537 0.00390238 0.99991713 0.01226773 0.00322772 -0.01228036 0.99991938
0.99999882 -0.00133751 -0.00076092 0.00134505 0.99994922 0.00998765 0.00074752 -0.00998867 0.99994983
0.99999359 -0.00302681 -0.00191446 0.00302902 0.99999475 0.00115304 0.00191096 -0.00115883 0.99999750
0.99998017 -0.00629239 -0.00027087 0.00629145 0.99997465 -0.00333564 0.00029185 0.00333387 0.99999440
0.99999928 -0.00031906 -0.00115916 0.00031590 0.99999624 -0.00272424 0.00116002 0.00272388 0.99999562
0.99999877 0.00138651 -0.00072715 -0.00138830 0.99999599 -0.00246822 0.00072373 0.00246922 0.99999669
0.99999774 0.00211923 -0.00017084 -0.00211990 0.99998975 -0.00400142 0.00016235 0.00400177 0.99999198
0.99999951 0.00096135 0.00022909 -0.00096106 0.99999873 -0.00127496 -0.00023032 0.00127474 0.99999916
0.99999477 -0.00315622 0.00070269 0.00315287 0.99998390 0.00471801 -0.00071757 -0.00471577 0.99998862
0.99999691 0.00023283 0.00247466 -0.00025503 0.99995969 0.00897459 -0.00247247 -0.00897520 0.99995667
0.99999362 -0.00290791 0.00207626 0.00290085 0.99999003 0.00339564 -0.00208611 -0.00338960 0.99999208
0.99999903 0.00074997 0.00117479 -0.00074800 0.99999832 -0.00167206 -0.00117605 0.00167118 0.99999791
0.99999925 0.00022815 0.00120064 -0.00022118 0.99998315 -0.00580116 -0.00120194 0.00580089 0.99998245
0.99999250 -0.00271864 0.00275866 0.00272200 0.99999556 -0.00121268 -0.00275535 0.00122018 0.99999546
0.99999691 0.00168964 0.00182221 -0.00169369 0.99999610 0.00222145 -0.00181845 -0.00222453 0.99999587
0.99999793 -0.00039176 0.00199486 0.00038127 0.99998612 0.00525516 -0.00199689 -0.00525439 0.99998420
0.99999426 0.00298478 0.00160499 -0.00298822 0.99999323 0.00214900 -0.00159856 -0.00215378 0.99999640
0.99999354 0.00321953 0.00159872 -0.00321596 0.99999234 -0.00223131 -0.00160589 0.00222615 0.99999623
0.99998702 0.00509474 0.00011493 -0.00509402 0.99997173 -0.00553134 -0.00014311 0.00553069 0.99998470
0.99999256 0.00378848 -0.00072676 -0.00378950 0.99999184 -0.00139684 0.00072146 0.00139958 0.99999876
0.99999098 -0.00338929 -0.00255950 0.00339203 0.99999368 0.00106954 0.00255586 -0.00107821 0.99999615
0.99999082 -0.00274409 -0.00329165 0.00274270 0.99999615 -0.00042784 0.00329281 0.00041881 0.99999449
0.99999031 -0.00218949 -0.00381875 0.00218220 0.99999579 -0.00191367 0.00382292 0.00190532 0.99999088
0.99998895 -0.00270919 -0.00384204 0.00271856 0.99999334 0.00243516 0.00383542 -0.00244558 0.99998965
0.99998358 -0.00387292 -0.00422325 0.00388507 0.99998833 0.00287281 0.00421207 -0.00288917 0.99998696
0.99998680 0.00109774 -0.00501910 -0.00109115 0.99999854 0.00131422 0.00502053 -0.00130873 0.99998654
0.99997400 0.00520249 -0.00499381 -0.00520595 0.99998622 -0.00068043 0.00499020 0.00070641 0.99998730
0.99998985 -0.00040250 -0.00448783 0.00039685 0.99999913 -0.00125847 0.00448833 0.00125668 0.99998914
0.99999307 0.00060128 -0.00367311 -0.00059226 0.99999681 0.00245599 0.00367457 -0.00245379 0.99999024
0.99999963 0.00052493 -0.00067999 -0.00052578 0.99999907 -0.00125939 0.00067933 0.00125975 0.99999898
0.99999778 -0.00191599 0.00087351 0.00191881 0.99999293 -0.00323529 -0.00086731 0.00323696 0.99999438
0.99999691 -0.00061747 -0.00240868 0.00060976 0.99999470 -0.00319942 0.00241064 0.00319794 0.99999198
0.99999767 -0.00109157 -0.00186039 0.00109500 0.99999769 0.00184801 0.00185837 -0.00185004 0.99999656
0.99999153 0.00400606 0.00094363 -0.00401056 0.99998037 0.00481463 -0.00092432 -0.00481837 0.99998796
0.99999767 -0.00043012 0.00211473 0.00042450 0.99999637 0.00266061 -0.00211586 -0.00265971 0.99999422
0.99999743 0.00004255 0.00226660 -0.00003408 0.99999302 -0.00373748 -0.00226674 0.00373740 0.99999045
0.99997581 -0.00320932 0.00617027 0.00323372 0.99998697 -0.00394931 -0.00615751 0.00396917 0.99997317
0.99994833 0.00354066 0.00952866 -0.00352487 0.99999239 -0.00167322 -0.00953451 0.00163954 0.99995320
0.99988450 -0.00133834 0.01513898 0.00133875 0.99999910 -0.00001666 -0.01513894 0.00003693 0.99988540
0.99985690 -0.00189608 0.01681028 0.00186616 0.99999665 0.00179563 -0.01681363 -0.00176401 0.99985708
0.99979953 -0.00062582 0.02001290 0.00058333 0.99999756 0.00212882 -0.02001418 -0.00211672 0.99979746
0.99971187 -0.00222088 0.02390053 0.00228899 0.99999340 -0.00282275 -0.02389411 0.00287664 0.99971036
0.99964026 -0.00114092 0.02679656 0.00118184 0.99999816 -0.00151132 -0.02679479 0.00154244 0.99963977
0.99955851 0.00126066 0.02968487 -0.00125708 0.99999920 -0.00013898 -0.02968502 0.00010160 0.99955930
0.99927634 0.00234223 0.03796451 -0.00244641 0.99999337 0.00269794 -0.03795794 -0.00278886 0.99927545
0.99906937 0.00528036 0.04280780 -0.00524997 0.99998588 -0.00082227 -0.04281154 0.00059677 0.99908299
0.99893550 0.00132952 0.04610974 -0.00118629 0.99999439 -0.00313354 -0.04611365 0.00307550 0.99893147
0.99859240 0.00544845 0.05275920 -0.00526787 0.99997978 -0.00356113 -0.05277753 0.00327819 0.99860091
0.99837136 0.00438393 0.05688073 -0.00424601 0.99998775 -0.00254540 -0.05689120 0.00229974 0.99837774
0.99828862 -0.00369836 0.05836234 0.00391207 0.99998605 -0.00354806 -0.05834840 0.00377031 0.99828916
0.99832541 -0.00131346 0.05783296 0.00168404 0.99997836 -0.00635952 -0.05782336 0.00644626 0.99830602
0.99806784 0.00118223 0.06212232 -0.00065288 0.99996331 -0.00854077 -0.06213014 0.00848371 0.99803200
0.99759624 0.00663329 0.06897634 -0.00615421 0.99995546 -0.00715576 -0.06902074 0.00671406 0.99759263
0.99791393 -0.00014655 0.06455819 0.00024789 0.99999875 -0.00156182 -0.06455788 0.00157457 0.99791272
0.99788682 -0.00586915 0.06471052 0.00576019 0.99998166 0.00187021 -0.06472031 -0.00149351 0.99790233
0.99788160 -0.00509417 0.06485644 0.00483238 0.99997953 0.00419263 -0.06487647 -0.00387033 0.99788580
0.99792268 0.00232005 0.06438129 -0.00267130 0.99998201 0.00537016 -0.06436767 -0.00553099 0.99791092
0.99830141 0.00406297 0.05811872 -0.00421424 0.99998804 0.00248036 -0.05810795 -0.00272107 0.99830660
0.99826226 0.00265535 0.05886769 -0.00270102 0.99999611 0.00069623 -0.05886561 -0.00085402 0.99826555
0.99853660 -0.00098277 0.05407123 0.00103792 0.99999897 -0.00099189 -0.05407020 0.00104656 0.99853659
0.99863087 -0.00040444 0.05230883 0.00047289 0.99999905 -0.00129623 -0.05230825 0.00131919 0.99863011
0.99883741 0.00207899 0.04816116 -0.00206902 0.99999783 -0.00025677 -0.04816159 0.00015683 0.99883955
0.99895425 0.00217830 0.04566900 -0.00224178 0.99999659 0.00133870 -0.04566593 -0.00143968 0.99895573
0.99910496 0.00071282 0.04229383 -0.00088881 0.99999102 0.00414246 -0.04229050 -0.00417635 0.99909663
0.99932784 -0.00081620 0.03664962 0.00066909 0.99999167 0.00402613 -0.03665260 -0.00399890 0.99932007
0.99954653 -0.00582115 0.02954409 0.00583851 0.99998283 -0.00050148 -0.02954067 0.00067374 0.99956335
0.99969031 -0.00310526 0.02469105 0.00312873 0.99999469 -0.00091190 -0.02468809 0.00098887 0.99969471
0.99978515 -0.00413969 0.02031075 0.00416926 0.99999031 -0.00141351 -0.02030470 0.00149789 0.99979272
0.99987147 -0.00212393 0.01589101 0.00219929 0.99998641 -0.00472648 -0.01588076 0.00476082 0.99986256
0.99995567 -0.00370200 0.00865748 0.00370819 0.99999288 -0.00069980 -0.00865483 0.00073187 0.99996228
0.99998701 -0.00153664 0.00485890 0.00153736 0.99999881 -0.00014460 -0.00485868 0.00015207 0.99998819
0.99997772 0.00431202 0.00509665 -0.00432421 0.99998781 0.00238306 -0.00508632 -0.00240504 0.99998417
0.99999395 0.00325896 0.00121382 -0.00326189 0.99999177 0.00241384 -0.00120594 -0.00241778 0.99999635
0.99999573 -0.00290618 0.00032093 0.00290655 0.99999510 -0.00116085 -0.00031755 0.00116178 0.99999927
0.99999863 0.00042704 -0.00159752 -0.00043072 0.99999725 -0.00230437 0.00159653 0.00230505 0.99999607
0.99999382 -0.00326799 -0.00129604 0.00326896 0.99999438 0.00074910 0.00129358 -0.00075333 0.99999888
0.99998935 0.00083856 -0.00453749 -0.00082341 0.99999408 0.00333976 0.00454026 -0.00333599 0.99998413
0.99998726 -0.00289336 -0.00413701 0.00292269 0.99997052 0.00710109 0.00411634 -0.00711309 0.99996623
0.99998902 -0.00114236 -0.00454479 0.00115463 0.99999569 0.00269826 0.00454169 -0.00270348 0.99998603
0.99998716 0.00161203 -0.00480375 -0.00161207 0.99999870 -0.00000336 0.00480373 0.00001110 0.99998846
0.99998843 0.00238808 -0.00417502 -0.00240615 0.99998774 -0.00432859 0.00416463 0.00433859 0.99998192
0.99999659 0.00085838 -0.00246611 -0.00087320 0.99998154 -0.00601244 0.00246090 0.00601457 0.99997888
0.99999284 0.00134692 -0.00353644 -0.00136820 0.99998093 -0.00602212 0.00352826 0.00602692 0.99997561
0.99999516 0.00228179 -0.00211331 -0.00228349 0.99999707 -0.00079894 0.00211148 0.00080376 0.99999745
0.99999005 -0.00384533 -0.00226345 0.00385800 0.99997676 0.00562120 0.00224178 -0.00562988 0.99998164
0.99999317 0.00236985 -0.00283440 -0.00236316 0.99999442 0.00236216 0.00283999 -0.00235545 0.99999319
0.99999685 -0.00041475 -0.00247403 0.00040355 0.99998968 -0.00452436 0.00247588 0.00452334 0.99998670
0.99999697 0.00196442 -0.00148208 -0.00197071 0.99998900 -0.00425574 0.00147370 0.00425865 0.99998985
0.99999725 0.00221614 -0.00076553 -0.00221113 0.99997654 0.00648244 0.00077987 -0.00648073 0.99997870
0.99998288 0.00540250 -0.00224994 -0.00537945 0.99993422 0.01012956 0.00230452 -0.01011729 0.99994616
0.99999724 0.00205915 -0.00112787 -0.00205650 0.99999513 0.00234788 0.00113270 -0.00234555 0.99999661
0.99998903 -0.00285108 -0.00371634 0.00283919 0.99999085 -0.00319997 0.00372543 0.00318938 0.99998797
0.99997704 -0.00431471 -0.00522587 0.00431881 0.99999037 0.00077371 0.00522248 -0.00079627 0.99998605
0.99998143 -0.00528750 -0.00303004 0.00528698 0.99998601 -0.00017948 0.00303095 0.00016346 0.99999539
0.99998633 0.00123534 -0.00508020 -0.00123099 0.99999887 0.00085935 0.00508125 -0.00085308 0.99998673
0.99998859 -0.00188344 -0.00439037 0.00187497 0.99999638 -0.00193164 0.00439400 0.00192338 0.99998850
0.99999080 -0.00098811 -0.00417488 0.00098483 0.99999920 -0.00078910 0.00417566 0.00078498 0.99999097
0.99999363 0.00208532 -0.00289582 -0.00208999 0.99999652 -0.00161022 0.00289245 0.00161626 0.99999451
0.99999635 0.00133251 -0.00235166 -0.00133103 0.99999892 0.00063036 0.00235250 -0.00062723 0.99999704
0.99999865 -0.00052105 -0.00156132 0.00051921 0.99999917 -0.00117975 0.00156193 0.00117894 0.99999809
0.99999661 0.00090623 -0.00244268 -0.00091216 0.99999664 -0.00242579 0.00244048 0.00242801 0.99999407
0.99999831 0.00176739 -0.00050439 -0.00176856 0.99999571 -0.00233473 0.00050026 0.00233561 0.99999715
0.99999577 0.00288660 0.00035451 -0.00288699 0.99999522 0.00110875 -0.00035131 -0.00110977 0.99999932
0.99999106 0.00422701 0.00011424 -0.00422711 0.99999060 0.00096407 -0.00011016 -0.00096454 0.99999953
0.99998031 0.00613636 0.00130973 -0.00613514 0.99998074 -0.00093266 -0.00131543 0.00092460 0.99999871
0.99999039 0.00418256 -0.00131618 -0.00418215 0.99999120 0.00031614 0.00131749 -0.00031063 0.99999908
0.99999056 -0.00335400 0.00276316 0.00334618 0.99999040 0.00283055 -0.00277262 -0.00282128 0.99999218
0.99999738 0.00186926 0.00131913 -0.00187059 0.99999775 0.00100380 -0.00131725 -0.00100627 0.99999863
0.99999232 -0.00131643 0.00369032 0.00131182 0.99999836 0.00124999 -0.00369196 -0.00124514 0.99999241
0.99999657 0.00238080 -0.00109158 -0.00237693 0.99999094 0.00352991 0.00109997 -0.00352731 0.99999317
0.99999799 0.00029219 0.00198358 -0.00030362 0.99998333 0.00576535 -0.00198186 -0.00576594 0.99998141
0.99998634 0.00430192 0.00296841 -0.00430127 0.99999072 -0.00022565 -0.00296935 0.00021288 0.99999557
0.99995996 0.00819208 0.00360133 -0.00818596 0.99996503 -0.00170920 -0.00361520 0.00167965 0.99999205
0.99999917 -0.00050608 0.00118435 0.00051105 0.99999105 -0.00420058 -0.00118221 0.00420118 0.99999048
0.99998051 -0.00602530 0.00163741 0.00603260 0.99997173 -0.00448875 -0.00161032 0.00449854 0.99998858
