1.00000000 0.00000000 0.00000000 0.00000000 1.00000000 0.00000000 0.00000000 0.00000000 1.00000000
0.99999894 0.00145264 0.00000282 -0.00145264 0.99999888 0.00035179 -0.00000231 -0.00035179 0.99999994
0.99999898 0.00141345 0.00021554 -0.00141372 0.99999822 0.00125281 -0.00021377 -0.00125311 0.99999919
0.99999746 0.00188470 0.00123267 -0.00188643 0.99999724 0.00140394 -0.00123002 -0.00140626 0.99999825
0.99999956 0.00088814 0.00030985 -0.00088846 0.99999909 0.00101610 -0.00030895 -0.00101637 0.99999944
0.99999987 -0.00044031 0.00025208 0.00044000 0.99999916 0.00121751 -0.00025262 -0.00121739 0.99999923
1.00000000 0.00005276 -0.00004938 -0.00005273 0.99999976 0.00068945 0.00004942 -0.00068945 0.99999976
0.99999953 -0.00087640 0.00041008 0.00087593 0.99999895 0.00115151 -0.00041109 -0.00115115 0.99999925
0.99999986 0.00051902 0.00004967 -0.00051907 0.99999937 0.00099167 -0.00004916 -0.00099169 0.99999951
1.00000000 -0.00005347 0.00001959 0.00005349 0.99999967 -0.00081120 -0.00001954 0.00081121 0.99999967
0.99999516 0.00311153 -0.00007142 -0.00311176 0.99998930 -0.00342236 0.00006077 0.00342256 0.99999414
0.99999951 0.00097126 -0.00019674 -0.00097222 0.99998732 -0.00494206 0.00019194 0.00494225 0.99998777
0.99998675 0.00514157 0.00024812 -0.00514126 0.99998606 -0.00120403 -0.00025431 0.00120274 0.99999924
0.99999361 0.00354914 0.00042331 -0.00354983 0.99999236 0.00163819 -0.00041749 -0.00163969 0.99999857
0.99998439 0.00557667 0.00035532 -0.00557800 0.99997692 0.00387832 -0.00033369 -0.00388024 0.99999242
0.99999078 0.00428546 0.00028710 -0.00428569 0.99999050 0.00080089 -0.00028367 -0.00080212 0.99999964
0.99999829 0.00182879 -0.00026519 -0.00182859 0.99999804 0.00076363 0.00026659 -0.00076315 0.99999967
0.99999661 0.00260312 0.00007952 -0.00260302 0.99999584 -0.00124479 -0.00008276 0.00124458 0.99999922
0.99999849 0.00173862 -0.00005522 -0.00173867 0.99999814 -0.00083941 0.00005376 0.00083950 0.99999965
0.99999973 -0.00073763 0.00006400 0.00073764 0.99999971 -0.00017145 -0.00006388 0.00017150 0.99999998
0.99999798 0.00199772 -0.00020454 -0.00199754 0.99999761 0.00088780 0.00020632 -0.00088739 0.99999958
0.99999860 0.00155218 -0.00062887 -0.00155233 0.99999877 -0.00023989 0.00062849 0.00024086 0.99999977
0.99999889 -0.00147316 0.00020240 0.00147355 0.99999707 -0.00191855 -0.00019957 0.00191885 0.99999814
0.99999968 0.00075045 0.00026929 -0.00074985 0.99999730 -0.00219871 -0.00027094 0.00219850 0.99999755
0.99999565 0.00293704 -0.00028590 -0.00293687 0.99999551 0.00059579 0.00028764 -0.00059494 0.99999978
0.99999988 0.00041116 -0.00028064 -0.00041061 0.99999803 0.00194401 0.00028144 -0.00194389 0.99999807
0.99999948 0.00091810 -0.00044384 -0.00091735 0.99999816 0.00168182 0.00044539 -0.00168141 0.99999849
0.99999936 0.00112457 -0.00010819 -0.00112435 0.99999744 0.00196423 0.00011040 -0.00196411 0.99999807
0.99999991 -0.00029711 -0.00028720 0.00029731 0.99999970 0.00072071 0.00028699 -0.00072080 0.99999970
0.99999819 -0.00170267 -0.00084496 0.00170380 0.99999765 0.00134388 0.00084267 -0.00134531 0.99999874
0.99999904 -0.00129139 -0.00051051 0.00129138 0.99999917 -0.00001157 0.00051053 0.00001091 0.99999987
0.99999982 -0.00026629 -0.00054613 0.00026535 0.99999849 -0.00171949 0.00054659 0.00171935 0.99999837
0.99999943 -0.00060573 -0.00087486 0.00060181 0.99998981 -0.00447391 0.00087756 0.00447338 0.99998961
0.99999617 -0.00265366 -0.00078523 0.00265139 0.99999233 -0.00288251 0.00079287 0.00288042 0.99999554
0.99999847 -0.00171273 -0.00036838 0.00171327 0.99999748 0.00145245 0.00036590 -0.00145307 0.99999888
0.99999477 -0.00322981 -0.00013875 0.00323067 0.99997215 0.00672756 0.00011702 -0.00672797 0.99997736
0.99998618 -0.00496975 -0.00171726 0.00497855 0.99997430 0.00515848 0.00169158 -0.00516696 0.99998522
0.99997804 -0.00610193 -0.00258517 0.00610412 0.99998102 0.00084122 0.00257999 -0.00085698 0.99999630
0.99999086 -0.00245992 -0.00349764 0.00245268 0.99999484 -0.00207277 0.00350272 0.00206417 0.99999174
0.99998630 -0.00296014 -0.00431711 0.00295578 0.99999512 -0.00101632 0.00432010 0.00100354 0.99999016
0.99997870 -0.00032301 -0.00651916 0.00032491 0.99999991 0.00029056 0.00651907 -0.00029267 0.99997871
0.99997075 0.00153624 -0.00749321 -0.00151559 0.99999504 0.00276091 0.00749741 -0.00274947 0.99996811
0.99995795 0.00031151 -0.00916510 -0.00027951 0.99999386 0.00349212 0.00916613 -0.00348941 0.99995190
0.99993863 0.00101101 -0.01103220 -0.00098425 0.99999656 0.00243123 0.01103462 -0.00242022 0.99993619
0.99992927 -0.00017611 -0.01189238 0.00018697 0.99999957 0.00091210 0.01189222 -0.00091426 0.99992887
0.99989542 0.00109973 -0.01442038 -0.00107964 0.99999844 0.00140052 0.01442190 -0.00138480 0.99989504
0.99988727 0.00047649 -0.01500751 -0.00045548 0.99999891 0.00140337 0.01500816 -0.00139638 0.99988640
0.99986890 0.00097429 -0.01616295 -0.00099479 0.99999871 -0.00126019 0.01616170 0.00127610 0.99986858
0.99986254 0.00102051 -0.01654856 -0.00104016 0.99999876 -0.00117887 0.01654733 0.00119592 0.99986237
0.99985736 0.00076989 -0.01687222 -0.00076789 0.99999970 0.00012487 0.01687231 -0.00011189 0.99985765
0.99985010 0.00003704 -0.01731403 -0.00000287 0.99999805 0.00197345 0.01731407 -0.00197310 0.99984815
0.99985875 -0.00140796 -0.01674826 0.00142334 0.99999858 0.00090655 0.01674696 -0.00093026 0.99985933
0.99984782 -0.00117754 -0.01740540 0.00118269 0.99999926 0.00028540 0.01740505 -0.00030594 0.99984847
0.99984980 -0.00047001 -0.01732510 0.00047720 0.99999980 0.00041118 0.01732490 -0.00041938 0.99984982
0.99985103 -0.00041231 -0.01725546 0.00043564 0.99999900 0.00134851 0.01725488 -0.00135582 0.99985020
0.99984164 0.00120076 -0.01775547 -0.00120005 0.99999928 0.00005089 0.01775552 -0.00002958 0.99984236
0.99983858 -0.00008420 -0.01796690 0.00008156 0.99999999 -0.00014769 0.01796691 0.00014620 0.99983857
0.99983498 -0.00055517 -0.01815794 0.00055771 0.99999984 0.00013476 0.01815786 -0.00014487 0.99983512
0.99982840 0.00118740 -0.01848668 -0.00115805 0.99999805 0.00159840 0.01848854 -0.00157672 0.99982783
0.99983787 0.00135574 -0.01795526 -0.00136730 0.99999887 -0.00063167 0.01795438 0.00065612 0.99983859
0.99983585 0.00165411 -0.01804291 -0.00170391 0.99999478 -0.00274542 0.01803827 0.00277571 0.99983344
0.99984699 0.00107005 -0.01746023 -0.00111267 0.99999643 -0.00243111 0.01745756 0.00245017 0.99984460
0.99984996 0.00291140 -0.01707573 -0.00288406 0.99999452 0.00162573 0.01708037 -0.00157624 0.99985288
0.99985356 0.00298244 -0.01685140 -0.00294772 0.99999348 0.00208456 0.01685751 -0.00203458 0.99985583
0.99986267 0.00157751 -0.01649702 -0.00155458 0.99999781 0.00140260 0.01649920 -0.00137676 0.99986293
0.99987599 0.00098126 -0.01571729 -0.00097789 0.99999950 0.00022167 0.01571750 -0.00020627 0.99987645
0.99988157 0.00300828 -0.01509318 -0.00302217 0.99999503 -0.00089800 0.01509041 0.00094351 0.99988569
0.99989211 0.00305585 -0.01436738 -0.00304011 0.99999475 0.00111722 0.01437072 -0.00107343 0.99989616
0.99991066 0.00166673 -0.01326265 -0.00163576 0.99999591 0.00234569 0.01326650 -0.00232378 0.99990930
0.99992217 0.00478496 -0.01152166 -0.00476196 0.99998662 0.00202264 0.01153118 -0.00196762 0.99993158
0.99992856 0.00638417 -0.01010513 -0.00638716 0.99997957 -0.00026322 0.01010324 0.00032775 0.99994891
0.99995805 0.00284558 -0.00870613 -0.00287032 0.99999187 -0.00283113 0.00869800 0.00285600 0.99995809
0.99996560 0.00406056 -0.00723242 -0.00406991 0.99999090 -0.00127868 0.00722716 0.00130807 0.99997303
0.99996814 0.00440630 -0.00665647 -0.00440014 0.99998988 0.00093951 0.00666054 -0.00091019 0.99997740
0.99998178 0.00269546 -0.00540094 -0.00267936 0.99999195 0.00298569 0.00540894 -0.00297117 0.99998096
0.99998526 0.00193607 -0.00507201 -0.00192749 0.99999671 0.00169515 0.00507527 -0.00168535 0.99998570
0.99998611 0.00199068 -0.00488073 -0.00199445 0.99999772 -0.00076701 0.00487919 0.00077673 0.99998780
0.99998656 0.00137509 -0.00499851 -0.00138849 0.99999545 -0.00267931 0.00499480 0.00268622 0.99998392
0.99998566 0.00120217 -0.00521816 -0.00121847 0.99999439 -0.00312072 0.00521438 0.00312703 0.99998152
0.99998651 0.00202944 -0.00478209 -0.00203554 0.99999712 -0.00127147 0.00477950 0.00128119 0.99998776
0.99998958 0.00064173 -0.00451877 -0.00064053 0.99999976 0.00026624 0.00451894 -0.00026334 0.99998975
0.99998897 -0.00104032 -0.00457983 0.00104226 0.99999937 0.00042192 0.00457939 -0.00042669 0.99998942
0.99998849 0.00206340 -0.00433041 -0.00206598 0.99999769 -0.00059016 0.00432918 0.00059910 0.99999045
0.99999194 0.00114928 -0.00384667 -0.00115095 0.99999924 -0.00043287 0.00384617 0.00043730 0.99999251
0.99998973 -0.00153280 -0.00426451 0.00153668 0.99999841 0.00090528 0.00426311 -0.00091182 0.99999050
0.99999274 0.00147337 -0.00351514 -0.00147499 0.99999881 -0.00045912 0.00351446 0.00046430 0.99999372
0.99999127 0.00348928 -0.00229922 -0.00348391 0.99999120 0.00233589 0.00230735 -0.00232786 0.99999463
0.99999548 -0.00176765 -0.00243264 0.00178313 0.99997810 0.00637291 0.00242132 -0.00637722 0.99997673
0.99999187 -0.00345832 -0.00207432 0.00347147 0.99997370 0.00636795 0.00205224 -0.00637510 0.99997757
0.99999855 0.00101488 -0.00137032 -0.00101387 0.99999921 0.00073890 0.00137107 -0.00073751 0.99999879
0.99999519 0.00262536 -0.00165181 -0.00263848 0.99996457 -0.00799380 0.00163077 0.00799812 0.99996668
0.99999896 0.00018787 -0.00143270 -0.00020297 0.99994432 -0.01055042 0.00143063 0.01055070 0.99994332
0.99999877 -0.00134444 -0.00080295 0.00134050 0.99998716 -0.00488729 0.00080951 0.00488621 0.99998773
0.99999981 -0.00061743 0.00001691 0.00061743 0.99999976 -0.00032256 -0.00001671 0.00032257 0.99999995
0.99999545 0.00300968 0.00022595 -0.00300958 0.99999539 -0.00041242 -0.00022719 0.00041174 0.99999989
0.99999971 0.00022082 0.00072487 -0.00022038 0.99999980 -0.00059734 -0.00072500 0.00059718 0.99999956
0.99999954 -0.00002044 0.00096145 0.00001811 0.99999706 0.00242585 -0.00096149 -0.00242583 0.99999660
0.99999966 -0.00049952 0.00065357 0.00049607 0.99998602 0.00526441 -0.00065619 -0.00526408 0.99998593
0.99999983 0.00029876 0.00049654 -0.00030102 0.99998956 0.00455874 -0.00049517 -0.00455889 0.99998949
0.99999858 0.00159304 -0.00055555 -0.00159245 0.99999817 0.00105802 0.00055723 -0.00105714 0.99999929
0.99999725 0.00205509 -0.00113079 -0.00205922 0.99999118 -0.00366189 0.00112325 0.00366421 0.99999266
0.99999903 0.00072081 -0.00119066 -0.00072737 0.99998451 -0.00551760 0.00118666 0.00551846 0.99998407
0.99999802 0.00029151 -0.00196895 -0.00030300 0.99998293 -0.00583446 0.00196722 0.00583504 0.99998104
0.99999364 0.00253630 -0.00250707 -0.00254207 0.99999412 -0.00230230 0.00250122 0.00230865 0.99999421
0.99998237 0.00546666 -0.00231935 -0.00546099 0.99998210 0.00244346 0.00233267 -0.00243075 0.99999433
0.99998588 0.00453153 -0.00277432 -0.00451669 0.99997558 0.00533297 0.00279842 -0.00532036 0.99998193
0.99999462 0.00139276 -0.00297086 -0.00137834 0.99998730 0.00484864 0.00297757 -0.00484452 0.99998383
0.99999558 0.00172911 -0.00242009 -0.00172930 0.99999850 -0.00007708 0.00241995 0.00008126 0.99999707
0.99999468 0.00201176 -0.00256828 -0.00201897 0.99999402 -0.00280836 0.00256261 0.00281353 0.99999276
0.99999377 0.00227946 -0.00269358 -0.00228921 0.99999082 -0.00362199 0.00268530 0.00362813 0.99998981
0.99999369 0.00165164 -0.00314661 -0.00165858 0.99999620 -0.00220305 0.00314296 0.00220826 0.99999262
0.99999176 -0.00210794 -0.00346889 0.00210316 0.99999683 -0.00138168 0.00347179 0.00137438 0.99999303
0.99999008 -0.00278886 -0.00347364 0.00278341 0.99999489 -0.00157235 0.00347801 0.00156266 0.99999273
0.99999238 -0.00191872 -0.00339894 0.00190924 0.99999429 -0.00279010 0.00340428 0.00278359 0.99999033
0.99999146 -0.00197110 -0.00363376 0.00195854 0.99999211 -0.00345706 0.00364055 0.00344991 0.99998742
0.99999029 0.00074038 -0.00434320 -0.00074913 0.99999769 -0.00201507 0.00434170 0.00201831 0.99998854
0.99999188 0.00072953 -0.00396383 -0.00073388 0.99999913 -0.00109420 0.00396303 0.00109710 0.99999155
0.99999066 0.00021617 -0.00431721 -0.00021661 0.99999997 -0.00010161 0.00431719 0.00010255 0.99999068
0.99999094 0.00217184 -0.00366154 -0.00217019 0.99999754 0.00045482 0.00366252 -0.00044687 0.99999319
0.99999496 0.00212431 -0.00235793 -0.00212432 0.99999774 -0.00000275 0.00235792 0.00000776 0.99999722
0.99999628 0.00257665 -0.00089000 -0.00257843 0.99999467 -0.00200316 0.00088483 0.00200544 0.99999760
0.99999844 0.00176747 0.00006694 -0.00176727 0.99999436 -0.00285490 -0.00007199 0.00285477 0.99999592
0.99999573 0.00290865 0.00027127 -0.00290844 0.99999545 -0.00079646 -0.00027359 0.00079567 0.99999965
0.99999967 -0.00017236 0.00079450 0.00017074 0.99999789 0.00204896 -0.00079485 -0.00204883 0.99999759
0.99999916 0.00011080 0.00129066 -0.00011196 0.99999959 0.00090178 -0.00129056 -0.00090193 0.99999876
0.99999889 -0.00041477 0.00143439 0.00041799 0.99999739 -0.00224430 -0.00143346 0.00224490 0.99999645
0.99999729 -0.00216929 0.00083953 0.00217235 0.99999095 -0.00365749 -0.00083159 0.00365930 0.99999296
0.99999873 -0.00158742 0.00015025 0.00158772 0.99999675 -0.00199458 -0.00014708 0.00199481 0.99999800
0.99999722 -0.00230421 0.00049518 0.00230592 0.99999130 -0.00347659 -0.00048717 0.00347772 0.99999383
0.99999326 -0.00361140 0.00066910 0.00361439 0.99998324 -0.00452376 -0.00065275 0.00452615 0.99998954
0.99999128 0.00416537 0.00028845 -0.00416496 0.99999035 -0.00139519 -0.00029426 0.00139398 0.99999899
0.99999620 0.00266488 0.00071092 -0.00266869 0.99998184 0.00540418 -0.00069650 -0.00540606 0.99998514
0.99998956 0.00453306 0.00058172 -0.00454033 0.99990314 0.01315630 -0.00052203 -0.01315880 0.99991328
0.99999397 0.00302301 0.00170769 -0.00303805 0.99995598 0.00887789 -0.00168078 -0.00888303 0.99995913
0.99998424 0.00540082 0.00153154 -0.00540608 0.99997942 0.00345477 -0.00151285 -0.00346300 0.99999286
0.99999763 0.00183893 0.00116121 -0.00183710 0.99999707 -0.00157417 -0.00116410 0.00157203 0.99999809
0.99996411 -0.00842360 0.00090644 0.00842539 0.99996253 -0.00198669 -0.00088967 0.00199426 0.99999762
0.99999987 0.00037983 0.00032637 -0.00037829 0.99998877 -0.00472459 -0.00032816 0.00472447 0.99998879
0.99999935 0.00062063 0.00095723 -0.00061432 0.99997816 -0.00658034 -0.00096129 0.00657974 0.99997789
0.99999851 0.00094623 0.00144312 -0.00093694 0.99997892 -0.00642574 -0.00144917 0.00642438 0.99997831
0.99998310 0.00566936 0.00128652 -0.00567017 0.99998373 0.00062670 -0.00128295 -0.00063398 0.99999898
0.99998865 0.00452113 0.00150176 -0.00452874 0.99997673 0.00510139 -0.00147866 -0.00510814 0.99998586
0.99998852 -0.00460856 0.00131564 0.00459566 0.99994291 0.00964694 -0.00136002 -0.00964078 0.99995260
0.99999707 -0.00240863 0.00025358 0.00240597 0.99994700 0.01001033 -0.00027768 -0.01000969 0.99994986
0.99999512 -0.00312151 0.00010695 0.00312119 0.99999079 0.00294674 -0.00011615 -0.00294639 0.99999565
0.99999591 -0.00279668 -0.00060167 0.00279405 0.99998673 -0.00432926 0.00061377 0.00432756 0.99999045
0.99999558 -0.00296211 -0.00026120 0.00295999 0.99996540 -0.00777389 0.00028422 0.00777308 0.99996975
0.99998840 0.00462532 -0.00134320 -0.00463307 0.99997231 -0.00582424 0.00131622 0.00583039 0.99998214
0.99999655 0.00262626 0.00000459 -0.00262622 0.99998765 -0.00421851 -0.00001567 0.00421849 0.99999110
0.99999517 0.00305526 -0.00056809 -0.00305683 0.99999149 -0.00276981 0.00055962 0.00277153 0.99999600
0.99999822 0.00188441 -0.00002992 -0.00188434 0.99999589 0.00216168 0.00003400 -0.00216162 0.99999766
0.99999826 -0.00181899 -0.00041193 0.00182251 0.99996032 0.00871953 0.00039605 -0.00872026 0.99996190
0.99999997 0.00022706 0.00008240 -0.00022749 0.99998588 0.00530931 -0.00008119 -0.00530933 0.99998590
0.99999690 -0.00247886 -0.00022372 0.00247948 0.99999284 0.00285814 0.00021664 -0.00285868 0.99999589
0.99999924 -0.00110297 -0.00054664 0.00110147 0.99999565 -0.00273697 0.00054965 0.00273637 0.99999611
0.99999443 -0.00332523 -0.00028375 0.00332441 0.99999048 -0.00282596 0.00029315 0.00282500 0.99999597
0.99999727 -0.00210753 -0.00100832 0.00210597 0.99999659 -0.00154584 0.00101157 0.00154371 0.99999830
0.99999910 0.00073213 -0.00112331 -0.00072811 0.99999335 0.00357260 0.00112591 -0.00357178 0.99999299
0.99999978 -0.00033040 -0.00056947 0.00033255 0.99999283 0.00377348 0.00056822 -0.00377366 0.99999272
0.99999482 0.00310411 -0.00085458 -0.00310419 0.99999518 -0.00009291 0.00085429 0.00009557 0.99999963
0.99998363 0.00569280 -0.00057242 -0.00569556 0.99997158 -0.00493903 0.00054429 0.00494221 0.99998764
0.99999808 0.00193479 -0.00032358 -0.00193588 0.99999230 -0.00341358 0.00031697 0.00341420 0.99999412
0.99999865 0.00159298 -0.00041054 -0.00159242 0.99999782 0.00134984 0.00041269 -0.00134919 0.99999900
0.99999959 0.00005295 -0.00090031 -0.00004971 0.99999352 0.00360060 0.00090050 -0.00360056 0.99999311
0.99999933 0.00010467 -0.00115266 -0.00010592 0.99999940 -0.00108790 0.00115255 0.00108802 0.99999874
0.99999120 -0.00415624 -0.00057815 0.00415559 0.99999073 -0.00112308 0.00058281 0.00112067 0.99999920
0.99999898 0.00097252 -0.00104234 -0.00097195 0.99999938 0.00054765 0.00104287 -0.00054664 0.99999931
0.99999673 0.00251796 -0.00044903 -0.00251753 0.99999638 0.00095486 0.00045143 -0.00095372 0.99999944
0.99999649 0.00228865 -0.00133832 -0.00229015 0.99999675 -0.00111833 0.00133576 0.00112139 0.99999848
0.99999864 0.00134098 -0.00095758 -0.00134113 0.99999909 -0.00016589 0.00095735 0.00016718 0.99999953
0.99999870 0.00160314 -0.00014238 -0.00160251 0.99998923 0.00435654 0.00014936 -0.00435631 0.99999050
0.99999750 0.00222554 -0.00021229 -0.00222523 0.99999648 0.00144618 0.00021551 -0.00144571 0.99999893
0.99999967 0.00080572 -0.00013041 -0.00080606 0.99999621 -0.00263281 0.00012829 0.00263291 0.99999653
0.99999941 0.00097249 -0.00049166 -0.00097450 0.99999116 -0.00409029 0.00048768 0.00409077 0.99999151
0.99999943 0.00105733 -0.00012235 -0.00105726 0.99999930 0.00052463 0.00012291 -0.00052450 0.99999985
0.99998636 0.00522318 0.00003445 -0.00522327 0.99998073 0.00335515 -0.00001693 -0.00335529 0.99999437
0.99999984 0.00055499 0.00014698 -0.00055509 0.99999959 0.00071768 -0.00014658 -0.00071776 0.99999973
0.99999880 -0.00146687 -0.00049056 0.00146519 0.99999313 -0.00340363 0.00049555 0.00340291 0.99999409
0.99999875 -0.00153230 -0.00038529 0.00153098 0.99999307 -0.00339324 0.00039048 0.00339265 0.99999417
0.99999922 -0.00117985 -0.00040154 0.00117925 0.99999818 -0.00149932 0.00040330 0.00149884 0.99999880
0.99999274 -0.00379645 -0.00033055 0.00379698 0.99999147 0.00162370 0.00032439 -0.00162494 0.99999863
0.99999725 -0.00232204 -0.00033733 0.00232243 0.99999662 0.00116480 0.00033463 -0.00116558 0.99999926
0.99999858 -0.00168206 0.00009748 0.00168198 0.99999819 0.00088859 -0.00009898 -0.00088843 0.99999960
0.99999677 -0.00250149 0.00044425 0.00250047 0.99999426 0.00228697 -0.00044997 -0.00228585 0.99999729
0.99999991 0.00040587 0.00013397 -0.00040605 0.99999896 0.00138237 -0.00013341 -0.00138242 0.99999904
0.99999964 -0.00074623 0.00041262 0.00074750 0.99999495 -0.00308940 -0.00041031 0.00308970 0.99999514
0.99999942 -0.00072226 0.00080132 0.00072572 0.99999036 -0.00433042 -0.00079818 0.00433100 0.99999030
0.99999473 0.00238372 0.00220391 -0.00238214 0.99999690 -0.00072112 -0.00220562 0.00071587 0.99999731
0.99998825 0.00395066 0.00280812 -0.00396222 0.99998365 0.00412373 -0.00279178 -0.00413481 0.99998755
0.99999431 -0.00040162 0.00334887 0.00039188 0.99999569 0.00290996 -0.00335002 -0.00290863 0.99999016
0.99998843 0.00099209 0.00470766 -0.00098334 0.99999779 -0.00186054 -0.00470950 0.00185588 0.99998719
0.99997839 0.00125146 0.00645460 -0.00124952 0.99999917 -0.00030557 -0.00645498 0.00029750 0.99997912
0.99997867 -0.00033061 0.00652283 0.00029990 0.99998887 0.00470838 -0.00652431 -0.00470632 0.99996764
0.99996935 -0.00200481 0.00756779 0.00198421 0.99999431 0.00272763 -0.00757321 -0.00271253 0.99996764
0.99995935 -0.00297896 0.00851074 0.00300003 0.99999246 -0.00246413 -0.00850333 0.00248956 0.99996075
0.99996728 -0.00111345 0.00801201 0.00115105 0.99998834 -0.00469072 -0.00800669 0.00469978 0.99995690
0.99995068 -0.00409391 0.00904847 0.00411764 0.99998813 -0.00260481 -0.00903770 0.00264194 0.99995567
0.99994937 -0.00416932 0.00915803 0.00416949 0.99999131 -0.00000012 -0.00915795 0.00003831 0.99995806
0.99994277 -0.00456325 0.00967642 0.00456033 0.99998955 0.00032338 -0.00967779 -0.00027923 0.99995313
0.99994132 -0.00322087 0.01034276 0.00321371 0.99999458 0.00070868 -0.01034498 -0.00067540 0.99994626
0.99994656 -0.00271563 0.00997472 0.00272151 0.99999613 -0.00057650 -0.00997312 0.00060361 0.99995009
0.99994498 -0.00154923 0.01037459 0.00158551 0.99999265 -0.00348994 -0.01036911 0.00350620 0.99994009
0.99993778 0.00007032 0.01115448 -0.00003560 0.99999515 -0.00311308 -0.01115464 0.00311249 0.99993294
0.99994840 -0.00107775 0.01010162 0.00111326 0.99999322 -0.00351020 -0.01009777 0.00352126 0.99994282
0.99995670 -0.00182834 0.00912439 0.00185624 0.99999363 -0.00305012 -0.00911876 0.00306692 0.99995372
0.99994979 0.00264854 0.00966457 -0.00263894 0.99999601 -0.00100652 -0.00966720 0.00098096 0.99995279
0.99992785 0.00855098 0.00843703 -0.00853888 0.99996247 -0.00146826 -0.00844927 0.00139611 0.99996333
0.99997794 0.00186685 0.00637522 -0.00184804 0.99999393 -0.00295461 -0.00638070 0.00294276 0.99997531
0.99999298 -0.00019109 0.00374081 0.00018626 0.99999915 0.00129208 -0.00374105 -0.00129138 0.99999217
0.99999579 -0.00266018 0.00115576 0.00265567 0.99998892 0.00388665 -0.00116609 -0.00388357 0.99999178
0.99999332 0.00304305 -0.00202266 -0.00303862 0.99999298 0.00219100 0.00202931 -0.00218484 0.99999555
0.99997978 0.00406796 -0.00488735 -0.00406476 0.99999152 0.00066522 0.00489001 -0.00064534 0.99998784
0.99995368 0.00035537 -0.00961787 -0.00037989 0.99999668 -0.00254688 0.00961694 0.00255041 0.99995050
0.99988072 -0.00365558 -0.01500609 0.00358522 0.99998247 -0.00471285 0.01502306 0.00465848 0.99987630
0.99969747 -0.00811962 -0.02321730 0.00804936 0.99996274 -0.00311830 0.02324175 0.00293047 0.99972558
0.99966327 -0.00267903 -0.02581020 0.00264853 0.99999575 -0.00121567 0.02581334 0.00114690 0.99966612
0.99951071 0.00434944 -0.03097449 -0.00430550 0.99998963 0.00148510 0.03098063 -0.00135101 0.99951907
0.99944410 0.00546286 -0.03288833 -0.00539670 0.99998323 0.00210019 0.03289925 -0.00192153 0.99945683
0.99941553 0.00534385 -0.03376443 -0.00520593 0.99997775 0.00417116 0.03378597 -0.00399295 0.99942111
0.99935885 0.00054198 -0.03579938 -0.00030391 0.99997781 0.00665535 0.03580219 -0.00664020 0.99933684
0.99931390 0.00175748 -0.03699517 -0.00143856 0.99996159 0.00864560 0.03700894 -0.00858645 0.99927804
0.99924477 0.00513774 -0.03851620 -0.00503514 0.99998351 0.00276034 0.03852975 -0.00256432 0.99925416
0.99920909 0.00438668 -0.03952162 -0.00451799 0.99998457 -0.00323360 0.03950683 0.00340960 0.99921348
0.99915353 0.00219856 -0.04107792 -0.00251576 0.99996741 -0.00767172 0.04105971 0.00776856 0.99912649
0.99911424 -0.00130183 -0.04206001 0.00101074 0.99997540 -0.00694129 0.04206801 0.00689263 0.99909097
0.99914332 0.00621384 -0.04091472 -0.00616491 0.99998012 0.00132191 0.04092212 -0.00106854 0.99916177
0.99911189 0.00473354 -0.04186915 -0.00444522 0.99996578 0.00697663 0.04190074 -0.00678432 0.99909874
0.99914147 0.00218657 -0.04137068 -0.00200553 0.99998823 0.00441704 0.04137985 -0.00433028 0.99913410
0.99910999 0.00221307 -0.04212268 -0.00231512 0.99999450 -0.00237398 0.04211720 0.00246938 0.99910963
0.99904283 -0.00130065 -0.04372335 0.00108373 0.99998699 -0.00498453 0.04372927 0.00493238 0.99903124
0.99901713 -0.00068605 -0.04432047 0.00053455 0.99999397 -0.00343002 0.04432256 0.00340296 0.99901148
0.99900645 0.00023366 -0.04456522 -0.00025244 0.99999988 -0.00041575 0.04456511 0.00042659 0.99900639
0.99898924 0.00094521 -0.04494010 -0.00083770 0.99999674 0.00241112 0.04494223 -0.00237104 0.99898677
0.99897594 0.00022493 -0.04524412 -0.00018052 0.99999950 0.00098567 0.04524432 -0.00097649 0.99897547
0.99903206 0.00260525 -0.04391076 -0.00260106 0.99999661 0.00015258 0.04391100 -0.00003821 0.99903545
0.99912063 0.00472122 -0.04166142 -0.00463014 0.99998668 0.00228230 0.04167164 -0.00208740 0.99912918
0.99920883 0.00391745 -0.03957738 -0.00398932 0.99999053 -0.00173701 0.03957020 0.00189352 0.99921500
0.99927345 0.00015977 -0.03811234 -0.00025268 0.99999701 -0.00243285 0.03811184 0.00244072 0.99927050
0.99936781 0.00006968 -0.03555254 -0.00012169 0.99999893 -0.00146052 0.03555240 0.00146392 0.99936674
0.99945604 -0.00462153 -0.03265383 0.00456641 0.99998802 -0.00176233 0.03266159 0.00161226 0.99946517
0.99950765 -0.00056973 -0.03137079 0.00050621 0.99999781 -0.00203259 0.03137188 0.00201571 0.99950575
0.99954843 -0.00632457 -0.02937589 0.00617335 0.99996724 -0.00523560 0.02940804 0.00505189 0.99955472
0.99956879 -0.00466690 -0.02899074 0.00450449 0.99997381 -0.00566509 0.02901642 0.00553206 0.99956363
0.99956558 -0.00818093 -0.02831457 0.00814719 0.99996596 -0.00130667 0.02832430 0.00107541 0.99959821
0.99966215 -0.00243690 -0.02587765 0.00244674 0.99999695 0.00034876 0.02587672 -0.00041196 0.99966506
0.99971645 -0.00337643 -0.02357154 0.00342149 0.99999240 0.00187153 0.02356505 -0.00195165 0.99972040
0.99979659 -0.00367204 -0.01983145 0.00369037 0.99999280 0.00088751 0.01982805 -0.00096051 0.99980294
0.99987938 -0.00085188 -0.01550793 0.00092113 0.99998964 0.00445865 0.01550397 -0.00447240 0.99986980
0.99991267 0.00100032 -0.01317759 -0.00095807 0.99999438 0.00321231 0.01318073 -0.00319940 0.99990801
0.99992351 -0.00241210 -0.01213051 0.00242049 0.99999684 0.00067717 0.01212884 -0.00070648 0.99992619
0.99993668 -0.00116132 -0.01119276 0.00109899 0.99998386 -0.00557351 0.01119906 0.00556085 0.99992183
0.99995149 0.00277413 -0.00945059 -0.00282133 0.99998359 -0.00498530 0.00943661 0.00501172 0.99994291
0.99994841 0.00589374 -0.00827297 -0.00588667 0.99998229 0.00087858 0.00827800 -0.00082984 0.99996539
0.99997328 0.00323309 -0.00655580 -0.00321603 0.99999142 0.00261052 0.00656418 -0.00258937 0.99997510
0.99998843 0.00127850 -0.00463634 -0.00127651 0.99999909 0.00043195 0.00463689 -0.00042603 0.99998916
0.99999168 0.00186932 -0.00362448 -0.00187283 0.99999778 -0.00096510 0.00362266 0.00097188 0.99999297
0.99998555 0.00341535 -0.00415083 -0.00342825 0.99998931 -0.00310415 0.00414018 0.00311834 0.99998657
0.99999609 -0.00089534 -0.00264757 0.00088763 0.99999537 -0.00291154 0.00265016 0.00290918 0.99999226
0.99999583 0.00065490 -0.00281131 -0.00065960 0.99999838 -0.00167252 0.00281021 0.00167437 0.99999465
0.99999980 0.00026152 -0.00057970 -0.00026265 0.99999805 -0.00195553 0.00057919 0.00195568 0.99999792
0.99999732 0.00218972 -0.00074935 -0.00219193 0.99999323 -0.00295688 0.00074287 0.00295852 0.99999535
0.99999866 0.00162880 -0.00013082 -0.00162895 0.99999796 -0.00119342 0.00012887 0.00119363 0.99999928
0.99999644 -0.00265321 -0.00029277 0.00265464 0.99998395 0.00500570 0.00027948 -0.00500646 0.99998743
0.99999849 -0.00173252 0.00013783 0.00173190 0.99998901 0.00435709 -0.00014537 -0.00435684 0.99999050
0.99999952 0.00009003 0.00097527 -0.00009186 0.99999823 0.00187886 -0.00097510 -0.00187895 0.99999776
0.99999728 0.00229042 0.00044758 -0.00229023 0.99999729 -0.00042942 -0.00044857 0.00042839 0.99999981
0.99999391 0.00339641 0.00079962 -0.00339691 0.99999404 0.00061757 -0.00079752 -0.00062028 0.99999949
0.99999981 0.00032510 0.00051635 -0.00032300 0.99999167 -0.00406784 -0.00051767 0.00406767 0.99999159
0.99999893 -0.00141722 0.00034988 0.00141941 0.99997888 -0.00634204 -0.00034088 0.00634253 0.99997983
0.99998986 -0.00446898 0.00055808 0.00447171 0.99997754 -0.00499310 -0.00053576 0.00499554 0.99998738
0.99999574 -0.00291504 0.00014974 0.00291419 0.99998113 0.00540767 -0.00016550 -0.00540721 0.99998537
0.99999988 0.00019843 -0.00043739 -0.00019235 0.99990388 0.01386312 0.00044010 -0.01386304 0.99990381
0.99999907 -0.00133422 0.00028569 0.00133205 0.99997122 0.00746898 -0.00029565 -0.00746859 0.99997207
1.00000000 0.00001745 -0.00004869 -0.00001796 0.99994356 -0.01062467 0.00004850 0.01062467 0.99994356
0.99998450 0.00556377 0.00020796 -0.00555914 0.99982318 -0.01796423 -0.00030788 0.01796280 0.99983861
0.99999895 0.00048670 -0.00136858 -0.00050310 0.99992779 -0.01200633 0.00136263 0.01200701 0.99992698
0.99999762 -0.00087865 -0.00199756 0.00088929 0.99998538 0.00533348 0.00199285 -0.00533525 0.99998378
0.99999395 -0.00347914 0.00000003 0.00347893 0.99993344 0.01100100 -0.00003830 -0.01100093 0.99993949
0.99999853 -0.00117421 -0.00125109 0.00118666 0.99994932 0.00999785 0.00123929 -0.00999932 0.99994924
0.99999359 -0.00315533 -0.00169070 0.00315697 0.99999455 0.00096900 0.00168763 -0.00097433 0.99999810
0.99999103 -0.00351281 -0.00236578 0.00350094 0.99998134 -0.00500553 0.00238332 0.00499721 0.99998467
0.99999847 -0.00028746 -0.00172656 0.00027952 0.99998940 -0.00459542 0.00172786 0.00459493 0.99998795
0.99999903 0.00090988 -0.00105369 -0.00091331 0.99999427 -0.00325967 0.00105072 0.00326063 0.99999413
0.99999589 0.00278317 -0.00068228 -0.00278607 0.99998693 -0.00428629 0.00067035 0.00428817 0.99999058
0.99999995 -0.00004324 0.00031416 0.00004360 0.99999934 -0.00114930 -0.00031411 0.00114932 0.99999929
0.99999623 -0.00265140 0.00071177 0.00264845 0.99998801 0.00411960 -0.00072268 -0.00411770 0.99999126
0.99999926 0.00069953 0.00099903 -0.00070901 0.99995435 0.00952815 -0.00099232 -0.00952885 0.99995411
0.99999492 -0.00251273 0.00196366 0.00250669 0.99999215 0.00307005 -0.00197136 -0.00306511 0.99999336
0.99999735 0.00062376 0.00221443 -0.00061916 0.99999765 -0.00207871 -0.00221573 0.00207733 0.99999539
0.99999626 0.00003074 0.00273426 -0.00001677 0.99998694 -0.00511011 -0.00273438 0.00511004 0.99998321
0.99999418 -0.00242344 0.00240022 0.00242722 0.99999582 -0.00157302 -0.00239639 0.00157883 0.99999588
0.99999429 0.00242698 0.00235022 -0.00243155 0.99999516 0.00194238 -0.00234549 -0.00194809 0.99999535
0.99999742 -0.00133133 0.00183838 0.00132194 0.99998612 0.00509985 -0.00184515 -0.00509741 0.99998531
0.99999710 0.00186207 0.00152946 -0.00186446 0.99999705 0.00155917 -0.00152655 -0.00156201 0.99999761
0.99998595 0.00501150 0.00172635 -0.00500859 0.99998603 -0.00168656 -0.00173478 0.00167789 0.99999709
0.99998738 0.00499974 0.00049576 -0.00499677 0.99997057 -0.00582192 -0.00052486 0.00581937 0.99998293
0.99998851 0.00473657 -0.00074130 -0.00473677 0.99998874 -0.00028007 0.00073996 0.00028358 0.99999969
0.99999741 -0.00071152 -0.00216233 0.00071493 0.99999850 0.00157710 0.00216121 -0.00157865 0.99999642
0.99999273 -0.00148997 -0.00351048 0.00148669 0.99999845 -0.00093922 0.00351187 0.00093399 0.99999340
0.99999337 -0.00149427 -0.00332208 0.00148896 0.99999761 -0.00160187 0.00332446 0.00159691 0.99999320
0.99999075 -0.00158235 -0.00399870 0.00158777 0.99999782 0.00135306 0.00399655 -0.00135940 0.99999109
0.99997969 -0.00466288 -0.00434366 0.00467031 0.99998765 0.00170088 0.00433567 -0.00172113 0.99998912
0.99998841 0.00115329 -0.00467512 -0.00114950 0.99999901 0.00081449 0.00467606 -0.00080911 0.99998874
0.99997483 0.00545462 -0.00453834 -0.00545422 0.99998512 0.00009881 0.00453881 -0.00007405 0.99998970
0.99999036 0.00118168 -0.00423001 -0.00118293 0.99999926 -0.00029351 0.00422966 0.00029851 0.99999101
0.99998561 0.00151296 -0.00514613 -0.00150393 0.99999733 0.00175661 0.00514877 -0.00174884 0.99998522
0.99999189 0.00238513 -0.00324535 -0.00238705 0.99999698 -0.00058617 0.00324394 0.00059391 0.99999456
0.99999300 -0.00095887 -0.00361532 0.00095112 0.99999725 -0.00214486 0.00361737 0.00214140 0.99999116
0.99999353 -0.00166871 -0.00318778 0.00165937 0.99999433 -0.00293171 0.00319265 0.00292640 0.99999062
0.99999843 0.00112732 -0.00136859 -0.00112569 0.99999865 0.00119328 0.00136993 -0.00119174 0.99999835
0.99999420 0.00336351 0.00054121 -0.00336621 0.99998151 0.00506535 -0.00052417 -0.00506714 0.99998702
0.99999939 -0.00048367 0.00099301 0.00048220 0.99999878 0.00148253 -0.00099373 -0.00148205 0.99999841
0.99999716 0.00040871 0.00234871 -0.00039968 0.99999252 -0.00384690 -0.00235026 0.00384595 0.99998984
0.99998167 -0.00247416 0.00552684 0.00249948 0.99998639 -0.00457974 -0.00551543 0.00459347 0.99997424
0.99995425 0.00390752 0.00873109 -0.00389008 0.99999040 -0.00201438 -0.00873888 0.00198032 0.99995985
0.99990858 -0.00198976 0.01337456 0.00198002 0.99999777 0.00074126 -0.01337601 -0.00071471 0.99991028
0.99986775 0.00022212 0.01626151 -0.00026647 0.99999625 0.00272477 -0.01626084 -0.00272874 0.99986406
0.99980668 -0.00159838 0.01959695 0.00155835 0.99999667 0.00205773 -0.01960017 -0.00202679 0.99980584
0.99972905 -0.00257071 0.02313481 0.00264044 0.99999206 -0.00298407 -0.02312696 0.00304434 0.99972790
0.99962697 -0.00043004 0.02730802 0.00051919 0.99999456 -0.00325750 -0.02730647 0.00327047 0.99962176
0.99951898 0.00237761 0.03092178 -0.00238247 0.99999715 0.00012043 -0.03092140 -0.00019405 0.99952180
0.99929531 0.00347022 0.03737437 -0.00352032 0.99999299 0.00127472 -0.03736969 -0.00140539 0.99930052
0.99905349 0.00528838 0.04317588 -0.00524912 0.99998570 -0.00102265 -0.04318067 0.00079504 0.99906696
0.99885004 0.00121982 0.04792827 -0.00107896 0.99999502 -0.00296456 -0.04793165 0.00290944 0.99884638
0.99858325 0.00660144 0.05280074 -0.00644715 0.99997444 -0.00309179 -0.05281980 0.00274700 0.99860028
0.99831923 0.00490898 0.05774609 -0.00476558 0.99998521 -0.00262065 -0.05775810 0.00234105 0.99832786
0.99821899 -0.00331743 0.05956371 0.00354392 0.99998689 -0.00369728 -0.05955067 0.00390179 0.99821766
0.99816056 -0.00116762 0.06061459 0.00155416 0.99997876 -0.00633034 -0.06060591 0.00641290 0.99814117
0.99801321 0.00165163 0.06298335 -0.00110833 0.99996189 -0.00866007 -0.06299526 0.00857305 0.99797700
0.99790638 0.00500049 0.06448140 -0.00453788 0.99996292 -0.00731886 -0.06451561 0.00701093 0.99789207
0.99797267 0.00037604 0.06364286 -0.00019308 0.99999583 -0.00288098 -0.06364367 0.00286285 0.99796858
0.99796711 -0.00560222 0.06348428 0.00552876 0.99998383 0.00133272 -0.06349072 -0.00097903 0.99798195
0.99793422 -0.00509827 0.06404137 0.00486433 0.99998092 0.00380845 -0.06405956 -0.00348907 0.99793998
0.99805632 0.00171481 0.06229481 -0.00200992 0.99998705 0.00467510 -0.06228599 -0.00479122 0.99804684
0.99822810 0.00423003 0.05935283 -0.00437344 0.99998782 0.00228649 -0.05934244 -0.00254202 0.99823445
0.99834619 0.00090637 0.05748098 -0.00090411 0.99999959 -0.00006523 -0.05748102 0.00001315 0.99834660
0.99850744 -0.00119586 0.05460276 0.00126027 0.99999855 -0.00114520 -0.05460131 0.00121231 0.99850750
0.99868597 -0.00101890 0.05123771 0.00111015 0.99999785 -0.00175264 -0.05123582 0.00180722 0.99868495
0.99884943 0.00035982 0.04795510 -0.00032191 0.99999963 -0.00079817 -0.04795536 0.00078181 0.99884917
0.99901794 0.00140844 0.04428519 -0.00148952 0.99999727 0.00179798 -0.04428253 -0.00186218 0.99901731
0.99917056 0.00181097 0.04068059 -0.00196951 0.99999062 0.00385760 -0.04067322 -0.00393452 0.99916476
0.99933454 -0.00087130 0.03646526 0.00074013 0.99999321 0.00361033 -0.03646816 -0.00358094 0.99932840
0.99951499 -0.00292771 0.03100353 0.00295388 0.99999532 -0.00079822 -0.03100105 0.00088941 0.99951896
0.99967944 -0.00397712 0.02500391 0.00400934 0.99999120 -0.00123867 -0.02499876 0.00133852 0.99968659
0.99979391 -0.00274489 0.02011477 0.00279630 0.99999289 -0.00252851 -0.02010769 0.00258424 0.99979448
0.99989390 -0.00307101 0.01423926 0.00312763 0.99998729 -0.00395536 -0.01422693 0.00399948 0.99989079
0.99995703 -0.00326821 0.00867509 0.00327601 0.99999424 -0.00088524 -0.00867214 0.00091362 0.99996198
0.99998257 -0.00090650 0.00583383 0.00090743 0.99999958 -0.00015754 -0.00583368 0.00016283 0.99998297
0.99999391 0.00088557 0.00337525 -0.00089187 0.99999786 0.00186618 -0.00337359 -0.00186917 0.99999256
0.99999777 0.00129632 0.00166902 -0.00130073 0.99999566 0.00264461 -0.00166559 -0.00264677 0.99999511
0.99999918 -0.00121813 0.00038494 0.00121857 0.99999860 -0.00114524 -0.00038354 0.00114571 0.99999927
0.99999956 -0.00043663 -0.00082463 0.00043421 0.99999559 -0.00293706 0.00082591 0.00293670 0.99999535
0.99999568 -0.00231188 -0.00181720 0.00231171 0.99999732 -0.00009597 0.00181742 0.00009177 0.99999834
0.99998778 0.00145294 -0.00472511 -0.00143686 0.99999318 0.00340364 0.00473002 -0.00339681 0.99998304
0.99998729 -0.00244959 -0.00440619 0.00247920 0.99997429 0.00672865 0.00438959 -0.00673949 0.99996765
0.99998835 -0.00108781 -0.00470375 0.00110056 0.99999573 0.00270866 0.00470078 -0.00271381 0.99998527
0.99998268 0.00399269 -0.00432304 -0.00399145 0.99999199 0.00029585 0.00432418 -0.00027859 0.99999061
0.99998660 0.00301416 -0.00420831 -0.00303238 0.99998603 -0.00432834 0.00419521 0.00434104 0.99998178
0.99999360 -0.00026647 -0.00356897 0.00024635 0.99998407 -0.00563851 0.00357042 0.00563760 0.99997773
0.99999188 0.00219764 -0.00337716 -0.00221410 0.99998565 -0.00487908 0.00336639 0.00488651 0.99998239
0.99999434 0.00243084 -0.00232722 -0.00243193 0.99999693 -0.00046475 0.00232608 0.00047041 0.99999718
0.99999629 -0.00125848 -0.00241471 0.00127137 0.99998491 0.00534489 0.00240795 -0.00534794 0.99998280
0.99999039 0.00329905 -0.00288737 -0.00329205 0.99999164 0.00242652 0.00289535 -0.00241699 0.99999289
0.99999811 0.00001065 -0.00194211 -0.00001988 0.99998870 -0.00475429 0.00194203 0.00475432 0.99998681
0.99999224 0.00277509 -0.00279711 -0.00278669 0.99998750 -0.00415103 0.00278556 0.00415879 0.99998747
0.99999403 0.00314239 -0.00143416 -0.00313365 0.99997675 0.00605705 0.00145316 -0.00605252 0.99998063
0.99997190 0.00721189 -0.00204571 -0.00719322 0.99993371 0.00899102 0.00211042 -0.00897606 0.99995749
0.99999536 0.00154161 -0.00262712 -0.00153751 0.99999760 0.00156278 0.00262952 -0.00155873 0.99999533
0.99998501 -0.00313395 -0.00448934 0.00311916 0.99998970 -0.00329681 0.00449963 0.00328276 0.99998449
0.99997773 -0.00483318 -0.00460240 0.00483283 0.99998832 -0.00008722 0.00460277 0.00006497 0.99998941
0.99997501 -0.00468209 -0.00529773 0.00468609 0.99998874 0.00074247 0.00529419 -0.00076728 0.99998569
0.99998501 0.00256677 -0.00483725 -0.00256526 0.99999666 0.00031790 0.00483805 -0.00030549 0.99998825
0.99998842 -0.00156553 -0.00455041 0.00155534 0.99999627 -0.00224405 0.00455391 0.00223695 0.99998713
0.99999235 0.00060336 -0.00386424 -0.00060980 0.99999843 -0.00166518 0.00386323 0.00166752 0.99999115
0.99999307 0.00262062 -0.00264597 -0.00262513 0.99999510 -0.00170388 0.00264149 0.00171082 0.99999505
0.99999759 0.00126149 -0.00179773 -0.00126103 0.99999917 0.00025699 0.00179805 -0.00025472 0.99999835
0.99999812 -0.00082892 -0.00175130 0.00082670 0.99999885 -0.00126780 0.00175234 0.00126635 0.99999766
0.99999860 0.00142899 -0.00086994 -0.00143104 0.99999620 -0.00235591 0.00086657 0.00235715 0.99999685
0.99999855 0.00148392 -0.00083689 -0.00148582 0.99999631 -0.00227384 0.00083352 0.00227508 0.99999706
0.99999254 0.00385956 -0.00012405 -0.00385946 0.99999222 0.00082105 0.00012721 -0.00082057 0.99999966
0.99998475 0.00551990 0.00017089 -0.00551999 0.99998461 0.00054964 -0.00016785 -0.00055058 0.99999983
0.99998059 0.00618159 0.00078012 -0.00618081 0.99998041 -0.00099267 -0.00078624 0.00098783 0.99999920
0.99998947 0.00444565 0.00113668 -0.00444527 0.99999006 -0.00033833 -0.00113817 0.00033328 0.99999930
0.99999665 -0.00140009 0.00217685 0.00139392 0.99999501 0.00283524 -0.00218080 -0.00283220 0.99999361
0.99999784 0.00135584 0.00157355 -0.00135778 0.99999832 0.00123364 -0.00157187 -0.00123577 0.99999800
0.99999793 -0.00158004 0.00128014 0.00157873 0.99999823 0.00102464 -0.00128176 -0.00102262 0.99999866
0.99999577 0.00290047 -0.00020248 -0.00289964 0.99998781 0.00399560 0.00021407 -0.00399499 0.99999200
0.99999788 0.00046932 0.00200713 -0.00047983 0.99998618 0.00523625 -0.00200464 -0.00523720 0.99998428
0.99998902 0.00389016 0.00261236 -0.00388876 0.99999229 -0.00053899 -0.00261444 0.00052883 0.99999644
0.99995729 0.00870071 0.00311702 -0.00869568 0.99996087 -0.00162326 -0.00313102 0.00159608 0.99999382
0.99999706 0.00048515 0.00237789 -0.00047363 0.99998816 -0.00484260 -0.00238021 0.00484146 0.99998545
0.99998217 -0.00554843 0.00220895 0.00555983 0.99997109 -0.00518703 -0.00218011 0.00519922 0.99998411
