0.99999988 -0.00024120 -0.00043108 0.00024154 0.99999965 0.00079803 0.00043089 -0.00079813 0.99999959
0.99999699 -0.00020029 -0.00244366 0.00020127 0.99999990 0.00039869 0.00244358 -0.00039918 0.99999693
0.99999994 -0.00032904 0.00008168 0.00032907 0.99999987 -0.00038599 -0.00008155 0.00038602 0.99999992
0.99999978 -0.00058743 0.00031791 0.00058742 0.99999983 0.00001856 -0.00031792 -0.00001837 0.99999995
0.99999959 -0.00008349 0.00090073 0.00008312 0.99999991 0.00041699 -0.00090076 -0.00041692 0.99999951
0.99999714 0.00051371 -0.00233611 -0.00051759 0.99999849 -0.00166022 0.00233525 0.00166142 0.99999589
0.99999967 -0.00081061 0.00005139 0.00081062 0.99999965 -0.00019379 -0.00005124 0.00019383 0.99999998
0.99999945 -0.00095877 -0.00042236 0.00095891 0.99999949 0.00031417 0.00042206 -0.00031457 0.99999986
0.99999966 0.00012157 -0.00081706 -0.00012124 0.99999991 0.00040476 0.00081710 -0.00040466 0.99999958
0.99999962 -0.00068045 0.00054112 0.00068019 0.99999965 0.00048925 -0.00054145 -0.00048888 0.99999973
0.99999976 0.00031563 0.00062217 -0.00031556 0.99999995 -0.00009829 -0.00062220 0.00009809 0.99999980
0.99999984 -0.00051895 -0.00024378 0.00051900 0.99999984 0.00022842 0.00024366 -0.00022855 0.99999994
0.99999961 -0.00003883 0.00088795 0.00003882 1.00000000 0.00000883 -0.00088795 -0.00000879 0.99999961
0.99999974 -0.00045505 0.00056041 0.00045554 0.99999952 -0.00086548 -0.00056001 0.00086573 0.99999947
0.99999749 0.00170777 0.00145150 -0.00170815 0.99999851 0.00025898 -0.00145105 -0.00026146 0.99999891
0.99998771 -0.00164696 0.00467552 0.00164557 0.99999860 0.00030240 -0.00467601 -0.00029470 0.99998902
0.99999910 0.00090583 0.00098941 -0.00090520 0.99999939 -0.00063298 -0.00098998 0.00063209 0.99999931
0.99999993 -0.00007441 0.00035293 0.00007444 0.99999999 -0.00008692 -0.00035292 0.00008695 0.99999993
0.99999923 -0.00046092 -0.00114882 0.00046017 0.99999968 -0.00065796 0.00114912 0.00065743 0.99999912
0.99999779 0.00160787 0.00135258 -0.00160841 0.99999863 0.00039424 -0.00135194 -0.00039642 0.99999901
0.99987647 -0.00221435 0.01556067 0.00218978 0.99999633 0.00159607 -0.01556415 -0.00156180 0.99987765
0.99999995 -0.00014952 0.00027728 0.00014954 0.99999999 -0.00005415 -0.00027727 0.00005419 0.99999996
0.99999932 -0.00092243 -0.00070975 0.00092262 0.99999954 0.00026745 0.00070950 -0.00026811 0.99999971
0.99999932 0.00011831 0.00115637 -0.00011838 0.99999999 0.00005692 -0.00115636 -0.00005705 0.99999933
0.99999872 -0.00043025 -0.00154028 0.00043198 0.99999928 0.00112207 0.00153980 -0.00112273 0.99999818
0.99999970 0.00071582 -0.00028778 -0.00071587 0.99999973 -0.00016240 0.00028766 0.00016260 0.99999995
0.99999840 -0.00004507 -0.00178938 0.00004318 0.99999945 -0.00105114 0.00178942 0.00105107 0.99999785
0.99999973 0.00051032 0.00052624 -0.00051038 0.99999986 0.00012442 -0.00052617 -0.00012469 0.99999985
0.99999863 0.00064226 0.00152722 -0.00064241 0.99999979 0.00009727 -0.00152716 -0.00009825 0.99999883
0.99999905 -0.00130167 0.00045978 0.00130183 0.99999909 -0.00034511 -0.00045933 0.00034571 0.99999983
0.99999971 0.00065671 0.00038643 -0.00065670 0.99999978 -0.00001242 -0.00038644 0.00001217 0.99999993
0.99997623 -0.00064363 0.00686480 0.00064484 0.99999978 -0.00017445 -0.00686469 0.00017887 0.99997642
0.99999999 0.00005417 0.00015214 -0.00005416 0.99999999 -0.00008598 -0.00015215 0.00008597 0.99999998
0.99999995 0.00024428 0.00021965 -0.00024413 0.99999973 -0.00069008 -0.00021982 0.00069002 0.99999974
0.99999979 -0.00002178 0.00064568 0.00002241 0.99999953 -0.00097391 -0.00064565 0.00097392 0.99999932
0.99999998 0.00018883 -0.00004481 -0.00018886 0.99999983 -0.00056017 0.00004470 0.00056018 0.99999984
0.99999994 -0.00032963 -0.00005546 0.00032961 0.99999992 -0.00023881 0.00005553 0.00023879 0.99999997
0.99999972 -0.00039758 -0.00063599 0.00039769 0.99999991 0.00016840 0.00063592 -0.00016865 0.99999978
0.99999852 0.00168860 0.00032116 -0.00168826 0.99999801 -0.00106606 -0.00032296 0.00106551 0.99999938
0.99999462 -0.00224877 -0.00238960 0.00224871 0.99999747 -0.00003024 0.00238966 0.00002486 0.99999714
0.99999706 -0.00079845 -0.00229000 0.00079719 0.99999953 -0.00055286 0.00229044 0.00055103 0.99999723
0.99993048 -0.00243371 0.01153713 0.00241889 0.99999623 0.00129858 -0.01154024 -0.00127059 0.99993260
0.99999990 0.00025208 0.00036344 -0.00025214 0.99999996 0.00014545 -0.00036340 -0.00014554 0.99999992
0.99999888 0.00078693 -0.00127372 -0.00078707 0.99999968 -0.00010765 0.00127364 0.00010865 0.99999918
0.99999988 -0.00016486 -0.00045389 0.00016459 0.99999982 -0.00058553 0.00045399 0.00058546 0.99999973
0.99999989 0.00018298 -0.00042670 -0.00018317 0.99999989 -0.00043543 0.00042662 0.00043550 0.99999981
0.99999931 0.00101832 0.00058694 -0.00101815 0.99999944 -0.00029084 -0.00058723 0.00029024 0.99999979
0.99999956 0.00033530 0.00087057 -0.00033493 0.99999985 -0.00042309 -0.00087072 0.00042280 0.99999953
0.99999947 -0.00097354 -0.00032445 0.00097337 0.99999938 -0.00053380 0.00032497 0.00053349 0.99999980
0.99999937 0.00104682 -0.00040935 -0.00104702 0.99999934 -0.00046944 0.00040886 0.00046987 0.99999981
0.99999415 -0.00204208 -0.00274341 0.00204097 0.99999783 -0.00040613 0.00274424 0.00040053 0.99999615
0.99999973 -0.00025459 -0.00069318 0.00025452 0.99999996 -0.00009590 0.00069321 0.00009572 0.99999976
0.99999939 -0.00086478 -0.00068075 0.00086460 0.99999959 -0.00026895 0.00068098 0.00026837 0.99999973
0.99999939 -0.00104076 -0.00036995 0.00104078 0.99999946 0.00004719 0.00036990 -0.00004758 0.99999993
0.99999942 -0.00060410 -0.00088679 0.00060432 0.99999979 0.00024272 0.00088664 -0.00024325 0.99999958
0.99999989 0.00046981 0.00007859 -0.00046981 0.99999989 -0.00000795 -0.00007859 0.00000791 1.00000000
0.99999814 -0.00044990 -0.00187596 0.00044980 0.99999990 -0.00005226 0.00187598 0.00005142 0.99999824
0.99999999 -0.00004483 -0.00009927 0.00004481 0.99999997 -0.00022166 0.00009928 0.00022165 0.99999997
0.99999970 -0.00003928 0.00077559 0.00003924 1.00000000 0.00005244 -0.00077559 -0.00005241 0.99999970
0.99999939 0.00053293 0.00096364 -0.00053351 0.99999968 0.00059299 -0.00096333 -0.00059350 0.99999936
0.99999781 0.00134187 -0.00160310 -0.00134040 0.99999868 0.00092059 0.00160433 -0.00091844 0.99999829
0.99999877 0.00133889 0.00081624 -0.00133882 0.99999910 -0.00008868 -0.00081636 0.00008758 0.99999966
0.99999958 0.00072040 -0.00057466 -0.00071961 0.99999882 0.00135825 0.00057564 -0.00135784 0.99999891
0.99999954 -0.00080883 0.00051788 0.00080780 0.99999770 0.00198706 -0.00051949 -0.00198664 0.99999789
0.99999965 -0.00025874 -0.00079977 0.00026036 0.99999790 0.00203042 0.00079924 -0.00203062 0.99999762
0.99999970 -0.00052256 -0.00056599 0.00052362 0.99999810 0.00187784 0.00056500 -0.00187814 0.99999808
0.99999923 0.00016431 0.00122785 -0.00016598 0.99999905 0.00136641 -0.00122762 -0.00136661 0.99999831
0.99999801 -0.00084383 -0.00180528 0.00084505 0.99999941 0.00067715 0.00180470 -0.00067867 0.99999814
0.99999999 -0.00008100 -0.00012427 0.00008104 0.99999995 0.00031646 0.00012424 -0.00031647 0.99999994
0.99999966 -0.00081861 0.00003784 0.00081863 0.99999946 -0.00064243 -0.00003731 0.00064246 0.99999979
0.99999995 -0.00024800 0.00021507 0.00024791 0.99999989 0.00040771 -0.00021517 -0.00040765 0.99999989
0.99999906 0.00118606 -0.00069142 -0.00118576 0.99999921 0.00042714 0.00069192 -0.00042632 0.99999967
0.99999598 -0.00012182 0.00283166 0.00011750 0.99999883 0.00152377 -0.00283184 -0.00152343 0.99999483
0.99999975 0.00041588 0.00057492 -0.00041537 0.99999952 -0.00088722 -0.00057529 0.00088698 0.99999944
0.99999876 -0.00051538 -0.00148720 0.00051609 0.99999975 0.00047664 0.00148695 -0.00047740 0.99999878
0.99999950 0.00100419 0.00000874 -0.00100419 0.99999947 0.00022717 -0.00000851 -0.00022718 0.99999997
0.99999959 -0.00031358 -0.00084452 0.00031336 0.99999992 -0.00025611 0.00084460 0.00025585 0.99999961
0.99999976 0.00069082 0.00006598 -0.00069080 0.99999967 -0.00042025 -0.00006627 0.00042021 0.99999991
0.99999950 0.00019908 0.00098186 -0.00019952 0.99999988 0.00044547 -0.00098177 -0.00044566 0.99999942
0.99999933 -0.00080920 -0.00082232 0.00080928 0.99999967 0.00009731 0.00082224 -0.00009798 0.99999966
0.99999789 0.00084618 0.00187116 -0.00084358 0.99999868 -0.00138554 -0.00187233 0.00138396 0.99999729
0.99999879 -0.00019044 -0.00154489 0.00018964 0.99999985 -0.00052134 0.00154499 0.00052105 0.99999867
0.99999985 -0.00022483 0.00050097 0.00022496 0.99999994 -0.00025221 -0.00050091 0.00025232 0.99999984
0.99999964 -0.00028636 0.00080411 0.00028698 0.99999966 -0.00077264 -0.00080389 0.00077287 0.99999938
0.99999640 0.00177803 0.00200997 -0.00177769 0.99999840 -0.00017360 -0.00201027 0.00017003 0.99999796
0.99999531 0.00202478 0.00229726 -0.00202345 0.99999778 -0.00058066 -0.00229843 0.00057601 0.99999719
0.99999994 0.00000731 0.00035065 -0.00000739 0.99999998 0.00020838 -0.00035065 -0.00020838 0.99999992
0.99999967 -0.00033604 0.00073286 0.00033645 0.99999979 -0.00054992 -0.00073268 0.00055017 0.99999958
0.99999991 0.00030940 -0.00029119 -0.00030947 0.99999993 -0.00022785 0.00029112 0.00022794 0.99999993
0.99999973 -0.00007920 0.00072918 0.00007936 0.99999997 -0.00022354 -0.00072917 0.00022360 0.99999971
0.99999980 0.00025992 0.00057497 -0.00025994 0.99999997 0.00003809 -0.00057496 -0.00003824 0.99999983
0.99999983 -0.00047519 0.00032985 0.00047515 0.99999988 0.00012207 -0.00032991 -0.00012191 0.99999994
0.99999899 0.00141750 -0.00010939 -0.00141742 0.99999875 0.00069829 0.00011038 -0.00069814 0.99999975
0.99999990 -0.00043706 -0.00010491 0.00043709 0.99999986 0.00031041 0.00010478 -0.00031045 0.99999995
0.99999980 -0.00062911 -0.00002071 0.00062911 0.99999980 -0.00010173 0.00002077 0.00010172 0.99999999
0.99999979 -0.00031785 -0.00056294 0.00031772 0.99999992 -0.00022558 0.00056301 0.00022540 0.99999982
0.99999938 -0.00087255 -0.00069035 0.00087241 0.99999960 -0.00020823 0.00069053 0.00020763 0.99999974
0.99999822 -0.00186385 -0.00028517 0.00186394 0.99999821 0.00031592 0.00028458 -0.00031645 0.99999991
0.99999242 0.00074553 0.00382180 -0.00074712 0.99999964 0.00041443 -0.00382149 -0.00041728 0.99999261
0.99999992 0.00020778 0.00033685 -0.00020776 0.99999998 -0.00006528 -0.00033686 0.00006521 0.99999994
0.99999935 0.00036412 0.00108062 -0.00036440 0.99999990 0.00025732 -0.00108052 -0.00025772 0.99999938
0.99999942 -0.00078394 0.00073836 0.00078412 0.99999966 -0.00023940 -0.00073817 0.00023998 0.99999970
0.99999905 -0.00124597 -0.00059397 0.00124624 0.99999912 0.00045394 0.00059341 -0.00045468 0.99999972
0.99999971 -0.00041160 0.00063804 0.00041110 0.99999961 0.00078478 -0.00063836 -0.00078452 0.99999949
0.99999985 -0.00007578 -0.00054803 0.00007549 0.99999985 -0.00054407 0.00054808 0.00054403 0.99999970
0.99999975 0.00019294 -0.00068066 -0.00019320 0.99999991 -0.00038082 0.00068059 0.00038095 0.99999970
0.99999942 0.00073452 0.00079118 -0.00073449 0.99999973 -0.00003919 -0.00079121 0.00003860 0.99999969
0.99999931 -0.00015205 -0.00116757 0.00015258 0.99999989 0.00045432 0.00116750 -0.00045450 0.99999922
0.99999990 0.00039851 -0.00022285 -0.00039851 0.99999992 0.00002454 0.00022286 -0.00002445 0.99999997
0.99999954 0.00030386 0.00090982 -0.00030356 0.99999990 -0.00033156 -0.00090992 0.00033128 0.99999953
0.99999918 -0.00065294 -0.00110503 0.00065309 0.99999978 0.00012746 0.00110495 -0.00012818 0.99999938
0.99999898 0.00012366 -0.00141974 -0.00012257 0.99999970 0.00076723 0.00141984 -0.00076706 0.99999870
0.99999997 -0.00022197 0.00010706 0.00022192 0.99999986 0.00048307 -0.00010717 -0.00048304 0.99999988
0.99999879 -0.00108436 -0.00111978 0.00108414 0.99999939 -0.00020052 0.00111999 0.00019931 0.99999935
0.99999996 -0.00018037 0.00021028 0.00018031 0.99999995 0.00027435 -0.00021033 -0.00027431 0.99999994
0.99999850 0.00069931 -0.00158379 -0.00070065 0.99999939 -0.00084920 0.00158320 0.00085031 0.99999839
0.99999784 0.00164410 -0.00126926 -0.00164502 0.99999839 -0.00071988 0.00126807 0.00072197 0.99999894
0.99999960 -0.00088797 -0.00012885 0.00088790 0.99999945 -0.00056088 0.00012935 0.00056077 0.99999983
0.99999801 0.00116065 0.00162227 -0.00116083 0.99999932 0.00010864 -0.00162214 -0.00011052 0.99999868
0.99999837 0.00127383 -0.00127966 -0.00127534 0.99999849 -0.00117768 0.00127816 0.00117931 0.99999849
0.99999943 0.00016384 -0.00105524 -0.00016357 0.99999996 0.00024973 0.00105528 -0.00024956 0.99999941
0.99999990 -0.00000120 -0.00043780 0.00000121 1.00000000 0.00000812 0.00043780 -0.00000812 0.99999990
0.99999994 -0.00023335 -0.00024710 0.00023342 0.99999994 0.00026421 0.00024704 -0.00026426 0.99999993
0.99999962 0.00017243 -0.00084902 -0.00017168 0.99999959 0.00088512 0.00084917 -0.00088498 0.99999925
0.99999946 0.00089479 0.00053509 -0.00089470 0.99999959 -0.00016028 -0.00053523 0.00015980 0.99999984
0.99999986 -0.00048002 -0.00019987 0.00048000 0.99999988 -0.00008219 0.00019990 0.00008210 0.99999998
0.99999899 0.00062975 0.00127603 -0.00063010 0.99999976 0.00027597 -0.00127585 -0.00027678 0.99999915
0.99999871 -0.00044511 0.00154599 0.00044555 0.99999986 -0.00028635 -0.00154586 0.00028703 0.99999876
0.99997691 0.00178863 -0.00655618 -0.00178999 0.99999838 -0.00020173 0.00655581 0.00021347 0.99997849
0.99999912 0.00093747 0.00093781 -0.00093740 0.99999956 -0.00006958 -0.00093787 0.00006870 0.99999956
0.99999954 0.00092245 0.00024840 -0.00092230 0.99999941 -0.00057050 -0.00024893 0.00057027 0.99999981
0.99999863 0.00155851 0.00055068 -0.00155835 0.99999875 -0.00028200 -0.00055112 0.00028114 0.99999981
0.99999924 -0.00097183 -0.00075849 0.00097210 0.99999946 0.00035493 0.00075815 -0.00035567 0.99999965
0.99999830 0.00089112 0.00161522 -0.00089075 0.99999958 -0.00022973 -0.00161542 0.00022829 0.99999867
0.99999989 0.00034413 -0.00032630 -0.00034398 0.99999984 0.00045537 0.00032646 -0.00045525 0.99999984
0.99999963 -0.00066441 -0.00054546 0.00066480 0.99999953 0.00070537 0.00054499 -0.00070573 0.99999960
0.99999998 0.00013174 -0.00012939 -0.00013179 0.99999992 -0.00038208 0.00012934 0.00038210 0.99999992
0.99999856 0.00023269 0.00167921 -0.00023221 0.99999993 -0.00028555 -0.00167927 0.00028516 0.99999855
0.99999922 0.00117196 -0.00043114 -0.00117180 0.99999925 0.00036844 0.00043157 -0.00036793 0.99999984
0.99999998 0.00003334 -0.00021629 -0.00003340 0.99999996 -0.00026398 0.00021628 0.00026399 0.99999994
0.99999998 -0.00019760 0.00001815 0.00019760 0.99999995 -0.00024159 -0.00001810 0.00024159 0.99999997
0.99999856 0.00165508 0.00036897 -0.00165496 0.99999858 -0.00031832 -0.00036950 0.00031771 0.99999988
0.99999941 0.00079196 0.00073704 -0.00079183 0.99999967 -0.00017313 -0.00073717 0.00017255 0.99999971
1.00000000 0.00003625 0.00003589 -0.00003625 0.99999999 -0.00015684 -0.00003589 0.00015684 0.99999999
1.00000000 0.00003628 -0.00007138 -0.00003629 0.99999999 -0.00012626 0.00007138 0.00012627 0.99999999
0.99999954 0.00034598 0.00089979 -0.00034540 0.99999974 -0.00063703 -0.00090001 0.00063672 0.99999939
0.99999977 0.00066375 0.00010401 -0.00066375 0.99999978 0.00007301 -0.00010396 -0.00007308 0.99999999
0.99999980 0.00061626 0.00015111 -0.00061624 0.99999981 -0.00008550 -0.00015116 0.00008540 0.99999998
0.99999809 -0.00090980 0.00172881 0.00091024 0.99999955 -0.00025366 -0.00172858 0.00025523 0.99999847
0.99999980 -0.00050986 0.00038143 0.00050990 0.99999986 -0.00010554 -0.00038138 0.00010574 0.99999992
0.99993961 -0.00140145 0.01090009 0.00138586 0.99999801 0.00143757 -0.01090209 -0.00142238 0.99993956
0.99999980 -0.00052196 0.00036290 0.00052198 0.99999986 -0.00005684 -0.00036287 0.00005703 0.99999993
0.99999874 0.00064698 0.00145298 -0.00064641 0.99999971 -0.00039624 -0.00145324 0.00039530 0.99999887
0.99999956 0.00035888 0.00086737 -0.00035799 0.99999941 -0.00102947 -0.00086774 0.00102916 0.99999909
0.99999970 -0.00052015 0.00056677 0.00052094 0.99999890 -0.00138676 -0.00056604 0.00138705 0.99999888
0.99999848 -0.00075852 0.00156973 0.00076104 0.99999842 -0.00160670 -0.00156851 0.00160789 0.99999748
0.99999870 -0.00095926 -0.00129901 0.00095668 0.99999757 -0.00198778 0.00130091 0.00198654 0.99999718
0.99999958 -0.00019428 0.00089643 0.00019444 0.99999996 -0.00018838 -0.00089639 0.00018856 0.99999958
0.99999740 0.00099977 0.00204710 -0.00100144 0.99999916 0.00081933 -0.00204628 -0.00082138 0.99999757
0.99999321 0.00058889 0.00363702 -0.00059385 0.99999889 0.00136398 -0.00363621 -0.00136613 0.99999246
0.99997838 0.00108136 0.00648553 -0.00108330 0.99999937 0.00029647 -0.00648520 -0.00030349 0.99997892
0.99998177 0.00149977 0.00584829 -0.00149558 0.99999862 -0.00072163 -0.00584936 0.00071287 0.99998264
0.99998602 -0.00140970 0.00509550 0.00140731 0.99999890 0.00047272 -0.00509616 -0.00046554 0.99998691
0.99998089 -0.00053822 0.00615904 0.00053515 0.99999973 0.00049997 -0.00615931 -0.00049666 0.99998091
0.99998714 -0.00020126 0.00506798 0.00020104 0.99999998 0.00004439 -0.00506799 -0.00004337 0.99998716
0.99998323 0.00046531 0.00577300 -0.00045570 0.99999851 -0.00166655 -0.00577377 0.00166389 0.99998195
0.99997994 -0.00145398 0.00616473 0.00146257 0.99999797 -0.00138905 -0.00616270 0.00139804 0.99998003
0.99998263 0.00107463 0.00579482 -0.00107255 0.99999936 -0.00036096 -0.00579521 0.00035474 0.99998314
0.99997181 -0.00110554 0.00742668 0.00109512 0.99999841 0.00140661 -0.00742822 -0.00139844 0.99997143
0.99997907 -0.00135597 0.00632694 0.00135511 0.99999907 0.00014042 -0.00632713 -0.00013184 0.99997997
0.99998863 -0.00060000 0.00473080 0.00060007 0.99999982 -0.00001312 -0.00473079 0.00001596 0.99998881
0.99998268 -0.00082925 0.00582726 0.00082958 0.99999965 -0.00005425 -0.00582722 0.00005908 0.99998302
0.99997675 -0.00001244 0.00681870 0.00001790 0.99999968 -0.00080049 -0.00681869 0.00080059 0.99997643
0.99996807 0.00059206 0.00796961 -0.00059276 0.99999982 0.00008644 -0.00796956 -0.00009116 0.99996824
0.99998294 0.00099304 0.00575597 -0.00099368 0.99999950 0.00010812 -0.00575586 -0.00011383 0.99998343
0.99996392 -0.00019798 0.00849286 0.00020199 0.99999987 -0.00047188 -0.00849276 0.00047358 0.99996382
0.99997945 -0.00158184 0.00621202 0.00158313 0.99999873 -0.00020274 -0.00621169 0.00021257 0.99998068
0.99997907 0.00067161 0.00643516 -0.00067375 0.99999972 0.00033138 -0.00643493 -0.00033571 0.99997924
0.99998584 -0.00051196 0.00529613 0.00051028 0.99999982 0.00031814 -0.00529629 -0.00031543 0.99998592
0.99997756 0.00038408 0.00668872 -0.00038450 0.99999992 0.00006131 -0.00668870 -0.00006388 0.99997763
0.99998184 -0.00005095 0.00602629 0.00004729 0.99999981 0.00060753 -0.00602632 -0.00060724 0.99998166
0.99998045 -0.00004551 0.00625203 0.00004641 0.99999999 -0.00014299 -0.00625203 0.00014328 0.99998045
0.99998424 -0.00023945 0.00560856 0.00024067 0.99999995 -0.00021755 -0.00560851 0.00021890 0.99998425
0.99998820 0.00076984 0.00479704 -0.00077051 0.99999969 0.00013908 -0.00479693 -0.00014278 0.99998848
0.99999786 -0.00206593 0.00004897 0.00206589 0.99999759 0.00074932 -0.00005052 -0.00074922 0.99999972
0.99999755 -0.00018997 0.00220628 0.00019102 0.99999987 -0.00047523 -0.00220619 0.00047565 0.99999745
0.99999895 0.00031546 0.00141752 -0.00031409 0.99999948 -0.00096844 -0.00141783 0.00096799 0.99999853
0.99999969 0.00020636 -0.00076456 -0.00020697 0.99999966 -0.00079789 0.00076440 0.00079805 0.99999939
0.99999940 0.00018697 -0.00107758 -0.00018753 0.99999985 -0.00052159 0.00107748 0.00052180 0.99999928
0.99999724 -0.00068164 -0.00224882 0.00068034 0.99999960 -0.00057962 0.00224921 0.00057809 0.99999730
0.99999211 -0.00179338 -0.00354561 0.00179594 0.99999813 0.00071910 0.00354432 -0.00072546 0.99999346
0.99999544 -0.00047935 -0.00298303 0.00047988 0.99999987 0.00017660 0.00298295 -0.00017803 0.99999554
0.99999658 0.00131590 -0.00225938 -0.00131786 0.99999876 -0.00086563 0.00225824 0.00086861 0.99999707
0.99999798 0.00191199 -0.00061276 -0.00191180 0.99999812 0.00031317 0.00061336 -0.00031200 0.99999976
0.99998893 -0.00095710 -0.00460681 0.00096383 0.99999847 0.00145872 0.00460541 -0.00146314 0.99998832
0.99999753 0.00040426 -0.00218547 -0.00040176 0.99999926 0.00114462 0.00218593 -0.00114374 0.99999696
0.99999265 -0.00015016 -0.00383238 0.00015430 0.99999940 0.00108016 0.00383221 -0.00108074 0.99999207
0.99998570 -0.00035543 -0.00533675 0.00035951 0.99999964 0.00076434 0.00533648 -0.00076625 0.99998547
0.99998989 0.00079783 -0.00442619 -0.00079767 0.99999968 0.00003824 0.00442622 -0.00003471 0.99999020
0.99998354 -0.00185391 -0.00543008 0.00186252 0.99999702 0.00158089 0.00542713 -0.00159098 0.99998401
0.99998165 0.00021450 -0.00605487 -0.00021295 0.99999994 0.00025767 0.00605493 -0.00025638 0.99998164
0.99997885 0.00060169 -0.00647575 -0.00060220 0.99999982 -0.00007774 0.00647571 0.00008164 0.99997903
0.99999731 0.00019514 -0.00231113 -0.00019410 0.99999988 0.00045024 0.00231122 -0.00044979 0.99999723
0.99998397 0.00053003 -0.00563646 -0.00053071 0.99999985 -0.00011879 0.00563640 0.00012178 0.99998411
0.99998472 -0.00031851 -0.00551864 0.00032073 0.99999987 0.00040202 0.00551851 -0.00040379 0.99998469
0.99998063 0.00030676 -0.00621609 -0.00030432 0.99999988 0.00039382 0.00621621 -0.00039193 0.99998060
0.99998365 0.00072753 -0.00567115 -0.00072750 0.99999974 0.00000863 0.00567116 -0.00000451 0.99998392
0.99999063 0.00001206 -0.00432971 -0.00001215 1.00000000 -0.00002155 0.00432971 0.00002161 0.99999063
0.99998822 -0.00058768 -0.00481759 0.00059015 0.99999969 0.00051179 0.00481729 -0.00051463 0.99998826
0.99997502 -0.00008501 -0.00706738 0.00008788 0.99999991 0.00040491 0.00706734 -0.00040552 0.99997494
0.99999309 0.00172548 -0.00329259 -0.00172693 0.99999841 -0.00043589 0.00329183 0.00044158 0.99999448
0.99999903 0.00058950 0.00126079 -0.00059098 0.99999914 0.00116875 -0.00126010 -0.00116950 0.99999852
0.99999517 -0.00013429 -0.00310388 0.00013480 0.99999998 0.00016686 0.00310385 -0.00016727 0.99999517
0.99999633 -0.00111462 -0.00247037 0.00111911 0.99999772 0.00181802 0.00246834 -0.00182078 0.99999530
0.99999743 -0.00046379 -0.00221953 0.00046373 0.99999989 -0.00002644 0.00221954 0.00002541 0.99999754
0.99999999 0.00009971 0.00012097 -0.00009961 0.99999966 -0.00082086 -0.00012105 0.00082084 0.99999966
0.99999228 0.00114754 -0.00375894 -0.00115173 0.99999872 -0.00111485 0.00375766 0.00111917 0.99999231
0.99999958 -0.00020971 -0.00088667 0.00020939 0.99999991 -0.00036004 0.00088675 0.00035986 0.99999954
0.99999649 -0.00101208 -0.00244752 0.00101319 0.99999938 0.00045320 0.00244706 -0.00045567 0.99999690
0.99999960 0.00086819 -0.00021505 -0.00086835 0.99999935 -0.00073797 0.00021440 0.00073815 0.99999970
0.99999382 -0.00161866 -0.00312094 0.00161924 0.99999867 0.00018228 0.00312064 -0.00018733 0.99999511
0.99999905 0.00109284 0.00084355 -0.00109292 0.99999940 0.00009105 -0.00084345 -0.00009198 0.99999964
0.99999915 0.00046156 -0.00122307 -0.00046183 0.99999987 -0.00021660 0.00122297 0.00021717 0.99999923
0.99999685 0.00236737 0.00082898 -0.00236625 0.99999630 -0.00134365 -0.00083216 0.00134169 0.99999875
0.99999672 0.00156122 -0.00202983 -0.00156330 0.99999826 -0.00102045 0.00202823 0.00102362 0.99999742
0.99999811 0.00192305 0.00029926 -0.00192244 0.99999609 -0.00202981 -0.00030317 0.00202924 0.99999790
0.99999613 -0.00096609 -0.00260909 0.00096833 0.99999917 0.00085525 0.00260826 -0.00085778 0.99999623
0.99999843 -0.00004540 -0.00177048 0.00004500 0.99999997 -0.00022919 0.00177049 0.00022911 0.99999841
0.99999805 -0.00188508 -0.00058356 0.00188523 0.99999819 0.00026256 0.00058306 -0.00026366 0.99999980
0.99999792 -0.00136347 -0.00151598 0.00136344 0.99999907 -0.00002439 0.00151601 0.00002232 0.99999885
0.99999758 0.00028894 -0.00218124 -0.00028956 0.99999992 -0.00028324 0.00218116 0.00028387 0.99999758
0.99999848 0.00002092 -0.00174193 -0.00001990 0.99999983 0.00058747 0.00174194 -0.00058744 0.99999831
0.99999969 0.00010367 -0.00078336 -0.00010419 0.99999977 -0.00066456 0.00078329 0.00066464 0.99999947
0.99998617 0.00040167 -0.00524319 -0.00040031 0.99999989 0.00026045 0.00524329 -0.00025835 0.99998622
0.99999228 -0.00344896 -0.00188342 0.00344728 0.99999366 -0.00089419 0.00188649 0.00088769 0.99999783
0.99999800 0.00195912 0.00039907 -0.00195851 0.99999692 -0.00152561 -0.00040206 0.00152483 0.99999876
0.99999939 -0.00005836 -0.00110704 0.00005776 0.99999985 -0.00053685 0.00110707 0.00053679 0.99999924
0.99999255 0.00002297 -0.00386049 -0.00002301 1.00000000 -0.00001170 0.00386049 0.00001179 0.99999255
0.99999785 0.00118778 -0.00169875 -0.00118841 0.99999923 -0.00036565 0.00169831 0.00036767 0.99999849
0.99999556 -0.00069004 -0.00289816 0.00069214 0.99999950 0.00072376 0.00289766 -0.00072576 0.99999554
0.99999846 0.00119577 -0.00128273 -0.00119560 0.99999928 0.00013590 0.00128289 -0.00013437 0.99999917
0.99999873 0.00008684 -0.00159348 -0.00008718 0.99999997 -0.00021084 0.00159346 0.00021097 0.99999871
0.99999840 0.00111790 -0.00139459 -0.00111719 0.99999925 0.00050860 0.00139516 -0.00050704 0.99999890
0.99999902 0.00029155 0.00136762 -0.00029085 0.99999982 -0.00051586 -0.00136777 0.00051546 0.99999893
0.99999832 -0.00058434 -0.00173588 0.00058392 0.99999980 -0.00024244 0.00173602 0.00024143 0.99999846
0.99999875 0.00009460 -0.00157585 -0.00009492 0.99999997 -0.00020550 0.00157583 0.00020565 0.99999874
0.99999732 -0.00067148 -0.00221784 0.00067622 0.99999749 0.00213511 0.00221641 -0.00213661 0.99999526
0.99999922 -0.00016726 -0.00124169 0.00016660 0.99999984 -0.00053244 0.00124178 0.00053223 0.99999909
0.99999864 0.00104766 -0.00127612 -0.00104685 0.99999925 0.00064003 0.00127679 -0.00063869 0.99999898
0.99999852 -0.00113133 -0.00129931 0.00113244 0.99999900 0.00085023 0.00129835 -0.00085170 0.99999879
0.99999895 0.00053390 -0.00134667 -0.00053340 0.99999979 0.00037080 0.00134687 -0.00037008 0.99999902
0.99999831 -0.00069252 0.00170060 0.00069095 0.99999934 0.00092260 -0.00170123 -0.00092143 0.99999813
0.99999777 0.00183050 -0.00105142 -0.00183072 0.99999830 -0.00021208 0.00105103 0.00021400 0.99999942
0.99999903 0.00082273 0.00111975 -0.00082173 0.99999926 -0.00089847 -0.00112049 0.00089755 0.99999897
0.99999971 0.00066531 -0.00036179 -0.00066549 0.99999965 -0.00051331 0.00036145 0.00051355 0.99999980
0.99999978 -0.00060909 -0.00027575 0.00060907 0.99999981 -0.00008899 0.00027581 0.00008882 0.99999996
0.99999886 0.00108305 0.00105475 -0.00108201 0.99999893 -0.00098422 -0.00105582 0.00098308 0.99999896
0.99999967 -0.00073606 -0.00035379 0.00073591 0.99999963 -0.00043828 0.00035411 0.00043802 0.99999984
0.99999964 0.00065947 0.00053268 -0.00065930 0.99999973 -0.00031826 -0.00053289 0.00031791 0.99999981
0.99999697 0.00223041 0.00103705 -0.00223118 0.99999724 0.00074130 -0.00103539 -0.00074361 0.99999919
0.99999981 0.00061404 0.00000702 -0.00061405 0.99999967 0.00053954 -0.00000669 -0.00053955 0.99999985
0.99999927 -0.00112832 0.00042433 0.00112832 0.99999936 -0.00000218 -0.00042433 0.00000266 0.99999991
0.99999978 0.00029059 -0.00058904 -0.00029053 0.99999995 0.00010176 0.00058907 -0.00010159 0.99999982
0.99999061 -0.00396526 -0.00174560 0.00396632 0.99999195 0.00060391 0.00174319 -0.00061083 0.99999829
0.99999809 -0.00178629 0.00079264 0.00178684 0.99999816 -0.00069553 -0.00079140 0.00069694 0.99999944
1.00000000 -0.00001206 0.00003994 0.00001209 0.99999963 -0.00086413 -0.00003993 0.00086413 0.99999963
0.99999808 -0.00187132 0.00058077 0.00187155 0.99999817 -0.00039730 -0.00058003 0.00039839 0.99999975
0.99999999 0.00014750 -0.00006532 -0.00014759 0.99999904 -0.00137595 0.00006511 0.00137596 0.99999905
0.99999960 0.00070887 0.00055317 -0.00070935 0.99999937 0.00086710 -0.00055255 -0.00086749 0.99999947
0.99999834 -0.00118576 0.00138016 0.00118373 0.99999822 0.00146728 -0.00138190 -0.00146564 0.99999797
0.99999858 0.00085009 0.00145624 -0.00084968 0.99999960 -0.00028355 -0.00145649 0.00028231 0.99999890
0.99999949 -0.00037523 -0.00093503 0.00037456 0.99999967 -0.00072150 0.00093530 0.00072115 0.99999930
0.99999943 -0.00040611 0.00098408 0.00040566 0.99999982 0.00045287 -0.00098427 -0.00045247 0.99999941
0.99999955 0.00056844 -0.00076039 -0.00056773 0.99999940 0.00093244 0.00076092 -0.00093201 0.99999928
0.99999864 0.00154006 -0.00058631 -0.00153977 0.99999869 0.00049384 0.00058707 -0.00049293 0.99999971
0.99999889 0.00030650 0.00145808 -0.00031022 0.99999671 0.00254809 -0.00145729 -0.00254854 0.99999569
0.99999881 -0.00096708 -0.00120276 0.00096808 0.99999918 0.00083402 0.00120195 -0.00083519 0.99999893
1.00000000 0.00001446 -0.00005284 -0.00001442 0.99999971 0.00075930 0.00005285 -0.00075930 0.99999971
0.99999989 0.00019053 -0.00042849 -0.00019080 0.99999978 -0.00063757 0.00042837 0.00063765 0.99999970
0.99999945 -0.00030393 -0.00100746 0.00030353 0.99999988 -0.00039456 0.00100758 0.00039425 0.99999941
0.99999998 -0.00018986 0.00003602 0.00018990 0.99999941 -0.00106694 -0.00003582 0.00106694 0.99999943
0.99999993 -0.00029200 -0.00025329 0.00029187 0.99999981 -0.00054643 0.00025345 0.00054635 0.99999982
0.99999804 0.00163507 0.00111620 -0.00163462 0.99999858 -0.00039973 -0.00111685 0.00039790 0.99999930
0.99999973 -0.00043486 -0.00059144 0.00043453 0.99999974 -0.00057029 0.00059169 0.00057004 0.99999966
0.99999972 0.00074541 0.00001329 -0.00074540 0.99999958 -0.00053256 -0.00001369 0.00053255 0.99999986
0.99999991 0.00018032 0.00039059 -0.00018064 0.99999966 0.00080155 -0.00039044 -0.00080162 0.99999960
0.99999954 -0.00033391 -0.00090077 0.00033407 0.99999993 0.00017594 0.00090071 -0.00017625 0.99999958
0.99999944 0.00075638 -0.00074439 -0.00075620 0.99999969 0.00024031 0.00074457 -0.00023975 0.99999969
0.99999762 0.00206256 -0.00071641 -0.00206239 0.99999784 0.00025141 0.00071693 -0.00024993 0.99999971
0.99999331 -0.00317328 -0.00181910 0.00317838 0.99999100 0.00281109 0.00181017 -0.00281685 0.99999439
0.99999929 0.00118811 -0.00009322 -0.00118811 0.99999929 0.00001067 0.00009323 -0.00001056 1.00000000
0.99999951 0.00098840 0.00009191 -0.00098829 0.99999886 -0.00113973 -0.00009303 0.00113964 0.99999935
0.99999928 -0.00059045 -0.00104453 0.00059036 0.99999982 -0.00008529 0.00104458 0.00008467 0.99999945
0.99999928 -0.00067744 0.00098571 0.00067661 0.99999942 0.00084381 -0.00098628 -0.00084314 0.99999916
0.99999871 0.00129155 -0.00095006 -0.00129230 0.99999886 -0.00078380 0.00094905 0.00078502 0.99999924
0.99999846 0.00128484 0.00119561 -0.00128475 0.99999917 -0.00006824 -0.00119570 0.00006671 0.99999928
0.99999985 0.00020815 -0.00049772 -0.00020790 0.99999986 0.00049553 0.00049782 -0.00049542 0.99999975
0.99999953 0.00071800 0.00064681 -0.00071763 0.99999958 -0.00057308 -0.00064722 0.00057262 0.99999963
0.99999968 0.00003036 -0.00080378 -0.00003039 1.00000000 -0.00003982 0.00080378 0.00003984 0.99999968
0.99999801 -0.00007892 -0.00199584 0.00007916 0.99999999 0.00012479 0.00199583 -0.00012495 0.99999800
0.99999989 -0.00039015 -0.00024598 0.00039052 0.99999880 0.00150182 0.00024539 -0.00150192 0.99999884
0.99999863 0.00122750 0.00110843 -0.00122737 0.99999924 -0.00011741 -0.00110857 0.00011605 0.99999938
0.99999918 -0.00128001 -0.00002451 0.00128001 0.99999916 0.00018717 0.00002427 -0.00018720 0.99999998
0.99999985 0.00051677 -0.00017923 -0.00051680 0.99999985 -0.00015423 0.00017915 0.00015432 0.99999997
0.99999987 -0.00048618 0.00012757 0.00048614 0.99999985 0.00026098 -0.00012770 -0.00026092 0.99999996
0.99999988 -0.00044554 -0.00018520 0.00044574 0.99999931 0.00108467 0.00018472 -0.00108476 0.99999939
0.99999991 -0.00038654 0.00017075 0.00038666 0.99999969 -0.00069311 -0.00017048 0.00069318 0.99999975
0.99999868 -0.00156946 0.00042841 0.00157017 0.99999739 -0.00166188 -0.00042580 0.00166255 0.99999853
0.99999596 0.00254629 -0.00126120 -0.00254703 0.99999659 -0.00058166 0.00125971 0.00058487 0.99999904
0.99999989 -0.00032620 -0.00033390 0.00032636 0.99999983 0.00048680 0.00033374 -0.00048691 0.99999983
0.99999987 0.00043805 -0.00024508 -0.00043813 0.99999985 -0.00032899 0.00024494 0.00032910 0.99999992
0.99999813 0.00153603 0.00117569 -0.00153680 0.99999861 0.00065202 -0.00117469 -0.00065382 0.99999910
0.99999945 -0.00094627 0.00045539 0.00094635 0.99999954 -0.00018019 -0.00045522 0.00018062 0.99999988
0.99999947 -0.00093538 -0.00042174 0.00093535 0.99999956 -0.00007105 0.00042181 0.00007065 0.99999991
0.99999981 0.00052514 0.00033374 -0.00052524 0.99999982 0.00029941 -0.00033358 -0.00029958 0.99999990
0.99999993 0.00013483 0.00035371 -0.00013452 0.99999961 -0.00087840 -0.00035383 0.00087835 0.99999955
0.99999999 0.00012517 -0.00003878 -0.00012518 0.99999991 -0.00040249 0.00003873 0.00040249 0.99999992
0.99999921 -0.00093489 -0.00083575 0.00093420 0.99999923 -0.00082286 0.00083652 0.00082208 0.99999931
0.99999920 -0.00126731 0.00003424 0.00126731 0.99999920 0.00000202 -0.00003424 -0.00000198 1.00000000
0.99999774 -0.00206366 -0.00050373 0.00206366 0.99999787 -0.00000992 0.00050375 0.00000888 0.99999987
0.99999846 -0.00147910 0.00094201 0.00147937 0.99999887 -0.00028486 -0.00094159 0.00028625 0.99999952
0.99999874 0.00137191 0.00079449 -0.00137238 0.99999889 0.00058747 -0.00079368 -0.00058856 0.99999951
0.99999952 0.00032156 0.00093045 -0.00032169 0.99999994 0.00013764 -0.00093040 -0.00013794 0.99999956
0.99999796 -0.00187922 -0.00074515 0.00187930 0.99999823 0.00010175 0.00074495 -0.00010315 0.99999972
0.99999920 0.00075021 -0.00101721 -0.00074954 0.99999950 0.00065865 0.00101771 -0.00065789 0.99999927
0.99999984 0.00056757 -0.00002020 -0.00056759 0.99999958 -0.00072455 0.00001979 0.00072456 0.99999974
0.99999925 -0.00098591 -0.00072369 0.00098621 0.99999943 0.00040757 0.00072329 -0.00040829 0.99999966
0.99999875 -0.00157331 -0.00017137 0.00157313 0.99999826 -0.00099819 0.00017294 0.00099792 0.99999949
0.99999958 -0.00071777 0.00057673 0.00071815 0.99999952 -0.00066422 -0.00057625 0.00066463 0.99999961
0.99999832 -0.00182027 -0.00021235 0.00182031 0.99999832 0.00019168 0.00021200 -0.00019206 0.99999996
0.99999757 0.00199631 0.00093953 -0.00199647 0.99999799 0.00017916 -0.00093917 -0.00018104 0.99999954
0.99999628 0.00265870 -0.00060983 -0.00265897 0.99999637 -0.00044180 0.00060866 0.00044342 0.99999972
0.99999978 -0.00033984 0.00056473 0.00034071 0.99999873 -0.00155394 -0.00056420 0.00155413 0.99999863
0.99999842 -0.00170306 -0.00051198 0.00170318 0.99999853 0.00022135 0.00051160 -0.00022222 0.99999984
0.99999990 0.00043025 -0.00014275 -0.00043025 0.99999991 -0.00001259 0.00014275 0.00001265 0.99999999
0.99999999 0.00014656 -0.00000148 -0.00014656 0.99999943 -0.00105904 0.00000133 0.00105904 0.99999944
0.99999939 -0.00105300 0.00033217 0.00105307 0.99999942 -0.00020531 -0.00033195 0.00020566 0.99999992
0.99999995 -0.00012115 -0.00030319 0.00012118 0.99999999 0.00011160 0.00030318 -0.00011164 0.99999995
0.99999964 0.00083691 0.00012444 -0.00083679 0.99999916 -0.00099208 -0.00012527 0.00099197 0.99999950
0.99999997 0.00012598 -0.00020150 -0.00012622 0.99999929 -0.00118600 0.00020135 0.00118603 0.99999928
0.99999896 -0.00143929 -0.00004769 0.00143929 0.99999896 -0.00007851 0.00004780 0.00007845 1.00000000
0.99999990 0.00044860 -0.00007567 -0.00044864 0.99999975 -0.00055255 0.00007542 0.00055259 0.99999984
0.99999959 0.00054509 -0.00072196 -0.00054572 0.99999947 -0.00087096 0.00072149 0.00087136 0.99999936
0.99999993 0.00034049 0.00012301 -0.00034046 0.99999991 -0.00023931 -0.00012309 0.00023927 0.99999996
0.99999979 0.00062087 -0.00017448 -0.00062096 0.99999968 -0.00050757 0.00017417 0.00050768 0.99999986
0.99999797 0.00201273 -0.00005949 -0.00201274 0.99999795 -0.00020175 0.00005908 0.00020187 0.99999998
0.99999932 -0.00109960 0.00037637 0.00109955 0.99999939 0.00011212 -0.00037649 -0.00011171 0.99999992
0.99998746 0.00162890 0.00473622 -0.00162352 0.99999803 -0.00113976 -0.00473807 0.00113205 0.99998813
0.99999983 -0.00051820 -0.00025844 0.00051823 0.99999986 0.00011540 0.00025838 -0.00011554 0.99999996
0.99999899 -0.00133693 0.00048305 0.00133680 0.99999907 0.00026371 -0.00048340 -0.00026306 0.99999985
0.99980840 0.00216982 -0.01945409 -0.00209289 0.99998992 0.00397356 0.01946251 -0.00393208 0.99980286
0.99999605 -0.00040444 -0.00278274 0.00040441 0.99999992 -0.00001079 0.00278275 0.00000966 0.99999613
0.99999858 0.00139815 -0.00094052 -0.00139905 0.99999856 -0.00095856 0.00093918 0.00095988 0.99999910
0.99972580 0.00373718 0.02311637 -0.00354155 0.99995762 -0.00849793 -0.02314715 0.00841373 0.99969666
0.99999846 0.00047380 -0.00169064 -0.00047487 0.99999969 -0.00062843 0.00169034 0.00062923 0.99999837
0.99999759 0.00219514 -0.00009970 -0.00219533 0.99999562 -0.00198349 0.00009534 0.00198371 0.99999803
0.99999983 -0.00011873 -0.00057803 0.00011852 0.99999992 -0.00036954 0.00057807 0.00036947 0.99999976
0.99999969 -0.00016219 -0.00076597 0.00016229 0.99999998 0.00012961 0.00076595 -0.00012974 0.99999970
0.99999966 0.00006534 0.00081969 -0.00006519 0.99999998 -0.00018366 -0.00081971 0.00018360 0.99999965
0.99999895 -0.00051606 0.00135258 0.00051608 0.99999987 -0.00001300 -0.00135258 0.00001370 0.99999909
0.99999948 -0.00019459 0.00100470 0.00019454 0.99999998 0.00004771 -0.00100471 -0.00004752 0.99999949
0.99999834 0.00129213 0.00128556 -0.00129192 0.99999915 -0.00016221 -0.00128577 0.00016055 0.99999916
0.99999901 -0.00115832 0.00079323 0.00115778 0.99999909 0.00068697 -0.00079402 -0.00068605 0.99999945
0.99999940 -0.00109838 -0.00001752 0.00109840 0.99999846 0.00136594 0.00001602 -0.00136596 0.99999907
0.99999614 0.00269868 0.00066076 -0.00269757 0.99999497 -0.00166967 -0.00066526 0.00166788 0.99999839
0.99999870 -0.00075039 0.00143063 0.00074935 0.99999945 0.00072701 -0.00143117 -0.00072594 0.99999871
0.99999991 -0.00000512 0.00041379 0.00000500 0.99999996 0.00029156 -0.00041379 -0.00029156 0.99999987
0.99999966 0.00000536 0.00082799 -0.00000470 0.99999969 -0.00079301 -0.00082799 0.00079301 0.99999934
0.99999969 -0.00076466 0.00016151 0.00076465 0.99999971 0.00002768 -0.00016153 -0.00002755 0.99999999
0.99999985 0.00041697 0.00034309 -0.00041695 0.99999991 -0.00007058 -0.00034312 0.00007044 0.99999994
0.99999892 0.00028488 0.00144150 -0.00028355 0.99999953 -0.00092398 -0.00144176 0.00092357 0.99999853
0.99999940 -0.00067492 0.00086462 0.00067450 0.99999965 0.00049007 -0.00086495 -0.00048948 0.99999951
0.99999765 -0.00105087 0.00189415 0.00105041 0.99999942 0.00024267 -0.00189441 -0.00024068 0.99999818
0.99999821 0.00024916 0.00187763 -0.00024988 0.99999989 0.00038499 -0.00187754 -0.00038545 0.99999816
0.99999905 -0.00081793 -0.00110565 0.00081910 0.99999910 0.00105954 0.00110478 -0.00106045 0.99999883
0.99999576 -0.00111130 0.00269040 0.00110765 0.99999846 0.00136009 -0.00269190 -0.00135711 0.99999546
0.99990630 0.00147248 0.01360973 -0.00146056 0.99999854 -0.00088591 -0.01361101 0.00086594 0.99990699
0.99999841 0.00061780 0.00167111 -0.00061912 0.99999950 0.00078805 -0.00167063 -0.00078908 0.99999829
0.99999916 -0.00061328 0.00114490 0.00061215 0.99999933 0.00098384 -0.00114551 -0.00098314 0.99999886
0.99999766 0.00111319 -0.00185430 -0.00111406 0.99999927 -0.00046687 0.00185378 0.00046893 0.99999817
0.99999992 -0.00012728 -0.00037389 0.00012721 0.99999997 -0.00019669 0.00037391 0.00019664 0.99999991
0.99999704 -0.00090756 0.00225916 0.00090774 0.99999958 -0.00008096 -0.00225909 0.00008301 0.99999744
0.99990708 0.00196963 -0.01348877 -0.00195512 0.99999750 0.00108915 0.01349088 -0.00106267 0.99990843
0.99999986 0.00028667 0.00043483 -0.00028631 0.99999962 -0.00082636 -0.00043507 0.00082623 0.99999956
0.99999965 -0.00033469 -0.00077206 0.00033464 0.99999994 -0.00006211 0.00077208 0.00006185 0.99999970
0.99999526 -0.00231442 -0.00203194 0.00231745 0.99999621 0.00148882 0.00202849 -0.00149352 0.99999683
0.99999996 -0.00027132 -0.00001027 0.00027132 0.99999981 -0.00055904 0.00001042 0.00055903 0.99999984
0.99999988 0.00007012 -0.00047642 -0.00007020 0.99999999 -0.00015453 0.00047641 0.00015456 0.99999987
0.99999956 -0.00021830 -0.00091439 0.00021732 0.99999939 -0.00108011 0.00091463 0.00107991 0.99999900
0.99999347 0.00092013 -0.00349449 -0.00092641 0.99999796 -0.00179357 0.00349284 0.00179680 0.99999229
0.99999313 0.00356177 0.00102661 -0.00356083 0.99999325 -0.00091005 -0.00102985 0.00090639 0.99999906
0.99999853 -0.00010925 0.00171325 0.00010871 0.99999994 0.00031455 -0.00171328 -0.00031436 0.99999848
