1.00000000 0.00000000 0.00000000 0.00000000 1.00000000 0.00000000 0.00000000 0.00000000 1.00000000
0.99999932 0.00087492 0.00077590 -0.00087488 0.99999962 -0.00004773 -0.00077594 0.00004705 0.99999970
0.99999955 0.00038724 0.00086738 -0.00038641 0.99999946 -0.00096123 -0.00086775 0.00096090 0.99999916
0.99999945 0.00048974 0.00092584 -0.00048916 0.99999968 -0.00062790 -0.00092615 0.00062744 0.99999937
0.99999953 0.00015061 0.00095886 -0.00015044 0.99999997 -0.00017528 -0.00095889 0.00017514 0.99999952
0.99999945 0.00039813 0.00097032 -0.00039724 0.99999950 -0.00091517 -0.00097068 0.00091479 0.99999911
0.99999919 0.00088628 0.00091101 -0.00088570 0.99999941 -0.00063093 -0.00091157 0.00063012 0.99999939
0.99999928 0.00101190 0.00064990 -0.00101172 0.99999945 -0.00027744 -0.00065018 0.00027678 0.99999975
0.99999908 0.00120381 0.00062857 -0.00120364 0.99999924 -0.00027616 -0.00062890 0.00027540 0.99999976
0.99999971 0.00045791 0.00061448 -0.00045751 0.99999968 -0.00064892 -0.00061478 0.00064864 0.99999960
0.99999978 0.00042734 0.00050891 -0.00042712 0.99999982 -0.00042050 -0.00050909 0.00042028 0.99999978
0.99999933 0.00086924 0.00075972 -0.00086917 0.99999962 -0.00009149 -0.00075980 0.00009083 0.99999971
0.99999985 0.00055448 -0.00002755 -0.00055450 0.99999965 -0.00062173 0.00002720 0.00062175 0.99999981
0.99999980 0.00047114 0.00041243 -0.00047071 0.99999935 -0.00104155 -0.00041292 0.00104136 0.99999937
0.99999945 0.00081312 0.00065809 -0.00081285 0.99999958 -0.00041854 -0.00065843 0.00041800 0.99999970
0.99999945 0.00104448 0.00011634 -0.00104446 0.99999944 -0.00015245 -0.00011650 0.00015232 0.99999998
0.99999956 0.00093356 0.00012546 -0.00093351 0.99999949 -0.00039358 -0.00012583 0.00039346 0.99999991
0.99999975 0.00068887 0.00014338 -0.00068882 0.99999969 -0.00039246 -0.00014365 0.00039236 0.99999991
0.99999990 0.00036076 0.00027407 -0.00036063 0.99999982 -0.00048250 -0.00027424 0.00048240 0.99999985
0.99999992 0.00030975 0.00025105 -0.00030963 0.99999984 -0.00047699 -0.00025120 0.00047691 0.99999985
0.99999972 0.00073408 0.00014819 -0.00073402 0.99999965 -0.00041073 -0.00014849 0.00041062 0.99999990
0.99999986 0.00041241 0.00032399 -0.00041225 0.99999979 -0.00049380 -0.00032420 0.00049367 0.99999983
0.99999979 0.00050555 0.00040343 -0.00050538 0.99999979 -0.00041197 -0.00040364 0.00041176 0.99999983
0.99999929 0.00057488 0.00104845 -0.00057459 0.99999979 -0.00028358 -0.00104861 0.00028298 0.99999941
0.99999900 0.00089593 0.00109365 -0.00089591 0.99999960 -0.00001810 -0.00109367 0.00001712 0.99999940
0.99999939 0.00108451 0.00022627 -0.00108441 0.99999932 -0.00043959 -0.00022675 0.00043934 0.99999988
0.99999964 0.00079539 0.00028145 -0.00079524 0.99999954 -0.00053258 -0.00028187 0.00053236 0.99999982
0.99999968 0.00067631 0.00042436 -0.00067637 0.99999976 0.00014712 -0.00042426 -0.00014740 0.99999990
0.99999982 0.00031471 0.00051986 -0.00031463 0.99999994 -0.00014452 -0.00051991 0.00014435 0.99999985
0.99999977 0.00045168 0.00051239 -0.00045136 0.99999970 -0.00062421 -0.00051267 0.00062398 0.99999967
0.99999890 0.00049310 0.00139838 -0.00049216 0.99999966 -0.00066911 -0.00139871 0.00066842 0.99999880
0.99999963 0.00076935 0.00038501 -0.00076933 0.99999970 -0.00004112 -0.00038504 0.00004083 0.99999993
0.99999953 0.00083299 0.00048642 -0.00083277 0.99999955 -0.00045332 -0.00048679 0.00045292 0.99999978
0.99999939 0.00100871 0.00044059 -0.00100814 0.99999864 -0.00130692 -0.00044191 0.00130647 0.99999905
0.99999928 0.00057356 0.00105321 -0.00057196 0.99999869 -0.00151745 -0.00105407 0.00151685 0.99999829
0.99999951 0.00043389 0.00089195 -0.00043297 0.99999938 -0.00102985 -0.00089239 0.00102946 0.99999907
0.99999952 0.00071902 0.00065981 -0.00071852 0.99999944 -0.00077061 -0.00066036 0.00077014 0.99999949
0.99999947 0.00071193 0.00074232 -0.00071128 0.99999936 -0.00088091 -0.00074294 0.00088038 0.99999934
0.99999961 0.00071584 0.00052464 -0.00071529 0.99999919 -0.00104893 -0.00052539 0.00104856 0.99999931
0.99999980 0.00043083 0.00045921 -0.00043036 0.99999940 -0.00100631 -0.00045964 0.00100611 0.99999939
0.99999990 0.00041885 0.00014204 -0.00041872 0.99999953 -0.00087580 -0.00014240 0.00087574 0.99999961
0.99999966 0.00081186 0.00016639 -0.00081172 0.99999934 -0.00080712 -0.00016704 0.00080698 0.99999966
0.99999932 0.00114947 0.00018998 -0.00114932 0.99999903 -0.00079261 -0.00019090 0.00079240 0.99999967
0.99999950 0.00099607 0.00011339 -0.00099596 0.99999899 -0.00101565 -0.00011440 0.00101554 0.99999948
0.99999986 0.00044732 0.00028265 -0.00044697 0.99999915 -0.00122093 -0.00028319 0.00122080 0.99999921
0.99999974 0.00060163 0.00039061 -0.00060123 0.99999931 -0.00100910 -0.00039121 0.00100887 0.99999941
0.99999936 0.00112722 -0.00000457 -0.00112722 0.99999920 -0.00056903 0.00000393 0.00056903 0.99999984
0.99999981 0.00048182 0.00039326 -0.00048159 0.99999970 -0.00060017 -0.00039355 0.00059998 0.99999974
0.99999946 0.00064403 0.00082060 -0.00064341 0.99999951 -0.00075723 -0.00082109 0.00075670 0.99999938
0.99999913 0.00073169 0.00109690 -0.00073094 0.99999950 -0.00068629 -0.00109740 0.00068549 0.99999916
0.99999876 0.00110621 0.00111659 -0.00110551 0.99999919 -0.00062723 -0.00111728 0.00062599 0.99999918
0.99999953 0.00033470 0.00090472 -0.00033402 0.99999966 -0.00074749 -0.00090497 0.00074718 0.99999931
0.99999915 0.00043418 0.00123192 -0.00043333 0.99999967 -0.00068852 -0.00123222 0.00068798 0.99999900
0.99999884 0.00038915 0.00146985 -0.00038760 0.99999937 -0.00105588 -0.00147026 0.00105531 0.99999836
0.99999912 0.00081508 0.00104607 -0.00081463 0.99999957 -0.00043198 -0.00104642 0.00043112 0.99999936
0.99999885 0.00120202 0.00092999 -0.00120130 0.99999898 -0.00077326 -0.00093092 0.00077214 0.99999927
0.99999881 0.00076504 0.00133784 -0.00076391 0.99999935 -0.00084416 -0.00133849 0.00084313 0.99999875
0.99999769 0.00158537 0.00145398 -0.00158565 0.99999872 0.00019623 -0.00145366 -0.00019854 0.99999892
0.99999840 0.00118751 0.00133997 -0.00118784 0.99999926 0.00024495 -0.00133968 -0.00024654 0.99999907
0.99999951 0.00055414 0.00082337 -0.00055429 0.99999983 0.00017179 -0.00082328 -0.00017225 0.99999965
0.99999908 0.00094424 0.00097521 -0.00094396 0.99999951 -0.00028459 -0.00097548 0.00028367 0.99999948
0.99999916 0.00075508 0.00105052 -0.00075454 0.99999959 -0.00050916 -0.00105090 0.00050836 0.99999932
0.99999871 0.00127112 0.00097726 -0.00127199 0.99999880 0.00088529 -0.00097614 -0.00088653 0.99999913
0.99999915 0.00006737 0.00130273 -0.00006967 0.99999844 0.00176770 -0.00130261 -0.00176779 0.99999759
0.99999950 0.00047628 0.00087388 -0.00047767 0.99999861 0.00159942 -0.00087312 -0.00159984 0.99999834
0.99999963 0.00060472 0.00061634 -0.00060555 0.99999891 0.00134931 -0.00061553 -0.00134968 0.99999890
0.99999940 0.00080657 0.00074322 -0.00080696 0.99999953 0.00053091 -0.00074279 -0.00053151 0.99999958
0.99999932 0.00058928 0.00100265 -0.00058885 0.99999973 -0.00043063 -0.00100290 0.00043004 0.99999940
0.99999966 0.00065013 0.00050690 -0.00064995 0.99999973 -0.00035378 -0.00050713 0.00035345 0.99999981
0.99999970 0.00072621 0.00027894 -0.00072614 0.99999970 -0.00026657 -0.00027913 0.00026637 0.99999993
0.99999946 0.00078298 0.00068353 -0.00078273 0.99999963 -0.00036746 -0.00068382 0.00036692 0.99999970
0.99999895 0.00115001 0.00088311 -0.00114987 0.99999933 -0.00015944 -0.00088329 0.00015842 0.99999960
0.99999931 0.00095753 0.00067942 -0.00095745 0.99999953 -0.00012666 -0.00067954 0.00012601 0.99999976
0.99999996 0.00027707 0.00000619 -0.00027706 0.99999970 -0.00073017 -0.00000639 0.00073016 0.99999973
0.99999920 0.00065092 0.00108678 -0.00065055 0.99999973 -0.00033575 -0.00108700 0.00033505 0.99999935
0.99999900 0.00131822 0.00051232 -0.00131814 0.99999912 -0.00016144 -0.00051254 0.00016076 0.99999986
0.99999942 0.00079677 0.00072791 -0.00079645 0.99999959 -0.00043823 -0.00072826 0.00043765 0.99999964
0.99999911 0.00093366 0.00094947 -0.00093279 0.99999915 -0.00091474 -0.00095033 0.00091385 0.99999913
0.99999932 0.00090249 0.00073934 -0.00090235 0.99999958 -0.00018486 -0.00073951 0.00018420 0.99999971
0.99999976 0.00069545 -0.00000157 -0.00069545 0.99999976 -0.00004209 0.00000154 0.00004209 1.00000000
0.99999975 0.00030842 0.00063129 -0.00030749 0.99999887 -0.00147306 -0.00063175 0.00147287 0.99999872
0.99999929 0.00089446 0.00079336 -0.00089356 0.99999896 -0.00113579 -0.00079438 0.00113508 0.99999904
0.99999959 0.00078053 0.00046150 -0.00078010 0.99999926 -0.00093645 -0.00046223 0.00093609 0.99999946
0.99999964 0.00033326 0.00078003 -0.00033240 0.99999934 -0.00109581 -0.00078040 0.00109555 0.99999910
0.99999789 0.00160364 0.00128063 -0.00160279 0.99999850 -0.00066367 -0.00128170 0.00066162 0.99999896
0.99999938 0.00102000 0.00045244 -0.00101992 0.99999946 -0.00018302 -0.00045263 0.00018256 0.99999988
0.99999847 0.00113812 0.00132491 -0.00113785 0.99999933 -0.00019928 -0.00132514 0.00019778 0.99999910
0.99999860 0.00015368 0.00166477 -0.00015222 0.99999961 -0.00087520 -0.00166491 0.00087495 0.99999823
0.99999945 0.00091569 0.00052040 -0.00091537 0.99999940 -0.00060796 -0.00052096 0.00060749 0.99999968
0.99999965 0.00044423 0.00070996 -0.00044390 0.99999979 -0.00047215 -0.00071017 0.00047184 0.99999964
0.99999921 0.00085709 0.00092165 -0.00085694 0.99999962 -0.00016327 -0.00092179 0.00016248 0.99999956
0.99999931 0.00070568 0.00093611 -0.00070552 0.99999973 -0.00017967 -0.00093624 0.00017901 0.99999955
0.99999905 0.00117893 0.00071576 -0.00117910 0.99999928 0.00023873 -0.00071548 -0.00023957 0.99999972
0.99999923 0.00092973 0.00082356 -0.00092986 0.99999956 0.00015196 -0.00082341 -0.00015273 0.99999965
0.99999921 0.00034778 0.00120790 -0.00034728 0.99999985 -0.00041622 -0.00120805 0.00041580 0.99999918
0.99999930 0.00052899 0.00106124 -0.00052879 0.99999984 -0.00018827 -0.00106134 0.00018771 0.99999942
0.99999954 0.00067014 0.00068685 -0.00066966 0.99999954 -0.00068634 -0.00068731 0.00068588 0.99999953
0.99999912 0.00084989 0.00102093 -0.00084906 0.99999931 -0.00081388 -0.00102162 0.00081301 0.99999915
0.99999914 0.00079903 0.00104389 -0.00079890 0.99999967 -0.00012165 -0.00104399 0.00012082 0.99999945
0.99999943 0.00089105 0.00058759 -0.00089101 0.99999960 -0.00008123 -0.00058766 0.00008070 0.99999982
0.99999947 0.00051355 0.00089427 -0.00051337 0.99999985 -0.00019762 -0.00089438 0.00019716 0.99999958
0.99999945 -0.00014341 0.00103741 0.00014368 0.99999996 -0.00025995 -0.00103737 0.00026010 0.99999943
0.99999949 0.00067146 0.00075525 -0.00067140 0.99999977 -0.00007331 -0.00075530 0.00007281 0.99999971
0.99999953 0.00084891 0.00046187 -0.00084891 0.99999964 -0.00000292 -0.00046187 0.00000253 0.99999989
0.99999946 0.00078108 0.00068040 -0.00078057 0.99999941 -0.00075210 -0.00068099 0.00075157 0.99999949
0.99999973 0.00007486 0.00073052 -0.00007436 0.99999977 -0.00067728 -0.00073057 0.00067723 0.99999950
0.99999969 0.00015854 0.00077251 -0.00015871 0.99999996 0.00021686 -0.00077248 -0.00021698 0.99999968
0.99999969 0.00073782 0.00029057 -0.00073787 0.99999971 0.00017570 -0.00029044 -0.00017592 0.99999994
0.99999974 0.00060355 0.00038449 -0.00060332 0.99999964 -0.00059278 -0.00038485 0.00059255 0.99999975
0.99999970 0.00003390 0.00077128 -0.00003347 0.99999984 -0.00056777 -0.00077130 0.00056774 0.99999954
0.99999964 0.00060964 0.00059386 -0.00060945 0.99999977 -0.00030577 -0.00059405 0.00030541 0.99999978
0.99999910 0.00115969 0.00067064 -0.00115973 0.99999933 0.00006022 -0.00067056 -0.00006099 0.99999977
0.99999927 0.00080674 0.00090198 -0.00080663 0.99999967 -0.00011291 -0.00090207 0.00011219 0.99999959
0.99999938 0.00054703 0.00096696 -0.00054642 0.99999965 -0.00063110 -0.00096731 0.00063057 0.99999933
0.99999941 0.00085040 0.00067983 -0.00085021 0.99999960 -0.00028916 -0.00068008 0.00028858 0.99999973
0.99999919 0.00111094 0.00062234 -0.00111091 0.99999938 -0.00004998 -0.00062239 0.00004929 0.99999981
0.99999949 0.00072615 0.00070507 -0.00072590 0.99999967 -0.00035197 -0.00070533 0.00035145 0.99999969
0.99999969 0.00046872 -0.00063378 -0.00046907 0.99999974 -0.00054362 0.00063352 0.00054391 0.99999965
0.99999929 0.00067226 0.00097974 -0.00067211 0.99999976 -0.00015510 -0.00097985 0.00015444 0.99999951
0.99999917 0.00094832 0.00087511 -0.00094795 0.99999946 -0.00042074 -0.00087551 0.00041991 0.99999953
0.99999942 0.00077918 -0.00074555 -0.00077923 0.99999969 -0.00006866 0.00074550 0.00006924 0.99999972
0.99999956 0.00076438 0.00053524 -0.00076428 0.99999969 -0.00017542 -0.00053537 0.00017501 0.99999984
0.99999894 0.00128101 0.00069861 -0.00128126 0.99999912 0.00034827 -0.00069816 -0.00034916 0.99999970
0.99999856 0.00164072 0.00044380 -0.00164092 0.99999855 0.00044961 -0.00044306 -0.00045033 0.99999980
0.99999896 0.00140731 0.00032809 -0.00140718 0.99999893 -0.00040359 -0.00032866 0.00040313 0.99999986
0.99999798 0.00171667 0.00104847 -0.00171626 0.99999845 -0.00039126 -0.00104914 0.00038946 0.99999937
0.99999704 0.00158916 0.00184279 -0.00159055 0.99999845 0.00075531 -0.00184159 -0.00075824 0.99999802
0.99999767 0.00135423 0.00168253 -0.00135444 0.99999907 0.00012565 -0.00168235 -0.00012793 0.99999858
0.99999772 0.00160171 0.00140882 -0.00160102 0.99999860 -0.00049086 -0.00140961 0.00048860 0.99999889
0.99999733 0.00140456 0.00183334 -0.00140362 0.99999888 -0.00051125 -0.00183406 0.00050868 0.99999819
0.99999883 0.00089159 0.00124052 -0.00089120 0.99999955 -0.00031781 -0.00124081 0.00031671 0.99999918
0.99999707 0.00050820 0.00236886 -0.00050775 0.99999985 -0.00019093 -0.00236896 0.00018972 0.99999718
0.99999804 0.00070472 0.00185284 -0.00070529 0.99999970 0.00030521 -0.00185262 -0.00030651 0.99999824
0.99999802 0.00112088 0.00164685 -0.00112077 0.99999937 -0.00006877 -0.00164693 0.00006692 0.99999864
0.99999800 0.00106322 0.00169133 -0.00106340 0.99999943 0.00011078 -0.00169121 -0.00011258 0.99999856
0.99999867 0.00075535 0.00144503 -0.00075499 0.99999968 -0.00024573 -0.00144521 0.00024464 0.99999893
0.99999752 0.00178492 0.00133006 -0.00178448 0.99999835 -0.00033820 -0.00133066 0.00033583 0.99999906
0.99999856 0.00093852 0.00141167 -0.00093798 0.99999949 -0.00038283 -0.00141203 0.00038151 0.99999893
0.99999975 0.00054644 0.00044354 -0.00054639 0.99999984 -0.00010933 -0.00044360 0.00010909 0.99999990
0.99999947 0.00072199 0.00073601 -0.00072177 0.99999970 -0.00029730 -0.00073622 0.00029677 0.99999968
0.99999956 0.00039978 0.00085103 -0.00039909 0.99999959 -0.00081150 -0.00085136 0.00081116 0.99999931
0.99999906 0.00104748 0.00088625 -0.00104696 0.99999928 -0.00058560 -0.00088686 0.00058467 0.99999944
0.99999837 0.00116195 0.00137864 -0.00116145 0.99999926 -0.00036290 -0.00137906 0.00036130 0.99999898
0.99999716 0.00159107 0.00177494 -0.00159276 0.99999828 0.00094831 -0.00177343 -0.00095113 0.99999798
0.99999966 0.00048032 0.00067438 -0.00047991 0.99999970 -0.00060164 -0.00067467 0.00060131 0.99999959
0.99999935 0.00065694 0.00093666 -0.00065615 0.99999943 -0.00083820 -0.00093721 0.00083758 0.99999921
0.99999898 0.00095184 0.00106787 -0.00095115 0.99999934 -0.00064925 -0.00106849 0.00064823 0.99999922
0.99999317 0.00230811 0.00288822 -0.00230880 0.99999731 0.00023558 -0.00288767 -0.00024224 0.99999580
0.99999424 0.00183880 0.00285113 -0.00183731 0.99999818 -0.00052323 -0.00285208 0.00051799 0.99999580
0.99999721 0.00131325 0.00196105 -0.00131231 0.99999902 -0.00048376 -0.00196168 0.00048119 0.99999796
0.99999750 0.00077716 0.00209500 -0.00077591 0.99999952 -0.00060047 -0.00209547 0.00059885 0.99999763
0.99999919 0.00027946 0.00124228 -0.00027880 0.99999982 -0.00053129 -0.00124243 0.00053095 0.99999909
0.99999970 0.00058293 0.00051435 -0.00058281 0.99999980 -0.00022799 -0.00051448 0.00022769 0.99999984
0.99999478 0.00220017 0.00236537 -0.00220004 0.99999758 -0.00005977 -0.00236549 0.00005457 0.99999720
0.99999923 0.00092502 0.00082941 -0.00092375 0.99999840 -0.00152954 -0.00083082 0.00152877 0.99999849
0.99999953 0.00044138 0.00086789 -0.00044004 0.99999870 -0.00154846 -0.00086858 0.00154808 0.99999842
0.99999456 0.00066307 0.00323264 -0.00065717 0.99999812 -0.00182434 -0.00323384 0.00182220 0.99999311
0.99999671 0.00102428 0.00235245 -0.00102341 0.99999941 -0.00036983 -0.00235283 0.00036742 0.99999716
0.99999448 0.00190916 0.00271886 -0.00191134 0.99999785 0.00079916 -0.00271732 -0.00080435 0.99999598
0.99999261 0.00178361 0.00340506 -0.00178632 0.99999809 0.00079272 -0.00340364 -0.00079880 0.99999389
0.99999073 0.00120823 0.00413181 -0.00120768 0.99999926 -0.00013617 -0.00413197 0.00013118 0.99999145
0.99998646 0.00039343 0.00518838 -0.00039275 0.99999991 -0.00013284 -0.00518844 0.00013080 0.99998653
0.99998413 -0.00063678 0.00559832 0.00063130 0.99999932 0.00097958 -0.00559894 -0.00097603 0.99998385
0.99998544 -0.00012617 0.00539481 0.00012483 0.99999996 0.00024801 -0.00539484 -0.00024734 0.99998542
0.99998182 0.00118264 0.00591358 -0.00117934 0.99999915 -0.00056245 -0.00591424 0.00055547 0.99998236
0.99997934 0.00163279 0.00621798 -0.00162220 0.99999723 -0.00170783 -0.00622075 0.00169771 0.99997921
0.99998403 0.00071113 0.00560602 -0.00069894 0.99999739 -0.00217693 -0.00560755 0.00217298 0.99998192
0.99998470 0.00086688 0.00546405 -0.00086415 0.99999950 -0.00050277 -0.00546449 0.00049805 0.99998495
0.99998277 -0.00055005 0.00584460 0.00054413 0.99999934 0.00101313 -0.00584515 -0.00100993 0.99998241
0.99998498 0.00000681 0.00548041 -0.00000663 1.00000000 -0.00003323 -0.00548041 0.00003319 0.99998498
0.99998357 0.00078465 0.00567838 -0.00078135 0.99999952 -0.00058310 -0.00567883 0.00057865 0.99998371
0.99998554 0.00056469 0.00534861 -0.00056157 0.99999967 -0.00058440 -0.00534894 0.00058138 0.99998553
0.99998375 -0.00058403 0.00567134 0.00058924 0.99999941 -0.00091653 -0.00567080 0.00091986 0.99998350
0.99998297 -0.00012105 0.00583454 0.00012284 0.99999995 -0.00030727 -0.00583450 0.00030798 0.99998293
0.99998571 0.00077696 0.00528870 -0.00077341 0.99999947 -0.00067299 -0.00528922 0.00066889 0.99998579
0.99998495 -0.00016042 0.00548458 0.00016832 0.99999895 -0.00143951 -0.00548435 0.00144041 0.99998392
0.99998549 -0.00028907 0.00537876 0.00029097 0.99999990 -0.00035100 -0.00537866 0.00035256 0.99998547
0.99998922 0.00000285 0.00464242 -0.00000163 0.99999997 -0.00026294 -0.00464242 0.00026293 0.99998919
0.99998830 -0.00093216 0.00474569 0.00093606 0.99999923 -0.00081915 -0.00474492 0.00082358 0.99998840
0.99998536 -0.00013390 0.00541030 0.00013959 0.99999944 -0.00105145 -0.00541015 0.00105219 0.99998481
0.99998673 0.00020332 0.00514857 -0.00020173 0.99999993 -0.00030906 -0.00514863 0.00030802 0.99998670
0.99999029 -0.00070929 0.00434968 0.00071219 0.99999953 -0.00066348 -0.00434921 0.00066657 0.99999032
0.99999192 -0.00082270 0.00393490 0.00082415 0.99999959 -0.00036586 -0.00393460 0.00036910 0.99999219
0.99999792 -0.00001394 0.00203777 0.00001353 0.99999998 0.00020053 -0.00203777 -0.00020051 0.99999790
0.99999902 -0.00112282 0.00084113 0.00112359 0.99999895 -0.00091611 -0.00084010 0.00091705 0.99999923
0.99999934 0.00066498 0.00093167 -0.00066414 0.99999938 -0.00089492 -0.00093227 0.00089430 0.99999917
0.99999958 0.00016386 -0.00090587 -0.00016594 0.99999735 -0.00229653 0.00090549 0.00229668 0.99999695
0.99999966 0.00040238 -0.00071359 -0.00040308 0.99999945 -0.00097288 0.00071320 0.00097317 0.99999927
0.99999884 -0.00014756 -0.00151427 0.00014506 0.99999862 -0.00165747 0.00151451 0.00165724 0.99999748
0.99999811 -0.00041773 -0.00190047 0.00041605 0.99999952 -0.00088426 0.00190084 0.00088346 0.99999780
0.99999889 -0.00038567 -0.00144024 0.00038559 0.99999992 -0.00006161 0.00144027 0.00006105 0.99999896
0.99999721 0.00060462 -0.00228346 -0.00060473 0.99999982 -0.00004504 0.00228343 0.00004642 0.99999739
0.99999454 -0.00018046 -0.00330076 0.00017845 0.99999980 -0.00060899 0.00330087 0.00060840 0.99999437
0.99998853 0.00052354 -0.00476023 -0.00052282 0.99999985 0.00015402 0.00476031 -0.00015153 0.99998866
0.99998927 -0.00020174 -0.00462760 0.00020603 0.99999955 0.00092737 0.00462741 -0.00092831 0.99998886
0.99998859 -0.00069491 -0.00472574 0.00069803 0.99999954 0.00065878 0.00472528 -0.00066207 0.99998862
0.99998826 0.00046216 -0.00482452 -0.00046002 0.99999980 0.00044487 0.00482473 -0.00044265 0.99998826
0.99997996 -0.00083210 -0.00627651 0.00083395 0.99999961 0.00029256 0.00627626 -0.00029779 0.99998026
0.99998521 0.00035756 -0.00542646 -0.00035874 0.99999991 -0.00021678 0.00542638 0.00021873 0.99998525
0.99998520 0.00074268 -0.00538966 -0.00074504 0.99999963 -0.00043686 0.00538933 0.00044087 0.99998538
0.99998495 0.00086901 -0.00541720 -0.00087161 0.99999951 -0.00047884 0.00541678 0.00048356 0.99998521
0.99998213 0.00114572 -0.00586661 -0.00114853 0.99999923 -0.00047431 0.00586606 0.00048104 0.99998268
0.99998496 0.00000875 -0.00548533 -0.00001062 0.99999994 -0.00034204 0.00548533 0.00034210 0.99998490
0.99998339 -0.00007681 -0.00576324 0.00007494 0.99999994 -0.00032523 0.00576326 0.00032479 0.99998334
0.99996394 -0.00168534 -0.00832393 0.00168830 0.99999851 0.00034817 0.00832333 -0.00036221 0.99996529
0.99995984 0.00015558 -0.00896050 -0.00015252 0.99999993 0.00034222 0.00896055 -0.00034084 0.99995980
0.99998331 0.00092900 -0.00570182 -0.00092852 0.99999957 0.00008678 0.00570190 -0.00008149 0.99998374
0.99996999 -0.00048081 -0.00773197 0.00048372 0.99999981 0.00037337 0.00773179 -0.00037710 0.99997004
0.99998332 -0.00025427 -0.00576985 0.00025531 0.99999995 0.00017899 0.00576981 -0.00018046 0.99998334
0.99997493 0.00050849 -0.00706215 -0.00050979 0.99999985 -0.00018229 0.00706206 0.00018588 0.99997505
0.99998925 0.00082067 -0.00456328 -0.00082065 0.99999966 0.00000768 0.00456328 -0.00000393 0.99998959
0.99998784 0.00006619 -0.00493071 -0.00006463 0.99999995 0.00031776 0.00493073 -0.00031744 0.99998779
0.99998831 -0.00072743 -0.00478101 0.00072743 0.99999974 -0.00000178 0.00478101 -0.00000170 0.99998857
0.99999179 -0.00026954 -0.00404359 0.00027171 0.99999982 0.00053695 0.00404345 -0.00053805 0.99999168
0.99998807 -0.00187262 -0.00451169 0.00186861 0.99999786 -0.00089181 0.00451335 0.00088337 0.99998942
0.99998861 -0.00182229 -0.00441220 0.00181411 0.99999663 -0.00185725 0.00441557 0.00184922 0.99998854
0.99999072 -0.00203692 -0.00379610 0.00202555 0.99999346 -0.00299607 0.00380218 0.00298835 0.99998831
0.99999948 0.00013357 -0.00101079 -0.00013444 0.99999963 -0.00085488 0.00101068 0.00085502 0.99999912
0.99999836 0.00107187 0.00145951 -0.00107112 0.99999930 -0.00051013 -0.00146005 0.00050857 0.99999880
0.99998913 0.00139335 0.00444982 -0.00138382 0.99999675 -0.00214344 -0.00445280 0.00213725 0.99998780
0.99997301 -0.00025533 -0.00734279 0.00026872 0.99999830 0.00182284 0.00734231 -0.00182476 0.99997138
0.99998889 0.00093008 0.00462005 -0.00092096 0.99999762 -0.00197571 -0.00462188 0.00197144 0.99998738
0.99999964 0.00081841 0.00021705 -0.00081842 0.99999966 0.00006602 -0.00021700 -0.00006620 0.99999997
0.99999661 0.00145164 0.00216124 -0.00144964 0.99999852 -0.00092522 -0.00216258 0.00092209 0.99999724
0.99999295 0.00275455 0.00255339 -0.00275273 0.99999596 -0.00071486 -0.00255535 0.00070782 0.99999648
0.99999468 0.00218759 0.00242134 -0.00218472 0.99999691 -0.00118635 -0.00242393 0.00118105 0.99999636
0.99999606 0.00229293 0.00162010 -0.00229131 0.99999687 -0.00100200 -0.00162239 0.00099829 0.99999819
0.99999836 0.00110783 0.00143008 -0.00110708 0.99999925 -0.00051992 -0.00143066 0.00051834 0.99999884
0.99999966 -0.00082209 0.00006203 0.00082210 0.99999966 -0.00010208 -0.00006194 0.00010213 0.99999999
0.99999065 -0.00422869 0.00090247 0.00422901 0.99999100 -0.00035079 -0.00090098 0.00035460 0.99999953
0.99999649 -0.00077502 -0.00253180 0.00077446 0.99999968 -0.00022302 0.00253197 0.00022106 0.99999677
0.99999817 0.00180131 -0.00064401 -0.00180049 0.99999757 0.00127029 0.00064630 -0.00126913 0.99999899
0.99999466 -0.00095972 -0.00312308 0.00095645 0.99999899 -0.00104907 0.00312408 0.00104608 0.99999457
0.99999255 -0.00366213 -0.00121804 0.00366220 0.99999329 0.00005641 0.00121783 -0.00006087 0.99999926
0.99999269 0.00040844 -0.00380291 -0.00040827 0.99999992 0.00004491 0.00380293 -0.00004336 0.99999277
0.99999886 0.00073482 -0.00132219 -0.00073443 0.99999969 0.00029786 0.00132241 -0.00029688 0.99999908
0.99999677 -0.00066754 -0.00245194 0.00066809 0.99999975 0.00022400 0.00245179 -0.00022563 0.99999697
0.99999780 0.00102549 -0.00182721 -0.00102491 0.99999942 0.00032269 0.00182754 -0.00032081 0.99999828
0.99999423 0.00278425 -0.00194448 -0.00277939 0.99999301 0.00249912 0.00195142 -0.00249371 0.99999499
0.99999572 0.00215572 -0.00197731 -0.00215246 0.99999632 0.00165059 0.00198086 -0.00164633 0.99999668
0.99999920 -0.00010274 -0.00126355 0.00010330 0.99999990 0.00044445 0.00126350 -0.00044458 0.99999910
0.99999967 0.00078431 0.00023292 -0.00078452 0.99999929 0.00089698 -0.00023221 -0.00089716 0.99999957
0.99999812 -0.00033694 -0.00190704 0.00033804 0.99999978 0.00057602 0.00190685 -0.00057666 0.99999802
0.99999687 -0.00100924 -0.00228892 0.00100803 0.99999935 -0.00053096 0.00228946 0.00052865 0.99999724
0.99999652 -0.00066370 -0.00255387 0.00066387 0.99999978 0.00006198 0.00255383 -0.00006367 0.99999674
0.99999982 -0.00023958 -0.00054730 0.00023964 0.99999997 0.00010496 0.00054728 -0.00010509 0.99999984
0.99999802 -0.00149971 -0.00131155 0.00150082 0.99999852 0.00084364 0.00131029 -0.00084560 0.99999878
0.99999989 -0.00047251 0.00003120 0.00047251 0.99999987 0.00017248 -0.00003128 -0.00017246 0.99999998
0.99999898 0.00088604 -0.00111989 -0.00088498 0.99999917 0.00094163 0.00112073 -0.00094064 0.99999893
0.99999844 -0.00123301 -0.00126670 0.00123436 0.99999867 0.00107001 0.00126538 -0.00107157 0.99999863
0.99999950 0.00074964 -0.00066101 -0.00074898 0.99999923 0.00099171 0.00066175 -0.00099121 0.99999929
0.99999883 0.00139511 -0.00062556 -0.00139449 0.99999854 0.00099167 0.00062694 -0.00099079 0.99999931
0.99999429 0.00337661 0.00013544 -0.00337676 0.99999368 0.00111166 -0.00013169 -0.00111211 0.99999937
0.99999974 0.00023947 0.00068730 -0.00023976 0.99999988 0.00042460 -0.00068720 -0.00042476 0.99999967
0.99999629 0.00266124 0.00057967 -0.00266099 0.99999636 -0.00044070 -0.00058084 0.00043916 0.99999973
0.99999805 0.00190518 0.00051637 -0.00190497 0.99999810 -0.00042245 -0.00051717 0.00042147 0.99999978
0.99999872 0.00155727 0.00036868 -0.00155693 0.99999835 -0.00093168 -0.00037013 0.00093110 0.99999950
0.99999968 0.00039631 0.00068980 -0.00039611 0.99999988 -0.00029079 -0.00068992 0.00029051 0.99999972
0.99999868 0.00162232 0.00012054 -0.00162225 0.99999851 -0.00059352 -0.00012150 0.00059332 0.99999982
0.99999933 0.00011205 0.00115299 -0.00011389 0.99999871 0.00160298 -0.00115281 -0.00160311 0.99999805
0.99999935 -0.00114179 0.00000286 0.00114178 0.99999904 0.00078097 -0.00000376 -0.00078097 0.99999970
0.99996746 0.00781466 0.00200353 -0.00781330 0.99996924 -0.00068585 -0.00200883 0.00067017 0.99999776
0.99999841 0.00168007 0.00059283 -0.00168022 0.99999856 0.00025252 -0.00059240 -0.00025352 0.99999979
0.99999904 -0.00001790 0.00138597 0.00001759 0.99999997 0.00022500 -0.00138597 -0.00022498 0.99999901
0.99999677 0.00157889 0.00199139 -0.00157622 0.99999786 -0.00134090 -0.00199351 0.00133775 0.99999712
0.99999615 -0.00195119 0.00197121 0.00195315 0.99999760 -0.00099036 -0.00196927 0.00099421 0.99999757
0.99997183 -0.00121332 0.00740685 0.00122927 0.99999694 -0.00214885 -0.00740422 0.00215789 0.99997026
0.99999889 -0.00063020 0.00135211 0.00063130 0.99999947 -0.00081387 -0.00135159 0.00081473 0.99999875
0.99999993 0.00023297 -0.00030747 -0.00023266 0.99999949 0.00098682 0.00030769 -0.00098675 0.99999947
0.99999984 -0.00046839 -0.00031914 0.00046870 0.99999943 0.00095866 0.00031869 -0.00095881 0.99999949
0.99999917 0.00129018 0.00004023 -0.00129020 0.99999904 0.00051197 -0.00003957 -0.00051202 0.99999987
0.99999957 0.00091813 -0.00015993 -0.00091813 0.99999958 0.00000226 0.00015993 -0.00000212 0.99999999
0.99999999 0.00008772 0.00013355 -0.00008781 0.99999980 0.00063425 -0.00013350 -0.00063426 0.99999979
0.99999942 0.00033754 0.00102715 -0.00033836 0.99999963 0.00079650 -0.00102688 -0.00079685 0.99999916
0.99999979 0.00031458 -0.00057435 -0.00031418 0.99999971 0.00069069 0.00057457 -0.00069051 0.99999960
0.99999922 0.00041634 0.00117530 -0.00041753 0.99999940 0.00101169 -0.00117488 -0.00101218 0.99999880
0.99999879 -0.00044104 0.00149211 0.00043992 0.99999962 0.00074829 -0.00149244 -0.00074763 0.99999861
0.99999871 0.00070372 0.00144174 -0.00070442 0.99999963 0.00048949 -0.00144140 -0.00049051 0.99999884
0.99999928 0.00006274 0.00119787 -0.00006202 0.99999981 -0.00060637 -0.00119791 0.00060629 0.99999910
0.99999941 -0.00027832 0.00105461 0.00027954 0.99999930 -0.00115375 -0.00105429 0.00115404 0.99999878
0.99999949 -0.00067974 0.00074033 0.00068109 0.99999810 -0.00182778 -0.00073908 0.00182828 0.99999806
0.99999761 0.00147498 0.00161691 -0.00147287 0.99999806 -0.00130882 -0.00161884 0.00130644 0.99999784
0.99999897 0.00011838 0.00143154 -0.00011605 0.99999868 -0.00162258 -0.00143173 0.00162242 0.99999766
0.99999914 -0.00129363 0.00021727 0.00129379 0.99999889 -0.00073545 -0.00021632 0.00073573 0.99999971
0.99999935 -0.00114003 -0.00008611 0.00114001 0.99999931 -0.00026972 0.00008641 0.00026962 0.99999996
0.99999891 -0.00036342 0.00143018 0.00036227 0.99999961 0.00080143 -0.00143047 -0.00080091 0.99999866
0.99999753 -0.00152187 0.00162020 0.00151998 0.99999817 0.00116562 -0.00162197 -0.00116316 0.99999801
0.99999783 0.00000621 0.00208110 -0.00000748 0.99999981 0.00060898 -0.00208109 -0.00060899 0.99999765
0.99999686 -0.00065540 0.00241934 0.00065482 0.99999976 0.00024073 -0.00241950 -0.00023915 0.99999704
0.99999515 -0.00227461 0.00212514 0.00227171 0.99999648 0.00136747 -0.00212824 -0.00136264 0.99999681
0.99999716 -0.00114581 0.00209063 0.00114539 0.99999932 0.00020399 -0.00209086 -0.00020160 0.99999779
0.99999451 -0.00116621 0.00310114 0.00116739 0.99999925 -0.00037986 -0.00310070 0.00038348 0.99999512
0.99999857 -0.00109223 0.00129207 0.00109290 0.99999927 -0.00052350 -0.00129150 0.00052491 0.99999903
0.99999896 -0.00037835 0.00139391 0.00037836 0.99999993 -0.00000697 -0.00139390 0.00000750 0.99999903
0.99999542 -0.00271433 0.00133723 0.00271317 0.99999594 0.00086894 -0.00133959 -0.00086531 0.99999873
0.99999906 0.00045874 0.00129337 -0.00045981 0.99999955 0.00082867 -0.00129299 -0.00082926 0.99999882
0.99999940 0.00108554 -0.00012080 -0.00108541 0.99999882 0.00108618 0.00012198 -0.00108605 0.99999940
0.99999994 -0.00034371 -0.00008065 0.00034372 0.99999994 0.00007313 0.00008062 -0.00007316 0.99999999
0.99999850 -0.00114766 -0.00129685 0.00114668 0.99999906 -0.00075576 0.00129772 0.00075427 0.99999887
0.99999987 -0.00028446 0.00042334 0.00028422 0.99999981 0.00054691 -0.00042349 -0.00054679 0.99999976
0.99999854 0.00063015 0.00158567 -0.00063347 0.99999760 0.00209649 -0.00158435 -0.00209749 0.99999655
0.99999989 -0.00045110 -0.00010630 0.00045116 0.99999972 0.00059698 0.00010603 -0.00059703 0.99999982
0.99999941 -0.00097138 0.00047745 0.00097113 0.99999939 0.00052940 -0.00047796 -0.00052894 0.99999975
0.99999993 -0.00035187 0.00013439 0.00035184 0.99999992 0.00019495 -0.00013446 -0.00019490 0.99999997
0.99999454 -0.00005216 0.00330464 0.00004646 0.99999851 0.00172492 -0.00330473 -0.00172475 0.99999305
0.99998941 0.00039955 0.00458407 -0.00040521 0.99999916 0.00123429 -0.00458357 -0.00123614 0.99998873
0.99999150 0.00081183 0.00404333 -0.00081885 0.99999816 0.00173508 -0.00404191 -0.00173838 0.99999032
0.99999826 0.00046129 0.00180727 -0.00046078 0.99999985 -0.00028194 -0.00180740 0.00028110 0.99999833
0.99999762 0.00012776 0.00217926 -0.00012323 0.99999783 -0.00207725 -0.00217952 0.00207698 0.99999547
0.99999891 0.00108788 0.00099955 -0.00108737 0.99999928 -0.00050969 -0.00100010 0.00050860 0.99999937
0.99999960 0.00021160 0.00087242 -0.00021159 0.99999998 -0.00001339 -0.00087243 0.00001321 0.99999962
0.99999983 -0.00056166 0.00014667 0.00056164 0.99999984 0.00009411 -0.00014672 -0.00009403 0.99999998
0.99999946 0.00051734 0.00090674 -0.00051739 0.99999986 0.00005905 -0.00090671 -0.00005952 0.99999959
0.99999989 0.00027062 0.00037259 -0.00027076 0.99999989 0.00037249 -0.00037249 -0.00037259 0.99999986
0.99999978 0.00013811 0.00064660 -0.00013898 0.99999907 0.00135776 -0.00064642 -0.00135784 0.99999887
0.99999997 -0.00024564 -0.00004720 0.00024566 0.99999991 0.00034709 0.00004711 -0.00034710 0.99999994
0.99999915 0.00063573 0.00114140 -0.00063637 0.99999964 0.00055978 -0.00114104 -0.00056051 0.99999919
0.99999986 0.00034073 0.00041417 -0.00034077 0.99999994 0.00009897 -0.00041414 -0.00009911 0.99999991
1.00000000 0.00004075 0.00000795 -0.00004075 0.99999999 -0.00010929 -0.00000795 0.00010929 0.99999999
0.99999908 -0.00132265 0.00031111 0.00132265 0.99999913 0.00001780 -0.00031113 -0.00001739 0.99999995
0.99999999 0.00004050 0.00012622 -0.00004048 0.99999999 -0.00013106 -0.00012623 0.00013106 0.99999998
0.99999989 0.00030293 0.00035946 -0.00030321 0.99999965 0.00077997 -0.00035923 -0.00078008 0.99999963
0.99999996 -0.00024070 -0.00014954 0.00024070 0.99999997 -0.00003346 0.00014955 0.00003343 0.99999999
0.99999983 -0.00054232 0.00021705 0.00054227 0.99999982 0.00023850 -0.00021718 -0.00023838 0.99999995
0.99999953 0.00090417 -0.00034489 -0.00090414 0.99999959 0.00010282 0.00034498 -0.00010251 0.99999994
0.99999954 -0.00096372 -0.00002025 0.00096372 0.99999953 -0.00003538 0.00002028 0.00003536 1.00000000
0.99999948 -0.00097666 0.00028762 0.00097650 0.99999937 0.00055501 -0.00028816 -0.00055473 0.99999980
0.99999968 -0.00075028 -0.00026196 0.00075028 0.99999972 0.00000042 0.00026196 -0.00000061 0.99999997
0.99999944 0.00058626 -0.00088070 -0.00058638 0.99999982 -0.00013555 0.00088062 0.00013607 0.99999960
0.99999981 -0.00058445 -0.00020949 0.00058442 0.99999982 -0.00012415 0.00020956 0.00012402 0.99999997
0.99999989 -0.00046466 0.00005197 0.00046465 0.99999987 0.00021860 -0.00005208 -0.00021857 0.99999997
0.99999912 0.00102054 -0.00085300 -0.00102102 0.99999932 -0.00055933 0.00085243 0.00056020 0.99999948
0.99999981 -0.00017006 -0.00058444 0.00016958 0.99999965 -0.00082269 0.00058458 0.00082260 0.99999949
0.99999997 0.00012553 -0.00020609 -0.00012554 0.99999999 -0.00004806 0.00020608 0.00004809 0.99999998
0.99999968 0.00045834 -0.00065199 -0.00045841 0.99999989 -0.00010276 0.00065194 0.00010306 0.99999978
0.99999956 0.00092991 -0.00011135 -0.00093001 0.99999915 -0.00091076 0.00011050 0.00091086 0.99999958
0.99999991 -0.00024822 -0.00033125 0.00024807 0.99999986 -0.00045846 0.00033137 0.00045838 0.99999984
0.99999917 -0.00050448 -0.00118285 0.00050471 0.99999985 0.00019544 0.00118275 -0.00019604 0.99999928
0.99999693 -0.00213063 -0.00126668 0.00212920 0.99999710 -0.00112718 0.00126908 0.00112448 0.99999856
0.99999984 -0.00002932 -0.00055647 0.00002891 0.99999973 -0.00072967 0.00055649 0.00072965 0.99999958
0.99999980 -0.00044482 -0.00043969 0.00044447 0.99999958 -0.00080046 0.00044005 0.00080026 0.99999958
0.99999955 0.00087084 -0.00038140 -0.00087107 0.99999944 -0.00059559 0.00038088 0.00059592 0.99999975
0.99999993 0.00025771 -0.00027169 -0.00025784 0.99999985 -0.00048765 0.00027156 0.00048772 0.99999984
0.99999999 -0.00013603 -0.00003494 0.00013604 0.99999999 0.00002697 0.00003494 -0.00002697 1.00000000
0.99999984 0.00053221 -0.00016708 -0.00053222 0.99999986 -0.00002726 0.00016706 0.00002735 0.99999999
0.99999957 0.00082019 -0.00044317 -0.00082043 0.99999952 -0.00054129 0.00044272 0.00054165 0.99999976
0.99999973 0.00006341 -0.00072582 -0.00006404 0.99999962 -0.00087160 0.00072577 0.00087165 0.99999936
0.99999949 -0.00009678 -0.00100763 0.00009603 0.99999972 -0.00074754 0.00100770 0.00074745 0.99999921
0.99999949 0.00035229 -0.00094511 -0.00035272 0.99999983 -0.00045524 0.00094495 0.00045557 0.99999945
0.99999947 0.00020182 -0.00101276 -0.00020249 0.99999976 -0.00066704 0.00101263 0.00066724 0.99999926
0.99999930 -0.00048528 -0.00107903 0.00048511 0.99999987 -0.00015498 0.00107910 0.00015445 0.99999941
0.99999925 0.00009075 -0.00121975 -0.00009096 0.99999998 -0.00017653 0.00121973 0.00017664 0.99999924
0.99999930 0.00085417 -0.00081469 -0.00085452 0.99999955 -0.00042207 0.00081433 0.00042277 0.99999958
0.99999954 -0.00032492 -0.00090633 0.00032397 0.99999940 -0.00104686 0.00090667 0.00104657 0.99999904
0.99999923 -0.00011416 -0.00123357 0.00011369 0.99999992 -0.00038810 0.00123362 0.00038796 0.99999916
0.99999837 0.00041199 -0.00175685 -0.00041303 0.99999974 -0.00059260 0.00175660 0.00059332 0.99999828
0.99999925 0.00096560 -0.00075824 -0.00096658 0.99999870 -0.00129176 0.00075699 0.00129249 0.99999888
0.99999938 0.00082569 -0.00074530 -0.00082602 0.99999956 -0.00044158 0.00074494 0.00044220 0.99999962
0.99999942 0.00079720 -0.00071887 -0.00079737 0.99999965 -0.00024738 0.00071868 0.00024795 0.99999971
0.99999987 0.00047538 -0.00020623 -0.00047555 0.99999952 -0.00085300 0.00020583 0.00085310 0.99999961
0.99999962 0.00079011 -0.00037757 -0.00079031 0.99999955 -0.00052315 0.00037716 0.00052345 0.99999979
0.99999907 0.00090114 -0.00102101 -0.00090166 0.99999946 -0.00051331 0.00102055 0.00051423 0.99999935
0.99999988 0.00043521 0.00024487 -0.00043505 0.99999970 -0.00064073 -0.00024514 0.00064063 0.99999976
0.99999959 0.00084313 0.00033353 -0.00084341 0.99999929 0.00084527 -0.00033282 -0.00084555 0.99999959
0.99999957 0.00090013 0.00023993 -0.00090008 0.99999957 -0.00022024 -0.00024012 0.00022002 0.99999995
0.99999999 0.00013962 0.00001606 -0.00013961 0.99999997 -0.00021628 -0.00001609 0.00021628 0.99999998
0.99999950 0.00096613 0.00026812 -0.00096602 0.99999944 -0.00043840 -0.00026854 0.00043814 0.99999987
0.99999988 -0.00006569 0.00049114 0.00006619 0.99999946 -0.00103362 -0.00049108 0.00103365 0.99999935
0.99999971 -0.00016472 0.00074225 0.00016528 0.99999970 -0.00075862 -0.00074212 0.00075874 0.99999944
0.99999923 0.00121392 0.00023906 -0.00121367 0.99999873 -0.00103643 -0.00024032 0.00103614 0.99999943
0.99999977 0.00056309 0.00038261 -0.00056249 0.99999860 -0.00157442 -0.00038350 0.00157420 0.99999869
0.99999951 0.00098032 -0.00015923 -0.00098045 0.99999923 -0.00076196 0.00015848 0.00076211 0.99999970
0.99999998 0.00018809 0.00003509 -0.00018807 0.99999987 -0.00046958 -0.00003517 0.00046957 0.99999989
0.99999998 0.00006111 -0.00020966 -0.00006107 0.99999998 0.00019479 0.00020967 -0.00019478 0.99999996
0.99999994 0.00025197 -0.00022922 -0.00025183 0.99999979 0.00060167 0.00022938 -0.00060161 0.99999979
0.99999994 -0.00033365 -0.00006769 0.00033369 0.99999977 0.00058584 0.00006749 -0.00058586 0.99999983
0.99999929 0.00115760 -0.00026493 -0.00115761 0.99999933 -0.00001652 0.00026492 0.00001683 0.99999996
0.99999997 0.00014639 -0.00019763 -0.00014630 0.99999989 0.00044231 0.00019770 -0.00044228 0.99999988
0.99999986 0.00028551 -0.00044653 -0.00028551 0.99999996 0.00000439 0.00044654 -0.00000426 0.99999990
0.99999960 0.00014980 0.00088182 -0.00015012 0.99999992 0.00036001 -0.00088176 -0.00036014 0.99999955
0.99999962 0.00008275 -0.00086405 -0.00008309 0.99999992 -0.00039632 0.00086401 0.00039639 0.99999955
0.99999987 -0.00022910 -0.00046585 0.00022873 0.99999966 -0.00079445 0.00046603 0.00079434 0.99999958
0.99999983 0.00007008 -0.00057492 -0.00007073 0.99999936 -0.00112484 0.00057484 0.00112488 0.99999920
0.99999959 0.00043313 -0.00079571 -0.00043341 0.99999984 -0.00035820 0.00079556 0.00035854 0.99999962
0.99999819 -0.00144432 -0.00124125 0.00144496 0.99999882 0.00052212 0.00124049 -0.00052391 0.99999909
0.99999988 0.00017928 -0.00046673 -0.00017913 0.99999994 0.00030905 0.00046679 -0.00030897 0.99999984
0.99999977 0.00001203 -0.00067835 -0.00001240 0.99999986 -0.00053724 0.00067835 0.00053725 0.99999963
0.99999969 0.00051478 -0.00059625 -0.00051513 0.99999969 -0.00058756 0.00059595 0.00058786 0.99999965
0.99999967 -0.00000139 -0.00080795 0.00000043 0.99999930 -0.00118563 0.00080795 0.00118563 0.99999897
0.99999875 -0.00133321 -0.00085314 0.00133307 0.99999910 -0.00017093 0.00085337 0.00016979 0.99999962
0.99999942 0.00075400 -0.00076809 -0.00075430 0.99999964 -0.00038595 0.00076779 0.00038653 0.99999963
0.99999980 -0.00003002 -0.00063082 0.00002987 0.99999997 -0.00024404 0.00063082 0.00024402 0.99999977
