0.99999873 0.00098022 -0.00125289 -0.00098031 0.99999952 -0.00007381 0.00125282 0.00007504 0.99999921
0.99999826 0.00106379 -0.00152940 -0.00106446 0.99999934 -0.00043893 0.00152893 0.00044056 0.99999873
0.99999876 0.00153798 -0.00034384 -0.00153829 0.99999841 -0.00089904 0.00034245 0.00089957 0.99999954
0.99999503 0.00240645 0.00203634 -0.00240426 0.99999653 -0.00107716 -0.00203892 0.00107226 0.99999735
0.99999711 0.00240372 -0.00000531 -0.00240372 0.99999711 0.00003194 0.00000539 -0.00003192 1.00000000
0.99999458 0.00201642 0.00260106 -0.00201771 0.99999784 0.00049249 -0.00260006 -0.00049773 0.99999650
0.99999032 0.00048839 0.00437248 -0.00048554 0.99999967 -0.00065414 -0.00437279 0.00065201 0.99999023
0.99999005 0.00090002 0.00436847 -0.00090600 0.99999865 0.00136728 -0.00436724 -0.00137123 0.99998952
0.99997216 0.00136417 0.00733653 -0.00136284 0.99999905 -0.00018575 -0.00733678 0.00017574 0.99997307
0.99997195 -0.00009847 0.00748872 0.00010000 0.99999997 -0.00020472 -0.00748870 0.00020547 0.99997194
0.99995186 0.00127606 0.00972877 -0.00126847 0.99999889 -0.00078667 -0.00972977 0.00077429 0.99995236
0.99990510 0.00231566 0.01358028 -0.00230752 0.99999715 -0.00061464 -0.01358167 0.00058324 0.99990759
0.99990839 0.00165796 0.01343391 -0.00167791 0.99999751 0.00147407 -0.01343144 -0.00149648 0.99990867
0.99986523 0.00269083 0.01619520 -0.00269808 0.99999627 0.00042588 -0.01619399 -0.00046952 0.99986876
0.99982765 0.00109091 0.01853343 -0.00107361 0.99999898 -0.00094346 -0.01853444 0.00092340 0.99982780
0.99975641 0.00375386 0.02174931 -0.00378869 0.99999161 0.00156061 -0.02174327 -0.00164263 0.99976224
0.99970243 -0.00217496 0.02429644 0.00216742 0.99999759 0.00033658 -0.02429711 -0.00028382 0.99970474
0.99977015 0.00004006 0.02143913 0.00003146 0.99999444 -0.00333535 -0.02143914 0.00333526 0.99976459
0.99968720 -0.00515557 0.02447291 0.00525352 0.99997844 -0.00393971 -0.02445207 0.00406705 0.99969273
0.99971902 -0.00252834 0.02356868 0.00244816 0.99999112 0.00342998 -0.02357714 -0.00337132 0.99971634
0.99969945 -0.00802324 0.02316547 0.00797318 0.99996568 0.00225228 -0.02318275 -0.00206690 0.99972911
0.99974074 -0.00217593 0.02266544 0.00219617 0.99999721 -0.00086808 -0.02266349 0.00091763 0.99974273
0.99971195 -0.00467056 0.02354142 0.00472211 0.99998657 -0.00213468 -0.02353113 0.00224523 0.99972058
0.99968477 -0.00107601 0.02508375 0.00114489 0.99999561 -0.00273156 -0.02508070 0.00275942 0.99968162
0.99966165 0.00038740 0.02600843 -0.00033168 0.99999764 -0.00214654 -0.02600920 0.00213718 0.99965942
0.99964272 -0.00023720 0.02672797 0.00022614 0.99999989 0.00041684 -0.02672807 -0.00041064 0.99964266
0.99965532 -0.00035763 0.02625105 0.00031379 0.99999855 0.00167398 -0.02625161 -0.00166516 0.99965398
0.99964460 -0.00090028 0.02664341 0.00090836 0.99999955 -0.00029121 -0.02664314 0.00031531 0.99964496
0.99961239 0.00105469 0.02782003 -0.00097803 0.99999569 -0.00276903 -0.02782283 0.00274075 0.99960911
0.99960017 0.00113243 0.02825265 -0.00104630 0.99999476 -0.00306326 -0.02825597 0.00303247 0.99959612
0.99956513 0.00113210 0.02946631 -0.00103146 0.99999358 -0.00343019 -0.02947000 0.00339831 0.99955989
0.99956430 0.00329844 0.02933129 -0.00325782 0.99999367 -0.00143245 -0.02933583 0.00133627 0.99956872
0.99960723 0.00272701 0.02789180 -0.00270991 0.99999612 -0.00065072 -0.02789346 0.00057488 0.99961074
0.99952679 0.00206350 0.03069104 -0.00198500 0.99999468 -0.00258820 -0.03069622 0.00252605 0.99952557
0.99958850 0.00024688 0.02868387 -0.00013467 0.99999233 -0.00391381 -0.02868462 0.00390834 0.99958087
0.99958803 0.00304768 0.02853898 -0.00296200 0.99999098 -0.00304417 -0.02854800 0.00295838 0.99958805
0.99958601 -0.00068780 0.02876341 0.00073703 0.99999828 -0.00170095 -0.02876219 0.00172145 0.99958480
0.99951744 0.00000166 0.03106268 0.00008631 0.99999599 -0.00283071 -0.03106256 0.00283203 0.99951343
0.99961056 0.00068072 0.02789733 -0.00060585 0.99999619 -0.00269222 -0.02789906 0.00267427 0.99960717
0.99963572 -0.00235269 0.02688669 0.00242546 0.99999348 -0.00267404 -0.02688023 0.00273828 0.99963491
0.99953041 0.00016922 0.03064191 -0.00006847 0.99999459 -0.00328905 -0.03064230 0.00328541 0.99952501
0.99958233 0.00020345 0.02889862 -0.00007107 0.99998950 -0.00458165 -0.02889925 0.00457768 0.99957185
0.99953205 0.00125159 0.03056342 -0.00115980 0.99999477 -0.00302058 -0.03056704 0.00298372 0.99952827
0.99954588 0.00119933 0.03010980 -0.00118190 0.99999912 -0.00059672 -0.03011049 0.00056086 0.99954642
0.99951608 0.00254172 0.03100247 -0.00249283 0.99999559 -0.00161563 -0.03100644 0.00153757 0.99951800
0.99950156 0.00145178 0.03153617 -0.00140644 0.99999795 -0.00146000 -0.03153823 0.00141492 0.99950154
0.99957267 0.00069893 0.02922322 -0.00062259 0.99999637 -0.00262138 -0.02922494 0.00260206 0.99956947
0.99958690 0.00149453 0.02870170 -0.00141411 0.99999502 -0.00282214 -0.02870578 0.00278039 0.99958404
0.99960345 -0.00032711 0.02815719 0.00041552 0.99999500 -0.00313404 -0.02815602 0.00314449 0.99959859
0.99956139 -0.00080472 0.02960370 0.00081770 0.99999957 -0.00042621 -0.02960334 0.00045023 0.99956162
0.99960652 0.00159884 0.02800437 -0.00150894 0.99999364 -0.00323121 -0.02800935 0.00318768 0.99960258
0.99962478 0.00053837 0.02738646 -0.00051644 0.99999954 -0.00080766 -0.02738689 0.00079321 0.99962459
0.99959735 0.00285710 0.02823079 -0.00286083 0.99999590 0.00009168 -0.02823042 -0.00017241 0.99960143
0.99958764 0.00175605 0.02866137 -0.00177887 0.99999812 0.00077059 -0.02865997 -0.00082126 0.99958888
0.99958291 0.00212711 0.02880089 -0.00204681 0.99999394 -0.00281696 -0.02880671 0.00275683 0.99958120
0.99962997 0.00300399 0.02703517 -0.00290349 0.99998873 -0.00375593 -0.02704615 0.00367605 0.99962743
0.99974205 -0.00040371 0.02270834 0.00044848 0.99999797 -0.00196669 -0.02270750 0.00197637 0.99974020
0.99975496 -0.00277519 0.02196174 0.00281997 0.99999401 -0.00200830 -0.02195603 0.00206973 0.99975679
0.99979346 -0.00254777 0.02016316 0.00260946 0.99999199 -0.00303351 -0.02015527 0.00308550 0.99979210
0.99982437 -0.00296369 0.01850536 0.00303290 0.99998851 -0.00371309 -0.01849414 0.00376857 0.99982187
0.99987276 -0.00370108 0.01551633 0.00376076 0.99998564 -0.00381920 -0.01550197 0.00387706 0.99987232
0.99991464 -0.00282068 0.01275794 0.00286164 0.99999081 -0.00319318 -0.01274881 0.00322941 0.99991352
0.99992512 -0.00013554 0.01223677 0.00016968 0.99999610 -0.00278905 -0.01223634 0.00279091 0.99992124
0.99995251 -0.00128952 0.00966027 0.00129072 0.99999916 -0.00011789 -0.00966011 0.00013035 0.99995333
0.99996144 -0.00108349 0.00871506 0.00109208 0.99999892 -0.00098108 -0.00871399 0.00099056 0.99996154
0.99996912 -0.00066629 0.00783041 0.00066978 0.99999968 -0.00044312 -0.00783012 0.00044835 0.99996924
0.99995014 -0.00164582 0.00984899 0.00164221 0.99999858 0.00037553 -0.00984960 -0.00035934 0.99995143
0.99997180 -0.00347353 0.00665907 0.00347166 0.99999393 0.00029203 -0.00666005 -0.00026890 0.99997779
0.99998063 -0.00246309 0.00571517 0.00245730 0.99999646 0.00101847 -0.00571765 -0.00100440 0.99998315
0.99997270 0.00114598 0.00730036 -0.00115939 0.99999765 0.00183355 -0.00729825 -0.00184196 0.99997167
0.99997268 -0.00122366 0.00728946 0.00121419 0.99999841 0.00130331 -0.00729105 -0.00129442 0.99997258
0.99997979 0.00333478 0.00541227 -0.00332007 0.99999078 -0.00272406 -0.00542131 0.00270604 0.99998164
0.99998311 0.00365195 0.00452102 -0.00363984 0.99998978 -0.00268270 -0.00453078 0.00266619 0.99998618
0.99998163 0.00112052 0.00595728 -0.00112004 0.99999937 -0.00008272 -0.00595737 0.00007605 0.99998225
0.99997756 0.00214426 0.00634642 -0.00216568 0.99999198 0.00337001 -0.00633914 -0.00338368 0.99997418
0.99997870 -0.00206407 0.00619188 0.00205706 0.99999724 0.00113888 -0.00619422 -0.00112612 0.99998018
0.99998441 0.00007645 0.00558309 -0.00007508 0.99999997 -0.00024605 -0.00558311 0.00024563 0.99998438
0.99998618 -0.00113230 0.00513359 0.00113322 0.99999934 -0.00017611 -0.00513339 0.00018193 0.99998681
0.99998854 -0.00194302 0.00437644 0.00194181 0.99999807 0.00028195 -0.00437698 -0.00027345 0.99999038
0.99998877 -0.00198480 0.00430335 0.00197660 0.99999623 0.00190847 -0.00430712 -0.00189994 0.99998892
0.99999660 -0.00011167 0.00260471 0.00010659 0.99999809 0.00194929 -0.00260492 -0.00194901 0.99999471
0.99999694 0.00062694 0.00239493 -0.00062921 0.99999935 0.00094631 -0.00239434 -0.00094782 0.99999668
0.99999525 0.00220288 0.00215413 -0.00220206 0.99999750 -0.00038129 -0.00215497 0.00037654 0.99999761
0.99999733 0.00034697 0.00228451 -0.00034389 0.99999903 -0.00134711 -0.00228498 0.00134632 0.99999648
0.99999892 -0.00108905 0.00098938 0.00108996 0.99999898 -0.00092366 -0.00098837 0.00092473 0.99999908
0.99999852 0.00092860 0.00144705 -0.00092920 0.99999948 0.00041333 -0.00144666 -0.00041467 0.99999887
0.99999727 0.00071086 0.00222576 -0.00071426 0.99999858 0.00152374 -0.00222467 -0.00152533 0.99999636
0.99999374 -0.00005079 0.00353821 0.00004543 0.99999885 0.00151510 -0.00353828 -0.00151492 0.99999259
0.99999836 -0.00068664 0.00167417 0.00068481 0.99999917 0.00109481 -0.00167492 -0.00109366 0.99999800
0.99999498 -0.00313788 -0.00044428 0.00313805 0.99999500 0.00037929 0.00044309 -0.00038068 0.99999983
0.99999837 -0.00180067 0.00014442 0.00180054 0.99999797 0.00090883 -0.00014606 -0.00090857 0.99999958
0.99999916 -0.00092136 -0.00090812 0.00092041 0.99999903 -0.00104273 0.00090908 0.00104189 0.99999904
0.99999959 -0.00059104 -0.00068738 0.00059214 0.99999853 0.00160969 0.00068642 -0.00161009 0.99999847
0.99999834 -0.00109199 -0.00145814 0.00109100 0.99999917 -0.00067810 0.00145888 0.00067651 0.99999871
0.99999852 -0.00156428 -0.00071931 0.00156427 0.99999878 -0.00001469 0.00071933 0.00001356 0.99999974
0.99999942 0.00061901 0.00088586 -0.00061827 0.99999946 -0.00083253 -0.00088637 0.00083198 0.99999926
0.99999973 -0.00073698 -0.00006169 0.00073694 0.99999940 -0.00080557 0.00006228 0.00080552 0.99999967
0.99999989 -0.00022236 -0.00042248 0.00022273 0.99999959 0.00088171 0.00042228 -0.00088181 0.99999952
0.99999964 0.00020514 0.00082746 -0.00020674 0.99999811 0.00193434 -0.00082706 -0.00193451 0.99999779
0.99999969 0.00074978 0.00022609 -0.00075031 0.99999693 0.00236233 -0.00022432 -0.00236250 0.99999718
0.99999864 0.00142521 0.00082644 -0.00142568 0.99999882 0.00056601 -0.00082564 -0.00056719 0.99999950
0.99999996 -0.00000389 -0.00027807 0.00000380 0.99999994 -0.00035224 0.00027807 0.00035224 0.99999990
0.99999534 0.00300969 -0.00051122 -0.00301023 0.99999492 -0.00104793 0.00050806 0.00104946 0.99999932
0.99999644 0.00266840 0.00008219 -0.00266841 0.99999643 0.00010669 -0.00008190 -0.00010691 0.99999999
0.99999825 0.00173422 0.00070146 -0.00173438 0.99999847 0.00022374 -0.00070107 -0.00022495 0.99999973
0.99999676 0.00215720 0.00135200 -0.00215500 0.99999635 -0.00162730 -0.00135551 0.00162438 0.99999776
0.99999757 -0.00144487 0.00166253 0.00144771 0.99999750 -0.00170525 -0.00166006 0.00170766 0.99999716
0.99999721 0.00109255 -0.00209655 -0.00109652 0.99999761 -0.00189125 0.00209448 0.00189354 0.99999601
0.99999723 -0.00080873 0.00220850 0.00080822 0.99999965 0.00023295 -0.00220869 -0.00023116 0.99999753
0.99999556 0.00120119 0.00272738 -0.00120080 0.99999927 -0.00014287 -0.00272755 0.00013959 0.99999627
0.99999681 0.00001908 0.00252666 -0.00001805 0.99999992 -0.00041006 -0.00252666 0.00041002 0.99999672
0.99999441 -0.00243388 0.00229440 0.00243477 0.99999696 -0.00038733 -0.00229345 0.00039291 0.99999729
0.99999917 -0.00026722 0.00125852 0.00026748 0.99999994 -0.00020581 -0.00125847 0.00020615 0.99999919
0.99999611 0.00011217 0.00278597 -0.00011718 0.99999838 0.00179621 -0.00278576 -0.00179653 0.99999451
0.99999804 0.00181391 0.00079425 -0.00181358 0.99999827 -0.00042379 -0.00079502 0.00042235 0.99999959
0.99999988 0.00014966 0.00045888 -0.00014968 0.99999999 0.00005212 -0.00045887 -0.00005219 0.99999989
0.99999714 0.00080473 0.00225264 -0.00080379 0.99999959 -0.00041848 -0.00225298 0.00041666 0.99999738
0.99999995 -0.00024129 0.00020841 0.00024122 0.99999993 0.00029022 -0.00020848 -0.00029017 0.99999994
0.99999971 -0.00033749 0.00068502 0.00033707 0.99999975 0.00061733 -0.00068523 -0.00061710 0.99999957
0.99999949 0.00023522 0.00098163 -0.00023560 0.99999990 0.00039156 -0.00098153 -0.00039179 0.99999944
0.99999909 0.00032964 0.00130438 -0.00033216 0.99999809 0.00192721 -0.00130374 -0.00192764 0.99999729
0.99999837 -0.00052583 -0.00172689 0.00052810 0.99999900 0.00131363 0.00172620 -0.00131454 0.99999765
0.99999766 0.00215408 0.00021066 -0.00215370 0.99999605 -0.00180677 -0.00021455 0.00180631 0.99999835
0.99999927 -0.00015810 0.00119606 0.00016035 0.99999822 -0.00187758 -0.00119576 0.00187777 0.99999752
0.99999866 0.00057052 -0.00153410 -0.00057291 0.99999862 -0.00155876 0.00153320 0.00155964 0.99999761
0.99999913 -0.00127899 0.00033216 0.00127905 0.99999916 -0.00018686 -0.00033192 0.00018728 0.99999993
0.99999959 0.00053770 0.00072726 -0.00053779 0.99999985 0.00013453 -0.00072719 -0.00013492 0.99999973
0.99999925 -0.00106436 0.00060108 0.00106290 0.99999652 0.00241620 -0.00060365 -0.00241556 0.99999690
0.99999939 -0.00110226 -0.00003945 0.00110232 0.99999828 0.00149458 0.00003781 -0.00149462 0.99999888
0.99999920 -0.00078447 -0.00099031 0.00078633 0.99999792 0.00187999 0.00098883 -0.00188077 0.99999774
0.99999809 -0.00169710 -0.00097274 0.00169889 0.99999687 0.00183910 0.00096962 -0.00184075 0.99999784
0.99999925 0.00010995 -0.00121585 -0.00010960 0.99999995 0.00028627 0.00121588 -0.00028613 0.99999922
0.99999911 -0.00108982 -0.00076991 0.00108954 0.99999934 -0.00036399 0.00077031 0.00036315 0.99999964
0.99999529 -0.00200950 -0.00231913 0.00200789 0.99999774 -0.00069605 0.00232053 0.00069139 0.99999707
0.99999417 -0.00240314 -0.00242667 0.00240248 0.99999708 -0.00027592 0.00242733 0.00027009 0.99999702
0.99999841 0.00176637 0.00023788 -0.00176633 0.99999843 -0.00015691 -0.00023816 0.00015649 0.99999996
0.99999979 0.00017219 -0.00061683 -0.00017247 0.99999989 -0.00044608 0.00061675 0.00044618 0.99999971
0.99999964 -0.00059139 -0.00061276 0.00059196 0.99999940 0.00092609 0.00061221 -0.00092646 0.99999938
0.99999733 0.00196952 0.00120850 -0.00197164 0.99999652 0.00175139 -0.00120505 -0.00175377 0.99999774
0.99999722 -0.00209246 0.00108935 0.00209032 0.99999589 0.00196194 -0.00109345 -0.00195966 0.99999748
0.99999682 0.00023804 0.00250933 -0.00023988 0.99999971 0.00072960 -0.00250915 -0.00073020 0.99999659
0.99999408 -0.00002748 0.00343996 0.00002504 0.99999975 0.00070924 -0.00343998 -0.00070915 0.99999383
0.99997851 0.00053261 0.00653482 -0.00053019 0.99999979 -0.00037263 -0.00653502 0.00036915 0.99997858
0.99995821 0.00262768 0.00875670 -0.00263242 0.99999640 0.00052932 -0.00875527 -0.00055235 0.99996152
0.99991963 0.00283653 0.01235636 -0.00283898 0.99999595 0.00018069 -0.01235580 -0.00021576 0.99992364
0.99991606 0.00163755 0.01285242 -0.00165233 0.99999799 0.00113978 -0.01285052 -0.00116093 0.99991675
0.99989807 0.00085081 0.01425246 -0.00085969 0.99999944 0.00061659 -0.01425193 -0.00062878 0.99989824
0.99987723 0.00304727 0.01536987 -0.00305226 0.99999530 0.00030126 -0.01536888 -0.00034813 0.99988183
0.99987180 0.00184639 0.01590544 -0.00183479 0.99999804 -0.00074376 -0.01590678 0.00071448 0.99987322
0.99982790 0.00257103 0.01837303 -0.00254619 0.99999581 -0.00137552 -0.01837649 0.00132851 0.99983026
0.99984509 0.00138885 0.01754631 -0.00139910 0.99999886 0.00057218 -0.01754550 -0.00059664 0.99984589
0.99987705 -0.00010639 0.01568054 0.00008315 0.99999890 0.00148216 -0.01568068 -0.00148067 0.99987595
0.99980195 -0.00078802 0.01988578 0.00076222 0.99999886 0.00130497 -0.01988678 -0.00128956 0.99980141
0.99981421 -0.00040824 0.01927103 0.00037709 0.99999862 0.00161983 -0.01927167 -0.00161226 0.99981298
0.99979807 -0.00141872 0.02004509 0.00138951 0.99999795 0.00147106 -0.02004713 -0.00144291 0.99979799
0.99981597 -0.00312554 0.01892794 0.00314168 0.99999473 -0.00082319 -0.01892527 0.00088250 0.99982051
0.99979671 -0.00234321 0.02002612 0.00234023 0.99999725 0.00017236 -0.02002647 -0.00012546 0.99979944
0.99979665 0.00133635 0.02012150 -0.00130573 0.99999797 -0.00153498 -0.02012351 0.00150839 0.99979636
0.99972992 -0.00008665 0.02323964 0.00015017 0.99999626 -0.00273141 -0.02323931 0.00273416 0.99972619
0.99967219 0.00213517 0.02551382 -0.00211768 0.99999750 -0.00071263 -0.02551528 0.00065836 0.99967422
0.99966272 0.00055926 0.02596403 -0.00055853 0.99999984 -0.00003530 -0.02596405 0.00002078 0.99966288
0.99959667 0.00290932 0.02824954 -0.00295185 0.99999457 0.00146365 -0.02824513 -0.00154645 0.99959983
0.99951833 0.00165787 0.03098979 -0.00162361 0.99999804 -0.00113065 -0.03099160 0.00107979 0.99951906
0.99957208 0.00142088 0.02921693 -0.00141122 0.99999894 -0.00035133 -0.02921739 0.00030995 0.99957303
0.99954910 -0.00027230 0.03002552 0.00031681 0.99999886 -0.00147761 -0.03002508 0.00148645 0.99954804
0.99952950 -0.00072746 0.03066361 0.00076681 0.99999890 -0.00127152 -0.03066265 0.00129443 0.99952895
0.99951325 0.00050118 0.03119307 -0.00043294 0.99999750 -0.00219446 -0.03119409 0.00217988 0.99951097
0.99949615 -0.00028183 0.03173907 0.00037410 0.99999572 -0.00290129 -0.03173812 0.00291170 0.99949198
0.99950014 0.00125539 0.03158937 -0.00116451 0.99999513 -0.00289503 -0.03159285 0.00285680 0.99949674
0.99951242 0.00078469 0.03121385 -0.00072965 0.99999816 -0.00177495 -0.03121518 0.00175131 0.99951115
0.99950319 -0.00010027 0.03151779 0.00015752 0.99999834 -0.00181414 -0.03151756 0.00181820 0.99950154
0.99946346 0.00048918 0.03274974 -0.00044904 0.99999914 -0.00123314 -0.03275031 0.00121777 0.99946282
0.99945775 0.00237381 0.03284171 -0.00233430 0.99999651 -0.00124133 -0.03284454 0.00116400 0.99945979
0.99946880 0.00164866 0.03254829 -0.00158841 0.99999698 -0.00187680 -0.03255129 0.00182411 0.99946840
0.99949582 0.00097927 0.03173573 -0.00082718 0.99998811 -0.00480536 -0.03174006 0.00477668 0.99948474
0.99946250 0.00229198 0.03270262 -0.00218433 0.99999208 -0.00332729 -0.03270999 0.00325407 0.99945959
0.99953879 -0.00078294 0.03035785 0.00085446 0.99999689 -0.00234284 -0.03035592 0.00236770 0.99953635
0.99951120 -0.00041497 0.03125997 0.00044597 0.99999942 -0.00098484 -0.03125954 0.00099830 0.99951080
0.99955290 -0.00136286 0.02986877 0.00138291 0.99999883 -0.00065065 -0.02986785 0.00069167 0.99955362
0.99949878 -0.00106856 0.03163930 0.00108321 0.99999931 -0.00044582 -0.03163880 0.00047987 0.99949925
0.99954430 0.00056342 0.03018060 -0.00056520 0.99999984 0.00005064 -0.03018057 -0.00006767 0.99954446
0.99960810 0.00123847 0.02796639 -0.00122864 0.99999918 -0.00036839 -0.02796682 0.00033389 0.99960880
0.99955645 0.00028517 0.02977949 -0.00019261 0.99999514 -0.00311105 -0.02978023 0.00310393 0.99955165
0.99958429 0.00027447 0.02883010 -0.00018082 0.99999470 -0.00325088 -0.02883084 0.00324431 0.99957904
0.99958098 -0.00031600 0.02894414 0.00032400 0.99999991 -0.00027183 -0.02894405 0.00028110 0.99958099
0.99958963 -0.00015875 0.02864531 0.00016850 0.99999993 -0.00033768 -0.02864526 0.00034237 0.99958958
0.99956577 -0.00037162 0.02946422 0.00037324 0.99999993 -0.00004951 -0.02946420 0.00006049 0.99956583
0.99958389 0.00163722 0.02879855 -0.00165085 0.99999854 0.00044960 -0.02879777 -0.00049695 0.99958513
0.99957783 0.00139871 0.02902067 -0.00137875 0.99999880 -0.00070782 -0.02902163 0.00066751 0.99957856
0.99956895 0.00196350 0.02929258 -0.00190501 0.99999614 -0.00202439 -0.02929644 0.00196771 0.99956883
0.99956247 0.00224453 0.02949289 -0.00218670 0.99999562 -0.00199262 -0.02949724 0.00192726 0.99956300
0.99950300 0.00186095 0.03146895 -0.00176738 0.99999393 -0.00300115 -0.03147434 0.00294404 0.99950022
0.99956094 0.00246107 0.02952736 -0.00242749 0.99999637 -0.00117306 -0.02953014 0.00110087 0.99956328
0.99956006 0.00152611 0.02962019 -0.00153331 0.99999880 0.00022021 -0.02961982 -0.00026553 0.99956120
0.99952972 0.00182855 0.03061040 -0.00183358 0.99999831 0.00013611 -0.03061010 -0.00019217 0.99953138
0.99954344 0.00040811 0.03021170 -0.00038222 0.99999955 -0.00086281 -0.03021204 0.00085087 0.99954315
0.99956758 0.00163326 0.02935965 -0.00158383 0.99999729 -0.00170679 -0.02936235 0.00165955 0.99956746
0.99949671 0.00375676 0.03149938 -0.00366760 0.99998910 -0.00288791 -0.03150989 0.00277093 0.99949960
0.99951252 0.00575944 0.03068468 -0.00577512 0.99998323 0.00042244 -0.03068173 -0.00059944 0.99952903
0.99949500 0.00349076 0.03158429 -0.00351185 0.99999365 0.00061252 -0.03158196 -0.00072313 0.99950090
0.99956082 0.00097956 0.02961785 -0.00101607 0.99999874 0.00121753 -0.02961662 -0.00124708 0.99956055
0.99953261 0.00135877 0.03054046 -0.00134367 0.99999896 -0.00051485 -0.03054113 0.00047357 0.99953340
0.99949604 0.00120405 0.03172086 -0.00118052 0.99999901 -0.00076068 -0.03172174 0.00072285 0.99949648
0.99949092 0.00088029 0.03189232 -0.00083126 0.99999845 -0.00155040 -0.03189364 0.00152310 0.99949011
0.99947761 -0.00031272 0.03231724 0.00029787 0.99999985 0.00046418 -0.03231738 -0.00045432 0.99947755
0.99945266 -0.00152572 0.03304608 0.00149754 0.99999849 0.00087731 -0.03304737 -0.00082734 0.99945344
0.99950212 -0.00213575 0.03147935 0.00212996 0.99999771 0.00021743 -0.03147974 -0.00015027 0.99950438
0.99943245 -0.00065237 0.03368024 0.00068627 0.99999927 -0.00099498 -0.03367957 0.00101753 0.99943216
0.99942881 0.00097589 0.03378020 -0.00096069 0.99999943 -0.00046614 -0.03378063 0.00043342 0.99942918
0.99945273 -0.00064833 0.03307297 0.00056020 0.99999627 0.00267403 -0.03307458 -0.00265404 0.99944936
0.99939077 0.00048368 0.03489789 -0.00055659 0.99999768 0.00207946 -0.03489680 -0.00209762 0.99938872
0.99937685 0.00091854 0.03528561 -0.00095526 0.99999902 0.00102389 -0.03528464 -0.00105696 0.99937674
0.99940498 0.00094754 0.03447895 -0.00093587 0.99999950 -0.00035464 -0.03447927 0.00032216 0.99940536
0.99933387 -0.00053146 0.03649025 0.00060301 0.99999792 -0.00194993 -0.03648913 0.00197064 0.99933211
0.99938394 0.00124144 0.03507406 -0.00129076 0.99999821 0.00138359 -0.03507228 -0.00142801 0.99938376
0.99936641 0.00050904 0.03558812 -0.00048598 0.99999967 -0.00065663 -0.03558844 0.00063892 0.99936633
0.99936945 0.00077968 0.03549791 -0.00079058 0.99999964 0.00029279 -0.03549767 -0.00032067 0.99936971
0.99949322 -0.00037883 0.03183021 0.00042406 0.99999891 -0.00141422 -0.03182964 0.00142700 0.99949229
0.99952662 0.00079371 0.03075552 -0.00075753 0.99999901 -0.00118805 -0.03075643 0.00116419 0.99952623
0.99951027 -0.00020440 0.03129184 0.00021838 0.99999988 -0.00044351 -0.03129175 0.00045013 0.99951019
0.99950557 -0.00157940 0.03140271 0.00153103 0.99999760 0.00156432 -0.03140510 -0.00151547 0.99950559
0.99963057 -0.00107358 0.02715821 0.00104823 0.99999900 0.00094766 -0.02715920 -0.00091885 0.99963070
0.99966763 -0.00211654 0.02569356 0.00211926 0.99999775 -0.00007865 -0.02569334 0.00013308 0.99966986
0.99965592 -0.00438626 0.02586129 0.00442132 0.99998938 -0.00129841 -0.02585532 0.00141231 0.99966470
0.99979160 -0.00329662 0.02014650 0.00329249 0.99999455 0.00023819 -0.02014718 -0.00017181 0.99979701
0.99968113 -0.00233938 0.02514275 0.00225415 0.99999162 0.00341764 -0.02515054 -0.00335987 0.99967803
0.99966543 -0.00063236 0.02585778 0.00061979 0.99999969 0.00049429 -0.02585808 -0.00047810 0.99966551
0.99960111 0.00293592 0.02808921 -0.00283099 0.99998887 -0.00377459 -0.02809998 0.00369356 0.99959829
0.99975486 0.00117470 0.02210983 -0.00104001 0.99998084 -0.00610254 -0.02211658 0.00607805 0.99973692
0.99969620 0.00089307 0.02463142 -0.00072956 0.99997765 -0.00664631 -0.02463681 0.00662632 0.99967451
0.99977758 0.00098757 0.02106690 -0.00091922 0.99999428 -0.00325363 -0.02107000 0.00323355 0.99977277
0.99977922 0.00316358 0.02077286 -0.00313470 0.99999408 -0.00142240 -0.02077724 0.00135696 0.99978321
0.99968161 0.00584174 0.02454676 -0.00579814 0.99998148 -0.00184709 -0.02455710 0.00170418 0.99969698
0.99971710 0.00449826 0.02335543 -0.00449885 0.99998988 -0.00002763 -0.02335532 -0.00007745 0.99972722
0.99973479 0.00465271 0.02255461 -0.00471739 0.99998491 0.00281497 -0.02254118 -0.00292063 0.99974165
0.99971298 0.00373575 0.02366444 -0.00376591 0.99999215 0.00123021 -0.02365965 -0.00131898 0.99971920
0.99973316 0.00274150 0.02293684 -0.00277699 0.99999500 0.00151581 -0.02293257 -0.00157910 0.99973577
0.99969123 0.00394546 0.02453322 -0.00394166 0.99999221 -0.00020330 -0.02453384 0.00010653 0.99969899
0.99982354 0.00159902 0.01871694 -0.00160040 0.99999872 0.00005903 -0.01871683 -0.00008898 0.99982482
0.99984147 0.00037195 0.01780170 -0.00038773 0.99999954 0.00088291 -0.01780136 -0.00088967 0.99984115
0.99987726 0.00034865 0.01566358 -0.00034729 0.99999994 -0.00008943 -0.01566361 0.00008398 0.99987731
0.99988911 -0.00019059 0.01489083 0.00018615 0.99999994 0.00029957 -0.01489089 -0.00029676 0.99988908
0.99989958 0.00024130 0.01416933 -0.00024079 0.99999997 -0.00003746 -0.01416934 0.00003405 0.99989961
0.99990991 -0.00111512 0.01337668 0.00110722 0.99999921 0.00059814 -0.01337733 -0.00058327 0.99991035
0.99992235 -0.00245874 0.01221659 0.00243815 0.99999558 0.00169989 -0.01222072 -0.00166997 0.99992393
0.99994671 -0.00185971 0.01015516 0.00185008 0.99999783 0.00095811 -0.01015692 -0.00093927 0.99994798
0.99994786 -0.00165892 0.01007551 0.00167434 0.99999744 -0.00152270 -0.01007295 0.00153949 0.99994808
0.99997499 -0.00236913 0.00666447 0.00236346 0.99999684 0.00085943 -0.00666649 -0.00084366 0.99997742
0.99998329 -0.00217259 0.00535673 0.00217246 0.99999764 0.00003125 -0.00535678 -0.00001962 0.99998565
0.99998952 -0.00020990 0.00457424 0.00021679 0.99999884 -0.00150590 -0.00457391 0.00150687 0.99998840
0.99999370 -0.00299940 0.00189761 0.00299795 0.99999521 0.00077025 -0.00189991 -0.00076456 0.99999790
0.99999314 -0.00237955 0.00283767 0.00238168 0.99999689 -0.00074470 -0.00283589 0.00075146 0.99999570
0.99999939 -0.00087520 0.00067221 0.00087541 0.99999957 -0.00030821 -0.00067194 0.00030879 0.99999973
0.99999339 -0.00203264 0.00301464 0.00203077 0.99999775 0.00062089 -0.00301590 -0.00061477 0.99999526
0.99998994 0.00055075 0.00445214 -0.00054547 0.99999915 -0.00118773 -0.00445279 0.00118529 0.99998938
0.99999536 -0.00288372 0.00098218 0.00288310 0.99999564 0.00063433 -0.00098400 -0.00063150 0.99999932
0.99999186 0.00117752 0.00385846 -0.00118170 0.99999872 0.00108039 -0.00385718 -0.00108494 0.99999197
0.99999714 -0.00038132 0.00236102 0.00038166 0.99999992 -0.00014301 -0.00236097 0.00014391 0.99999720
0.99999860 -0.00043705 0.00161412 0.00043422 0.99999837 0.00175452 -0.00161488 -0.00175382 0.99999716
0.99999922 -0.00046687 0.00115654 0.00046694 0.99999989 -0.00005268 -0.00115652 0.00005322 0.99999933
0.99999522 0.00077014 0.00299429 -0.00076500 0.99999824 -0.00171517 -0.00299560 0.00171287 0.99999405
0.99999672 0.00021871 0.00255292 -0.00021447 0.99999860 -0.00166021 -0.00255327 0.00165965 0.99999536
0.99999719 0.00076584 0.00224450 -0.00076499 0.99999963 -0.00038165 -0.00224479 0.00037993 0.99999741
0.99999921 -0.00095217 0.00081875 0.00095081 0.99999815 0.00167031 -0.00082034 -0.00166953 0.99999827
0.99998663 -0.00318420 0.00407460 0.00317678 0.99999329 0.00182650 -0.00408039 -0.00181354 0.99999003
0.99999828 -0.00147899 0.00112025 0.00147792 0.99999845 0.00095692 -0.00112166 -0.00095526 0.99999891
0.99999842 -0.00061540 0.00166483 0.00061450 0.99999967 0.00053755 -0.00166516 -0.00053653 0.99999847
0.99999917 -0.00127027 -0.00022571 0.00127011 0.99999893 -0.00072272 0.00022662 0.00072243 0.99999971
0.99999701 -0.00232430 0.00076291 0.00232495 0.99999692 -0.00086470 -0.00076090 0.00086647 0.99999934
0.99999978 -0.00059166 -0.00030195 0.00059168 0.99999982 0.00007139 0.00030191 -0.00007157 0.99999995
0.99999999 0.00015624 -0.00006735 -0.00015630 0.99999955 -0.00093799 0.00006720 0.00093800 0.99999956
0.99999967 0.00061174 -0.00054320 -0.00061150 0.99999972 0.00044237 0.00054347 -0.00044203 0.99999975
0.99999941 0.00099890 -0.00041890 -0.00099872 0.99999941 0.00042200 0.00041932 -0.00042159 0.99999982
0.99999957 0.00089794 -0.00025007 -0.00089807 0.99999946 -0.00052213 0.00024960 0.00052235 0.99999983
0.99999712 -0.00036934 -0.00237238 0.00036855 0.99999988 -0.00033201 0.00237250 0.00033114 0.99999713
0.99999313 -0.00225199 -0.00294583 0.00224807 0.99999659 -0.00133163 0.00294882 0.00132500 0.99999477
0.99999528 -0.00161793 -0.00261372 0.00161324 0.99999709 -0.00179494 0.00261661 0.00179071 0.99999497
0.99999761 -0.00209357 -0.00063024 0.00209319 0.99999763 -0.00059626 0.00063149 0.00059494 0.99999962
0.99999712 -0.00189397 -0.00147675 0.00189598 0.99999728 0.00135711 0.00147418 -0.00135990 0.99999799
0.99999727 0.00009039 -0.00233558 -0.00008771 0.99999934 0.00114668 0.00233568 -0.00114647 0.99999662
0.99999815 -0.00098486 -0.00165307 0.00098514 0.99999950 0.00016600 0.00165291 -0.00016763 0.99999862
0.99999815 -0.00071914 -0.00178251 0.00071804 0.99999955 -0.00061459 0.00178295 0.00061331 0.99999822
0.99999807 0.00125086 -0.00151710 -0.00125201 0.99999893 -0.00075862 0.00151615 0.00076051 0.99999856
0.99999738 0.00160288 -0.00163563 -0.00160379 0.99999856 -0.00055645 0.00163474 0.00055907 0.99999851
0.99999767 0.00198848 -0.00083935 -0.00198835 0.99999801 0.00016340 0.00083967 -0.00016173 0.99999963
0.99999436 0.00265216 -0.00206223 -0.00265758 0.99999302 -0.00262650 0.00205525 0.00263196 0.99999442
0.99999078 0.00429246 0.00007187 -0.00429256 0.99998960 0.00154035 -0.00006526 -0.00154065 0.99999881
0.99999992 0.00025651 -0.00031398 -0.00025595 0.99999840 0.00177157 0.00031443 -0.00177149 0.99999838
0.99999983 -0.00054616 -0.00022435 0.00054583 0.99999878 -0.00146405 0.00022515 0.00146392 0.99999890
0.99999736 -0.00203119 -0.00107415 0.00202759 0.99999236 -0.00334093 0.00108093 0.00333874 0.99999384
0.99999990 -0.00033171 0.00030846 0.00033169 0.99999994 0.00007048 -0.00030849 -0.00007037 0.99999995
0.99999110 -0.00254664 -0.00336452 0.00255662 0.99999233 0.00296590 0.00335694 -0.00297447 0.99998994
0.99999381 -0.00349599 0.00038492 0.00349455 0.99998704 0.00370114 -0.00039785 -0.00369977 0.99999308
0.99999785 -0.00193387 0.00075285 0.00193330 0.99999784 0.00076143 -0.00075432 -0.00075997 0.99999943
0.99999548 0.00292152 0.00070746 -0.00292080 0.99999521 -0.00102415 -0.00071045 0.00102208 0.99999923
0.99999356 0.00348205 0.00087007 -0.00347997 0.99999113 -0.00237388 -0.00087833 0.00237083 0.99999680
0.99999887 -0.00136070 0.00064254 0.00136148 0.99999834 -0.00121381 -0.00064089 0.00121468 0.99999906
0.99999922 -0.00061336 0.00109084 0.00061459 0.99999918 -0.00112147 -0.00109015 0.00112214 0.99999878
0.99999447 -0.00064974 0.00326247 0.00064715 0.99999948 0.00079293 -0.00326299 -0.00079081 0.99999436
0.99999480 0.00010173 0.00322441 -0.00011026 0.99999649 0.00264639 -0.00322413 -0.00264673 0.99999130
0.99999829 0.00178036 0.00049277 -0.00178033 0.99999841 -0.00005817 -0.00049287 0.00005729 0.99999988
0.99999618 0.00017947 0.00275670 -0.00017559 0.99999899 -0.00140806 -0.00275695 0.00140757 0.99999521
0.99999875 -0.00027871 0.00155326 0.00027832 0.99999993 0.00025621 -0.00155334 -0.00025578 0.99999876
0.99999218 0.00084729 0.00386193 -0.00084899 0.99999954 0.00043744 -0.00386156 -0.00044071 0.99999245
0.99999978 -0.00049026 0.00044654 0.00049038 0.99999984 -0.00028653 -0.00044640 0.00028675 0.99999986
0.99999656 -0.00091397 0.00245705 0.00091253 0.99999941 0.00058568 -0.00245758 -0.00058343 0.99999681
0.99999878 -0.00142576 -0.00063698 0.00142663 0.99999805 0.00136228 0.00063503 -0.00136319 0.99999887
0.99999582 -0.00046807 0.00285382 0.00046742 0.99999987 0.00022571 -0.00285393 -0.00022437 0.99999590
0.99999552 -0.00043613 0.00296084 0.00043565 0.99999989 0.00016186 -0.00296091 -0.00016057 0.99999560
0.99999790 -0.00109308 0.00173498 0.00109227 0.99999930 0.00046532 -0.00173549 -0.00046343 0.99999839
0.99999629 -0.00183198 0.00201386 0.00183141 0.99999828 0.00028546 -0.00201438 -0.00028177 0.99999793
0.99999711 -0.00186810 0.00151129 0.00186614 0.99999741 0.00130145 -0.00151372 -0.00129863 0.99999801
0.99999111 -0.00412019 0.00090083 0.00411844 0.99998965 0.00193524 -0.00090879 -0.00193151 0.99999772
0.99999534 -0.00245925 -0.00180896 0.00246125 0.99999636 0.00110297 0.00180624 -0.00110742 0.99999776
0.99999724 -0.00205188 0.00114725 0.00205047 0.99999715 0.00122501 -0.00114976 -0.00122265 0.99999859
0.99999733 0.00147698 0.00177719 -0.00147641 0.99999886 -0.00032198 -0.00177766 0.00031936 0.99999837
0.99999891 0.00069986 0.00130013 -0.00069720 0.99999766 -0.00204614 -0.00130156 0.00204524 0.99999706
0.99999800 -0.00006093 0.00200050 0.00006550 0.99999739 -0.00228499 -0.00200036 0.00228512 0.99999539
0.99999383 0.00336594 0.00100311 -0.00336440 0.99999317 -0.00152946 -0.00100825 0.00152608 0.99999833
0.99999619 0.00275550 0.00014906 -0.00275577 0.99999456 0.00181495 -0.00014406 -0.00181535 0.99999834
0.99999589 -0.00037047 0.00284188 0.00035786 0.99999010 0.00443566 -0.00284350 -0.00443463 0.99998612
0.99999501 -0.00300686 0.00096584 0.00300539 0.99999433 0.00152188 -0.00097041 -0.00151897 0.99999838
0.99999436 -0.00204328 -0.00266371 0.00204179 0.99999776 -0.00056205 0.00266485 0.00055661 0.99999629
0.99999740 -0.00042609 0.00223811 0.00043434 0.99999310 -0.00368843 -0.00223653 0.00368939 0.99999069
0.99998961 -0.00063602 0.00451339 0.00065489 0.99999105 -0.00418054 -0.00451069 0.00418346 0.99998108
0.99999870 0.00076019 0.00142100 -0.00075808 0.99999862 -0.00147897 -0.00142212 0.00147789 0.99999790
0.99999943 -0.00044607 0.00096703 0.00044596 0.99999989 0.00011865 -0.00096709 -0.00011822 0.99999953
0.99999750 -0.00181681 0.00130407 0.00182141 0.99999210 -0.00353326 -0.00129764 0.00353563 0.99999291
0.99999621 0.00186597 0.00202286 -0.00186106 0.99999532 -0.00242657 -0.00202738 0.00242279 0.99999501
0.99999342 0.00283172 0.00226896 -0.00283437 0.99999531 0.00116368 -0.00226565 -0.00117010 0.99999675
0.99999799 0.00192998 -0.00054048 -0.00192946 0.99999768 0.00095762 0.00054233 -0.00095658 0.99999940
0.99998330 -0.00016238 0.00577730 0.00013294 0.99998701 0.00509466 -0.00577806 -0.00509381 0.99997033
0.99999824 -0.00084504 0.00167734 0.00084160 0.99999755 0.00204756 -0.00167906 -0.00204614 0.99999650
0.99998507 -0.00360840 -0.00410351 0.00361027 0.99999338 0.00044887 0.00410187 -0.00046367 0.99999148
0.99999945 -0.00071310 0.00076298 0.00071233 0.99999923 0.00101686 -0.00076371 -0.00101632 0.99999919
0.99999507 -0.00313855 -0.00006131 0.00313855 0.99999507 0.00001342 0.00006127 -0.00001361 1.00000000
0.99999347 -0.00243443 0.00266906 0.00243725 0.99999648 -0.00105298 -0.00266648 0.00105948 0.99999588
0.99999929 -0.00100971 -0.00063500 0.00100863 0.99999804 -0.00170328 0.00063672 0.00170264 0.99999835
0.99999800 -0.00190159 0.00062563 0.00190175 0.99999816 -0.00025427 -0.00062515 0.00025546 0.99999977
0.99999778 -0.00093587 0.00188945 0.00094113 0.99999567 -0.00278799 -0.00188683 0.00278976 0.99999433
0.99997629 0.00603268 0.00331972 -0.00603615 0.99998125 0.00103535 -0.00331341 -0.00105536 0.99999395
0.99999439 0.00320340 0.00097516 -0.00320481 0.99999381 0.00145410 -0.00097049 -0.00145722 0.99999847
0.99999620 0.00064879 0.00268042 -0.00064992 0.99999970 0.00042275 -0.00268014 -0.00042449 0.99999632
0.99999759 -0.00131111 0.00176063 0.00131797 0.99999152 -0.00390273 -0.00175550 0.00390504 0.99999083
0.99999456 -0.00172057 0.00281501 0.00172807 0.99999496 -0.00266388 -0.00281041 0.00266873 0.99999249
0.99999352 -0.00359934 -0.00006974 0.00359936 0.99999347 0.00032741 0.00006856 -0.00032766 0.99999994
0.99999874 -0.00156485 0.00025907 0.00156438 0.99999716 0.00180014 -0.00026188 -0.00179973 0.99999835
0.99999736 0.00086743 0.00212589 -0.00087045 0.99999861 0.00142101 -0.00212466 -0.00142286 0.99999673
0.99999743 0.00092149 0.00206923 -0.00091989 0.99999928 -0.00077105 -0.00206994 0.00076915 0.99999756
0.99999204 0.00291475 0.00272508 -0.00291545 0.99999572 0.00025334 -0.00272433 -0.00026128 0.99999625
0.99999903 0.00029266 0.00136457 -0.00029336 0.99999982 0.00051699 -0.00136442 -0.00051739 0.99999894
0.99999873 0.00052230 0.00150271 -0.00052145 0.99999970 -0.00056762 -0.00150301 0.00056683 0.99999871
0.99999995 0.00024695 -0.00021276 -0.00024706 0.99999985 -0.00048633 0.00021264 0.00048638 0.99999986
0.99999989 -0.00045404 -0.00013454 0.00045405 0.99999989 0.00010359 0.00013450 -0.00010365 0.99999999
1.00000000 -0.00004327 -0.00008196 0.00004321 0.99999968 -0.00079447 0.00008199 0.00079446 0.99999968
0.99999940 0.00042714 0.00101072 -0.00042625 0.99999952 -0.00088055 -0.00101110 0.00088012 0.99999910
0.99999646 -0.00060444 0.00259047 0.00060015 0.99999845 0.00165780 -0.00259147 -0.00165624 0.99999527
0.99999643 0.00039422 0.00264407 -0.00039725 0.99999927 0.00114456 -0.00264362 -0.00114560 0.99999585
0.99999820 -0.00170182 0.00083671 0.00170220 0.99999845 -0.00046054 -0.00083593 0.00046196 0.99999954
0.99998980 0.00193319 0.00408104 -0.00192392 0.99999556 -0.00227621 -0.00408542 0.00226833 0.99998908
0.99999952 -0.00052594 0.00083017 0.00052656 0.99999958 -0.00074754 -0.00082978 0.00074798 0.99999938
0.99999918 -0.00121705 -0.00039359 0.00121744 0.99999877 0.00098786 0.00039238 -0.00098834 0.99999943
0.99999838 -0.00015484 0.00179429 0.00015426 0.99999994 0.00032203 -0.00179434 -0.00032175 0.99999834
0.99999892 0.00005123 0.00146923 -0.00005219 0.99999979 0.00065318 -0.00146920 -0.00065326 0.99999871
0.99999100 -0.00251444 0.00341587 0.00251700 0.99999656 -0.00074365 -0.00341399 0.00075224 0.99999389
0.99999379 0.00036806 0.00350630 -0.00036314 0.99999895 -0.00140405 -0.00350682 0.00140276 0.99999287
0.99999896 0.00015541 -0.00143680 -0.00015605 0.99999989 -0.00044071 0.00143673 0.00044094 0.99999887
0.99999420 0.00041374 0.00337923 -0.00041361 0.99999991 -0.00003884 -0.00337925 0.00003744 0.99999429
0.99999999 0.00000073 -0.00016446 -0.00000069 0.99999998 0.00020648 0.00016446 -0.00020648 0.99999997
0.99999945 -0.00096510 0.00040676 0.00096475 0.99999917 0.00085281 -0.00040758 -0.00085242 0.99999955
0.99999988 0.00014752 0.00046908 -0.00014747 0.99999998 -0.00011211 -0.00046910 0.00011204 0.99999988
0.99999942 -0.00079698 -0.00072443 0.00079761 0.99999929 0.00088255 0.00072373 -0.00088313 0.99999935
0.99999978 -0.00066343 -0.00002474 0.00066344 0.99999968 0.00044833 0.00002444 -0.00044835 0.99999990
0.99999968 0.00079365 0.00008884 -0.00079351 0.99999835 -0.00163157 -0.00009014 0.00163150 0.99999867
0.99999697 0.00047941 0.00241528 -0.00047553 0.99999860 -0.00160691 -0.00241604 0.00160576 0.99999579
0.99999747 -0.00207277 0.00087009 0.00207301 0.99999781 -0.00026993 -0.00086953 0.00027173 0.99999959
0.99999885 -0.00143627 -0.00049461 0.00143620 0.99999896 -0.00013980 0.00049481 0.00013909 0.99999987
0.99999758 -0.00214554 -0.00049042 0.00214549 0.99999769 -0.00011648 0.00049067 0.00011543 0.99999987
0.99999718 0.00236667 0.00021293 -0.00236651 0.99999692 -0.00074575 -0.00021470 0.00074524 0.99999970
0.99999897 -0.00139820 0.00032003 0.00139820 0.99999902 -0.00000071 -0.00032003 0.00000115 0.99999995
0.99999982 0.00052164 -0.00028251 -0.00052151 0.99999977 0.00044326 0.00028274 -0.00044311 0.99999986
0.99999684 0.00140451 0.00208577 -0.00140506 0.99999898 0.00025890 -0.00208541 -0.00026183 0.99999779
0.99999977 0.00036661 0.00057003 -0.00036648 0.99999991 -0.00022599 -0.00057011 0.00022578 0.99999981
0.99999893 -0.00112593 0.00093087 0.00112594 0.99999937 -0.00001342 -0.00093085 0.00001446 0.99999957
0.99999992 0.00040120 -0.00003968 -0.00040121 0.99999985 -0.00038199 0.00003953 0.00038201 0.99999993
0.99999951 -0.00085089 -0.00049950 0.00085069 0.99999955 -0.00040825 0.00049985 0.00040782 0.99999979
0.99999925 -0.00050954 -0.00111545 0.00050968 0.99999986 0.00013363 0.00111539 -0.00013420 0.99999937
0.99999953 -0.00013846 0.00095781 0.00013921 0.99999968 -0.00078286 -0.00095770 0.00078299 0.99999923
0.99999836 0.00147954 0.00104110 -0.00147890 0.99999872 -0.00061322 -0.00104200 0.00061168 0.99999927
0.99999503 0.00111254 0.00294968 -0.00111255 0.99999938 0.00000165 -0.00294967 -0.00000493 0.99999565
0.99999961 0.00056516 0.00067167 -0.00056503 0.99999982 -0.00018549 -0.00067178 0.00018511 0.99999976
0.99999864 -0.00141705 -0.00084455 0.00141682 0.99999896 -0.00026914 0.00084493 0.00026794 0.99999961
