1.00000000 0.00000000 0.00000000 0.00000000 1.00000000 0.00000000 0.00000000 0.00000000 1.00000000
0.99999859 0.00167191 -0.00017122 -0.00167223 0.99999680 -0.00189587 0.00016805 0.00189616 0.99999819
0.99999714 0.00239241 0.00002360 -0.00239233 0.99999319 -0.00281042 -0.00003033 0.00281036 0.99999605
0.99999591 0.00285103 0.00020611 -0.00285048 0.99999254 -0.00260512 -0.00021354 0.00260452 0.99999659
0.99999358 0.00343834 0.00101127 -0.00343539 0.99998989 -0.00290125 -0.00102123 0.00289776 0.99999528
0.99999094 0.00342475 0.00252672 -0.00342192 0.99999351 -0.00112404 -0.00253055 0.00111539 0.99999618
0.99999284 0.00138623 0.00352003 -0.00138036 0.99999766 -0.00166750 -0.00352233 0.00166263 0.99999241
0.99998852 0.00164213 0.00450111 -0.00164372 0.99999859 0.00034978 -0.00450053 -0.00035718 0.99998981
0.99998411 0.00084758 0.00557269 -0.00084764 0.99999964 0.00000737 -0.00557268 -0.00001209 0.99998447
0.99997284 0.00103700 0.00729692 -0.00103318 0.99999933 -0.00052615 -0.00729746 0.00051860 0.99997324
0.99995368 0.00243517 0.00931118 -0.00242461 0.99999640 -0.00114526 -0.00931393 0.00112264 0.99995599
0.99992093 0.00295871 0.01222213 -0.00295438 0.99999557 -0.00037257 -0.01222317 0.00033643 0.99992524
0.99989526 0.00269641 0.01421948 -0.00269318 0.99999634 -0.00024638 -0.01422009 0.00020806 0.99989887
0.99986896 0.00306946 0.01589462 -0.00307636 0.99999518 0.00040997 -0.01589328 -0.00045881 0.99987359
0.99983268 0.00221404 0.01815769 -0.00218638 0.99999642 -0.00154279 -0.01816104 0.00150283 0.99983395
0.99977951 0.00354403 0.02069735 -0.00358231 0.99999194 0.00181286 -0.02069076 -0.00188661 0.99978414
0.99974138 -0.00096769 0.02272089 0.00096472 0.99999952 0.00014167 -0.02272102 -0.00011972 0.99974184
0.99973634 0.00105125 0.02293807 -0.00096448 0.99999234 -0.00379375 -0.02294188 0.00377063 0.99972969
0.99971902 -0.00432560 0.02330610 0.00442384 0.99998154 -0.00416549 -0.02328765 0.00426742 0.99971970
0.99971985 -0.00329391 0.02343884 0.00323900 0.99999192 0.00238011 -0.02344649 -0.00230352 0.99972244
0.99969800 -0.00746443 0.02341339 0.00741518 0.99997011 0.00218944 -0.02342903 -0.00201517 0.99972347
0.99973512 -0.00143004 0.02297037 0.00145553 0.99999834 -0.00109269 -0.02296877 0.00112583 0.99973555
0.99970456 -0.00419341 0.02394170 0.00425311 0.99998797 -0.00244317 -0.02393117 0.00254427 0.99971037
0.99967970 -0.00027522 0.02530671 0.00034400 0.99999626 -0.00271387 -0.02530587 0.00272171 0.99967605
0.99966980 0.00031496 0.02569425 -0.00025473 0.99999721 -0.00234741 -0.02569492 0.00234009 0.99966709
0.99963966 0.00008776 0.02684280 -0.00009489 0.99999996 0.00026455 -0.02684277 -0.00026700 0.99963963
0.99963233 -0.00034222 0.02711237 0.00030567 0.99999904 0.00135198 -0.02711281 -0.00134319 0.99963148
0.99962406 -0.00099832 0.02739955 0.00101055 0.99999940 -0.00043233 -0.02739910 0.00045986 0.99962447
0.99962481 0.00127517 0.02736078 -0.00119518 0.99999497 -0.00293961 -0.02736439 0.00290581 0.99962130
0.99960961 0.00164496 0.02789134 -0.00154991 0.99999292 -0.00342932 -0.02789678 0.00338476 0.99960508
0.99959016 0.00172892 0.02857477 -0.00162705 0.99999224 -0.00358784 -0.02858075 0.00353988 0.99958522
0.99958307 0.00211790 0.02879592 -0.00207077 0.99999647 -0.00166609 -0.02879935 0.00160577 0.99958392
0.99957910 0.00257374 0.02889645 -0.00253195 0.99999570 -0.00148251 -0.02890014 0.00140872 0.99958131
0.99955811 0.00165786 0.02967896 -0.00157336 0.99999464 -0.00287052 -0.02968356 0.00282255 0.99955536
0.99958235 0.00059193 0.02889249 -0.00047817 0.99999211 -0.00394434 -0.02889460 0.00392887 0.99957474
0.99957370 0.00368124 0.02896307 -0.00358993 0.99998842 -0.00320394 -0.02897453 0.00309860 0.99957535
0.99957133 0.00067676 0.02926953 -0.00060677 0.99999694 -0.00239986 -0.02927106 0.00238107 0.99956867
0.99956471 0.00019017 0.02950192 -0.00010592 0.99999591 -0.00285724 -0.02950234 0.00285287 0.99956064
0.99957382 0.00107698 0.02917214 -0.00100143 0.99999611 -0.00260454 -0.02917483 0.00257421 0.99957101
0.99956873 -0.00015598 0.02936531 0.00024496 0.99999539 -0.00302668 -0.02936470 0.00303256 0.99956416
0.99954086 0.00042040 0.03029690 -0.00030382 0.99999253 -0.00385241 -0.03029829 0.00384143 0.99953352
0.99953909 0.00126819 0.03033143 -0.00115228 0.99999197 -0.00383854 -0.03033606 0.00380182 0.99953253
0.99954057 0.00250208 0.03020569 -0.00239657 0.99999090 -0.00352870 -0.03021424 0.00345469 0.99953748
0.99954606 0.00146238 0.03009216 -0.00139649 0.99999658 -0.00221042 -0.03009529 0.00216739 0.99954468
0.99953008 0.00382135 0.03041424 -0.00375551 0.99999048 -0.00222177 -0.03042244 0.00210650 0.99953491
0.99952087 0.00149973 0.03091579 -0.00143891 0.99999699 -0.00198940 -0.03091868 0.00194396 0.99952001
0.99954284 0.00142551 0.03020051 -0.00133769 0.99999482 -0.00292797 -0.03020453 0.00288624 0.99953957
0.99956056 0.00172863 0.02959204 -0.00163511 0.99999359 -0.00318416 -0.02959735 0.00313438 0.99955699
0.99957703 0.00071598 0.02907332 -0.00062097 0.99999444 -0.00327701 -0.02907551 0.00325757 0.99957191
0.99959337 0.00105071 0.02849552 -0.00098511 0.99999683 -0.00231602 -0.02849786 0.00228700 0.99959124
0.99960956 0.00192210 0.02787529 -0.00184744 0.99999464 -0.00270388 -0.02788034 0.00265132 0.99960775
0.99960849 0.00068156 0.02797133 -0.00065998 0.99999948 -0.00078062 -0.02797185 0.00076185 0.99960842
0.99961752 0.00255336 0.02753713 -0.00254960 0.99999674 -0.00017183 -0.02753748 0.00010156 0.99962077
0.99961080 0.00264113 0.02777194 -0.00262214 0.99999630 -0.00072043 -0.02777374 0.00064733 0.99961403
0.99964889 0.00263653 0.02636578 -0.00255191 0.99999149 -0.00324258 -0.02637410 0.00317416 0.99964710
0.99968228 0.00080859 0.02519311 -0.00072579 0.99999431 -0.00329535 -0.02519564 0.00327602 0.99967717
0.99971400 0.00009907 0.02391473 -0.00004938 0.99999784 -0.00207836 -0.02391488 0.00207658 0.99971184
0.99975553 -0.00220834 0.02200028 0.00227301 0.99999317 -0.00291479 -0.02199370 0.00296408 0.99975372
0.99978849 -0.00245629 0.02041929 0.00252327 0.99999152 -0.00325488 -0.02041112 0.00330571 0.99978621
0.99983524 -0.00263874 0.01795927 0.00270948 0.99998866 -0.00391572 -0.01794874 0.00396374 0.99983105
0.99987204 -0.00251807 0.01579785 0.00259356 0.99998531 -0.00475963 -0.01578563 0.00479999 0.99986388
0.99991199 -0.00179923 0.01314449 0.00185214 0.99999023 -0.00401430 -0.01313714 0.00403829 0.99990555
0.99994071 -0.00034893 0.01088326 0.00037263 0.99999756 -0.00217528 -0.01088248 0.00217921 0.99993841
0.99995432 -0.00017061 0.00955655 0.00017825 0.99999967 -0.00079819 -0.00955641 0.00079986 0.99995402
0.99995607 -0.00066347 0.00935027 0.00067652 0.99999880 -0.00139228 -0.00934933 0.00139855 0.99995532
0.99996124 -0.00043037 0.00879358 0.00043864 0.99999946 -0.00093800 -0.00879317 0.00094182 0.99996090
0.99996261 -0.00130580 0.00854789 0.00130474 0.99999914 0.00012912 -0.00854805 -0.00011796 0.99996346
0.99997019 -0.00220980 0.00739856 0.00221115 0.99999754 -0.00017414 -0.00739816 0.00019049 0.99997262
0.99997897 -0.00177354 0.00623775 0.00176889 0.99999815 0.00075013 -0.00623907 -0.00073908 0.99998026
0.99998323 -0.00103355 0.00569777 0.00102741 0.99999889 0.00107987 -0.00569888 -0.00107400 0.99998318
0.99998311 0.00000734 0.00581286 -0.00001059 0.99999984 0.00055935 -0.00581285 -0.00055940 0.99998295
0.99998369 0.00286500 0.00494010 -0.00285019 0.99999143 -0.00300150 -0.00494866 0.00298737 0.99998329
0.99997793 0.00402595 0.00528553 -0.00401041 0.99998762 -0.00294663 -0.00529732 0.00292536 0.99998169
0.99998039 0.00206889 0.00591033 -0.00206805 0.99999785 -0.00014810 -0.00591063 0.00013587 0.99998252
0.99997775 0.00326810 0.00581581 -0.00327508 0.99999393 0.00119179 -0.00581188 -0.00121081 0.99998238
0.99997793 0.00039614 0.00663226 -0.00040610 0.99999879 0.00150036 -0.00663166 -0.00150302 0.99997688
0.99998257 -0.00009127 0.00590274 0.00009259 0.99999997 -0.00022474 -0.00590272 0.00022528 0.99998255
0.99998338 -0.00096087 0.00568560 0.00096424 0.99999936 -0.00059048 -0.00568502 0.00059596 0.99998366
0.99999152 -0.00102861 0.00398743 0.00102673 0.99999936 0.00047513 -0.00398792 -0.00047103 0.99999194
0.99999566 -0.00174431 0.00237252 0.00173959 0.99999650 0.00199224 -0.00237598 -0.00198811 0.99999520
0.99999916 0.00001771 0.00129791 -0.00001999 0.99999846 0.00175473 -0.00129788 -0.00175476 0.99999762
0.99999714 0.00107356 0.00213814 -0.00107529 0.99999909 0.00080999 -0.00213727 -0.00081228 0.99999739
0.99999665 0.00218970 0.00137950 -0.00218865 0.99999732 -0.00075952 -0.00138115 0.00075650 0.99999876
0.99999867 0.00117517 0.00113517 -0.00117356 0.99999831 -0.00141653 -0.00113683 0.00141520 0.99999835
0.99999898 0.00053739 0.00132365 -0.00053601 0.99999931 -0.00104432 -0.00132421 0.00104361 0.99999858
0.99999897 0.00107586 0.00095495 -0.00107563 0.99999939 -0.00024416 -0.00095522 0.00024313 0.99999951
0.99999980 0.00048438 0.00040454 -0.00048431 0.99999987 -0.00017826 -0.00040463 0.00017806 0.99999990
0.99999986 -0.00015099 0.00051620 0.00015064 0.99999976 0.00067027 -0.00051630 -0.00067019 0.99999964
0.99999959 -0.00087777 0.00020761 0.00087771 0.99999957 0.00029735 -0.00020787 -0.00029717 0.99999993
0.99999769 -0.00214002 0.00021674 0.00213988 0.99999750 0.00064836 -0.00021813 -0.00064789 0.99999977
0.99999920 -0.00125046 0.00021413 0.00125024 0.99999868 0.00104095 -0.00021544 -0.00104068 0.99999944
0.99999913 -0.00131644 -0.00000475 0.00131644 0.99999910 0.00025072 0.00000442 -0.00025073 0.99999997
0.99999991 -0.00023537 -0.00035121 0.00023534 0.99999997 -0.00009313 0.00035123 0.00009305 0.99999993
0.99999950 0.00050260 0.00086544 -0.00050201 0.99999964 -0.00068058 -0.00086578 0.00068015 0.99999939
0.99999996 -0.00010732 0.00027803 0.00010768 0.99999916 -0.00128849 -0.00027789 0.00128852 0.99999913
0.99999966 0.00059320 0.00056927 -0.00059242 0.99999889 -0.00136806 -0.00057008 0.00136772 0.99999890
0.99999855 0.00132821 0.00106326 -0.00132642 0.99999770 -0.00168343 -0.00106549 0.00168202 0.99999802
0.99999942 0.00068858 0.00082977 -0.00068851 0.99999976 -0.00007764 -0.00082982 0.00007707 0.99999965
0.99999893 0.00143973 0.00026553 -0.00144005 0.99999825 0.00119466 -0.00026381 -0.00119504 0.99999925
0.99999802 0.00198737 0.00014034 -0.00198758 0.99999689 0.00150513 -0.00013735 -0.00150541 0.99999886
0.99999629 0.00272499 0.00002601 -0.00272498 0.99999609 -0.00063004 -0.00002773 0.00062997 0.99999980
0.99999531 0.00305582 0.00021462 -0.00305558 0.99999471 -0.00111218 -0.00021802 0.00111152 0.99999936
0.99999595 0.00264155 0.00105827 -0.00264020 0.99999571 -0.00127212 -0.00106162 0.00126932 0.99999863
0.99999591 0.00282717 -0.00043047 -0.00282732 0.99999594 -0.00035666 0.00042946 0.00035787 0.99999984
0.99999661 0.00254106 -0.00056875 -0.00254099 0.99999676 0.00011976 0.00056905 -0.00011832 0.99999983
0.99999861 0.00164062 0.00028386 -0.00164053 0.99999861 -0.00028845 -0.00028434 0.00028799 0.99999992
0.99999899 0.00113677 0.00084919 -0.00113504 0.99999727 -0.00204053 -0.00085150 0.00203957 0.99999756
0.99999851 0.00161521 0.00060235 -0.00161461 0.99999819 -0.00100776 -0.00060397 0.00100679 0.99999931
0.99999871 0.00067951 0.00145879 -0.00068007 0.99999970 0.00037967 -0.00145853 -0.00038066 0.99999886
0.99999916 0.00048071 0.00120658 -0.00048031 0.99999983 -0.00033865 -0.00120674 0.00033807 0.99999921
0.99999975 0.00054931 0.00045386 -0.00054924 0.99999984 -0.00014973 -0.00045394 0.00014948 0.99999989
0.99999811 -0.00029757 0.00192235 0.00029908 0.99999965 -0.00078621 -0.00192212 0.00078678 0.99999784
0.99999674 0.00074586 0.00244343 -0.00074463 0.99999959 -0.00050631 -0.00244381 0.00050449 0.99999689
0.99999713 0.00039863 0.00236190 -0.00040230 0.99999871 0.00155681 -0.00236127 -0.00155775 0.99999600
0.99999786 0.00071397 0.00194118 -0.00071425 0.99999973 0.00014196 -0.00194108 -0.00014334 0.99999811
0.99999878 -0.00034966 0.00152396 0.00035052 0.99999978 -0.00055966 -0.00152377 0.00056019 0.99999868
0.99999994 -0.00018233 0.00029333 0.00018267 0.99999932 -0.00115393 -0.00029312 0.00115399 0.99999929
0.99999973 0.00066222 0.00030896 -0.00066225 0.99999978 0.00010224 -0.00030890 -0.00010244 0.99999995
0.99999978 0.00064815 -0.00014874 -0.00064817 0.99999978 -0.00010597 0.00014867 0.00010606 0.99999998
0.99999983 0.00045228 -0.00035894 -0.00045227 0.99999990 0.00002407 0.00035895 -0.00002391 0.99999994
0.99999996 0.00028627 0.00003703 -0.00028633 0.99999862 0.00163397 -0.00003656 -0.00163398 0.99999866
0.99999934 0.00090584 0.00070687 -0.00090583 0.99999959 -0.00000356 -0.00070687 0.00000292 0.99999975
0.99999965 0.00068987 0.00047888 -0.00068922 0.99999884 -0.00135714 -0.00047981 0.00135681 0.99999896
0.99999977 0.00002450 0.00067964 -0.00002315 0.99999802 -0.00199029 -0.00067969 0.00199027 0.99999779
0.99999987 0.00030712 0.00041591 -0.00030657 0.99999908 -0.00132050 -0.00041631 0.00132037 0.99999904
0.99999993 0.00034590 -0.00016729 -0.00034601 0.99999974 -0.00063390 0.00016707 0.00063396 0.99999979
0.99999978 0.00037840 -0.00054283 -0.00037833 0.99999992 0.00014156 0.00054288 -0.00014136 0.99999984
0.99999992 -0.00012355 -0.00038571 0.00012397 0.99999940 0.00108990 0.00038557 -0.00108995 0.99999933
0.99999934 -0.00109797 -0.00034786 0.00109848 0.99999833 0.00145990 0.00034625 -0.00146028 0.99999887
0.99999895 -0.00076829 -0.00122890 0.00077065 0.99999785 0.00192431 0.00122742 -0.00192526 0.99999739
0.99999928 -0.00032758 -0.00115768 0.00032974 0.99999821 0.00186416 0.00115707 -0.00186454 0.99999759
0.99999823 0.00057554 -0.00179197 -0.00057605 0.99999979 -0.00028460 0.00179181 0.00028563 0.99999835
0.99999859 -0.00055340 -0.00158674 0.00055308 0.99999983 -0.00020433 0.00158685 0.00020345 0.99999872
0.99999761 0.00021424 -0.00217453 -0.00021539 0.99999984 -0.00052624 0.00217442 0.00052671 0.99999750
0.99999638 -0.00084537 -0.00255558 0.00084337 0.99999934 -0.00078306 0.00255624 0.00078090 0.99999643
0.99999737 0.00108004 -0.00202436 -0.00108166 0.99999910 -0.00079873 0.00202350 0.00080092 0.99999763
0.99999910 0.00064900 -0.00117802 -0.00064935 0.99999974 -0.00029775 0.00117783 0.00029851 0.99999926
0.99999886 0.00122392 -0.00088242 -0.00122320 0.99999892 0.00081557 0.00088342 -0.00081449 0.99999928
0.99999991 0.00043310 0.00002624 -0.00043314 0.99999860 0.00161547 -0.00002554 -0.00161549 0.99999869
0.99999992 0.00023525 0.00031223 -0.00023564 0.99999918 0.00126149 -0.00031193 -0.00126156 0.99999916
0.99999797 0.00063795 0.00190999 -0.00063910 0.99999962 0.00059787 -0.00190961 -0.00059909 0.99999800
0.99999190 0.00106053 0.00388255 -0.00106163 0.99999940 0.00028216 -0.00388225 -0.00028628 0.99999242
0.99997944 0.00181108 0.00615163 -0.00181239 0.99999834 0.00020732 -0.00615124 -0.00021847 0.99998106
0.99996525 0.00227253 0.00802115 -0.00227419 0.99999739 0.00019780 -0.00802068 -0.00021603 0.99996781
0.99994785 0.00245594 0.00991327 -0.00245420 0.99999697 -0.00018795 -0.00991371 0.00016361 0.99995084
0.99992298 0.00323479 0.01198202 -0.00323511 0.99999477 0.00000769 -0.01198194 -0.00004645 0.99992821
0.99990007 0.00193647 0.01400332 -0.00194768 0.99999779 0.00078688 -0.01400176 -0.00081408 0.99990164
0.99988356 0.00260155 0.01503657 -0.00259887 0.99999660 -0.00019764 -0.01503703 0.00015854 0.99988692
0.99987095 0.00237405 0.01588838 -0.00235904 0.99999675 -0.00096353 -0.01589061 0.00092592 0.99987331
0.99986860 0.00245432 0.01602364 -0.00243823 0.99999650 -0.00102340 -0.01602610 0.00098420 0.99987109
0.99985595 0.00156167 0.01690100 -0.00156662 0.99999873 0.00027939 -0.01690055 -0.00030583 0.99985713
0.99983666 0.00162058 0.01800089 -0.00163377 0.99999841 0.00071789 -0.01799970 -0.00074718 0.99983771
0.99982562 -0.00031353 0.01867146 0.00029238 0.99999931 0.00113537 -0.01867180 -0.00112971 0.99982503
0.99981243 0.00047357 0.01936168 -0.00051179 0.99999793 0.00196892 -0.01936070 -0.00197846 0.99981061
0.99980223 -0.00113310 0.01985475 0.00109966 0.99999796 0.00169547 -0.01985664 -0.00167330 0.99980144
0.99979089 -0.00227199 0.02032251 0.00228697 0.99999713 -0.00071379 -0.02032083 0.00076011 0.99979322
0.99979672 -0.00059911 0.02015318 0.00061922 0.99999932 -0.00099159 -0.02015257 0.00100387 0.99979641
0.99976807 -0.00047840 0.02153068 0.00055079 0.99999422 -0.00335633 -0.02152895 0.00336742 0.99976255
0.99973487 0.00095829 0.02300598 -0.00090472 0.99999686 -0.00233859 -0.02300814 0.00231716 0.99973259
0.99968962 0.00253088 0.02478433 -0.00247322 0.99999416 -0.00235698 -0.02479015 0.00229495 0.99969004
0.99966201 0.00187981 0.02592953 -0.00187753 0.99999823 -0.00011242 -0.02592970 0.00006370 0.99966377
0.99962353 0.00350174 0.02721287 -0.00351074 0.99999380 0.00028295 -0.02721171 -0.00037838 0.99962962
0.99959733 0.00121142 0.02834991 -0.00119154 0.99999903 -0.00071808 -0.02835076 0.00068401 0.99959780
0.99958204 0.00198814 0.02884093 -0.00196355 0.99999768 -0.00088098 -0.02884262 0.00082398 0.99958363
0.99957337 0.00055467 0.02920218 -0.00050952 0.99999866 -0.00155381 -0.02920300 0.00153827 0.99957232
0.99954951 -0.00029187 0.03001138 0.00034176 0.99999857 -0.00165722 -0.03001085 0.00166673 0.99954818
0.99952996 0.00103481 0.03063976 -0.00096540 0.99999693 -0.00228019 -0.03064203 0.00224954 0.99952789
0.99950345 0.00039387 0.03150725 -0.00031096 0.99999648 -0.00263655 -0.03150818 0.00262545 0.99950005
0.99950038 0.00168162 0.03156202 -0.00159292 0.99999471 -0.00283519 -0.03156662 0.00278350 0.99949777
0.99950197 0.00136897 0.03152673 -0.00131812 0.99999780 -0.00163351 -0.03152890 0.00159114 0.99950157
0.99948780 0.00117802 0.03198041 -0.00113133 0.99999827 -0.00147806 -0.03198209 0.00144112 0.99948740
0.99949074 0.00021852 0.03190950 -0.00020748 0.99999992 -0.00034919 -0.03190957 0.00034239 0.99949070
0.99948693 0.00167130 0.03198576 -0.00164501 0.99999829 -0.00084823 -0.03198712 0.00079518 0.99948796
0.99947953 0.00284038 0.03213412 -0.00276986 0.99999366 -0.00223872 -0.03214028 0.00214854 0.99948106
0.99946866 0.00244486 0.03250273 -0.00232900 0.99999080 -0.00360206 -0.03251123 0.00352444 0.99946516
0.99946715 0.00218111 0.03256764 -0.00209304 0.99999406 -0.00273803 -0.03257342 0.00266840 0.99946578
0.99950708 0.00021680 0.03139349 -0.00016285 0.99999851 -0.00172103 -0.03139381 0.00171507 0.99950562
0.99952938 -0.00108184 0.03065683 0.00112477 0.99999841 -0.00138322 -0.03065528 0.00141705 0.99952901
0.99953522 -0.00192970 0.03042410 0.00194930 0.99999791 -0.00061477 -0.03042285 0.00067379 0.99953689
0.99954539 0.00012187 0.03014944 -0.00011244 0.99999994 -0.00031446 -0.03014947 0.00031092 0.99954535
0.99956345 0.00050890 0.02954053 -0.00049923 0.99999982 -0.00033456 -0.02954070 0.00031967 0.99956353
0.99956785 0.00178089 0.02934197 -0.00176003 0.99999818 -0.00073650 -0.02934323 0.00068454 0.99956916
0.99955517 0.00019415 0.02982312 -0.00010651 0.99999567 -0.00294028 -0.02982356 0.00293580 0.99955087
0.99957616 0.00122449 0.02908605 -0.00113296 0.99999436 -0.00316288 -0.02908976 0.00312858 0.99957191
0.99959703 -0.00063945 0.02837913 0.00064320 0.99999979 -0.00012320 -0.02837904 0.00014141 0.99959722
0.99958963 0.00019510 0.02864481 -0.00018878 0.99999996 -0.00022340 -0.02864485 0.00021790 0.99958963
0.99957379 0.00020724 0.02919226 -0.00019206 0.99999984 -0.00052302 -0.02919236 0.00051719 0.99957368
0.99958110 0.00110748 0.02892065 -0.00113116 0.99999904 0.00080248 -0.02891974 -0.00083486 0.99958139
0.99958222 0.00129529 0.02887391 -0.00127419 0.99999891 -0.00074901 -0.02887485 0.00071191 0.99958278
0.99955929 0.00212964 0.02960909 -0.00207358 0.99999600 -0.00192397 -0.02961307 0.00186172 0.99955970
0.99957919 0.00246873 0.02890224 -0.00240648 0.99999471 -0.00218841 -0.02890749 0.00211794 0.99957985
0.99955193 0.00218004 0.02985289 -0.00210739 0.99999474 -0.00246474 -0.02985811 0.00240073 0.99955126
0.99955991 0.00255928 0.02955403 -0.00252720 0.99999618 -0.00112268 -0.02955679 0.00104750 0.99956255
0.99955965 0.00187797 0.02961395 -0.00189109 0.99999813 0.00041490 -0.02961311 -0.00047072 0.99956132
0.99956045 0.00180514 0.02959126 -0.00182106 0.99999821 0.00051084 -0.02959029 -0.00056451 0.99956195
0.99958106 0.00088299 0.02892980 -0.00086988 0.99999951 -0.00046571 -0.02893019 0.00044035 0.99958134
0.99955372 0.00194847 0.02980880 -0.00189405 0.99999649 -0.00185396 -0.02981231 0.00179667 0.99955390
0.99952062 0.00278027 0.03083490 -0.00269469 0.99999240 -0.00281675 -0.03084250 0.00273231 0.99952052
0.99948997 0.00652391 0.03126070 -0.00654553 0.99997840 0.00058941 -0.03125618 -0.00079372 0.99951109
0.99955127 0.00306023 0.02979739 -0.00309552 0.99999456 0.00113827 -0.02979374 -0.00123000 0.99955531
0.99955303 0.00186577 0.02983717 -0.00191009 0.99999711 0.00145701 -0.02983437 -0.00151335 0.99955371
0.99954017 0.00179401 0.03026918 -0.00178106 0.99999831 -0.00045481 -0.03026994 0.00040069 0.99954168
0.99952056 0.00137533 0.03093153 -0.00136886 0.99999904 -0.00023026 -0.03093181 0.00018780 0.99952148
0.99952048 0.00159191 0.03092379 -0.00156011 0.99999823 -0.00105248 -0.03092541 0.00100373 0.99952119
0.99950912 0.00052330 0.03132480 -0.00054913 0.99999952 0.00081591 -0.03132436 -0.00083271 0.99950893
0.99950920 0.00021870 0.03132593 -0.00025872 0.99999916 0.00127362 -0.03132562 -0.00128110 0.99950841
0.99947674 0.00025066 0.03234479 -0.00026172 0.99999991 0.00033771 -0.03234470 -0.00034600 0.99947671
0.99936067 -0.00029054 0.03575151 0.00034375 0.99999884 -0.00148213 -0.03575104 0.00149348 0.99935961
0.99944527 0.00116709 0.03328344 -0.00115600 0.99999927 -0.00035248 -0.03328382 0.00031381 0.99944589
0.99921065 -0.00412950 0.03950982 0.00391810 0.99997760 0.00542652 -0.03953134 -0.00526743 0.99920445
0.99938016 0.00166102 0.03516429 -0.00174123 0.99999595 0.00225047 -0.03516041 -0.00231030 0.99937901
0.99936653 0.00178148 0.03554391 -0.00182247 0.99999771 0.00112087 -0.03554183 -0.00118494 0.99936749
0.99936802 0.00135751 0.03552068 -0.00133975 0.99999897 -0.00052390 -0.03552135 0.00047598 0.99936880
0.99936915 0.00054573 0.03551061 -0.00048683 0.99999849 -0.00166724 -0.03551147 0.00164890 0.99936791
0.99931659 0.00242787 0.03688443 -0.00244762 0.99999688 0.00049034 -0.03688313 -0.00058029 0.99931942
0.99930361 0.00270706 0.03721518 -0.00274924 0.99999564 0.00108214 -0.03721209 -0.00118370 0.99930669
0.99932212 0.00178151 0.03677120 -0.00177461 0.99999840 -0.00022016 -0.03677154 0.00015476 0.99932369
0.99937027 0.00219351 0.03541534 -0.00220821 0.99999749 0.00037624 -0.03541442 -0.00045421 0.99937261
0.99943772 0.00464850 0.03320595 -0.00470281 0.99998773 0.00155762 -0.03319830 -0.00171290 0.99944732
0.99950400 0.00057645 0.03148695 -0.00056621 0.99999978 -0.00033426 -0.03148713 0.00031627 0.99950411
0.99953771 -0.00048183 0.03039968 0.00046503 0.99999974 0.00055987 -0.03039994 -0.00054547 0.99953767
0.99958319 -0.00012185 0.02886919 0.00009377 0.99999952 0.00097413 -0.02886930 -0.00097102 0.99958272
0.99963098 -0.00261301 0.02703831 0.00260888 0.99999658 0.00018778 -0.02703871 -0.00011717 0.99963438
0.99965273 -0.00409716 0.02603146 0.00414449 0.99998985 -0.00176459 -0.02602397 0.00187187 0.99965957
0.99965796 -0.00386783 0.02586519 0.00387475 0.99999247 -0.00021739 -0.02586416 0.00031753 0.99966542
0.99966531 -0.00118575 0.02584291 0.00110739 0.99999475 0.00304625 -0.02584638 -0.00301662 0.99966137
0.99966321 -0.00038963 0.02594835 0.00036555 0.99999950 0.00093245 -0.02594870 -0.00092265 0.99966285
0.99968756 0.00363175 0.02473021 -0.00354087 0.99998682 -0.00371767 -0.02474339 0.00362894 0.99968725
0.99970035 0.00199133 0.02439766 -0.00184404 0.99997995 -0.00605804 -0.02440923 0.00601124 0.99968398
0.99974960 0.00101225 0.02235416 -0.00086618 0.99997822 -0.00654315 -0.02236030 0.00652215 0.99972870
0.99976133 0.00188466 0.02176555 -0.00181765 0.99999355 -0.00309821 -0.02177125 0.00305791 0.99975830
0.99975463 0.00377565 0.02182733 -0.00375391 0.99999242 -0.00103684 -0.02183107 0.00095465 0.99976122
0.99967455 0.00633904 0.02471034 -0.00630244 0.99997892 -0.00155883 -0.02471970 0.00140259 0.99969344
0.99970610 0.00795339 0.02290120 -0.00797994 0.99996759 0.00106816 -0.02289196 -0.00125059 0.99973716
0.99971201 0.00849533 0.02244367 -0.00858843 0.99995490 0.00405533 -0.02240821 -0.00424692 0.99973988
0.99971102 0.00968855 0.02200018 -0.00978562 0.99994283 0.00430911 -0.02195717 -0.00452315 0.99974868
0.99973650 0.00277665 0.02278648 -0.00281903 0.99999436 0.00182767 -0.02278128 -0.00189143 0.99973868
0.99975221 0.00906830 0.02032956 -0.00910719 0.99995687 0.00182116 -0.02031216 -0.00200585 0.99979167
0.99983444 0.00173521 0.01811286 -0.00174100 0.99999844 0.00030438 -0.01811231 -0.00033586 0.99983590
0.99985743 0.00390846 0.01642672 -0.00392766 0.99999164 0.00113677 -0.01642214 -0.00120112 0.99986443
0.99986426 -0.00640552 0.01517973 0.00644439 0.99997608 -0.00251326 -0.01516327 0.00261074 0.99988162
0.99990202 0.00002145 0.01399854 -0.00003258 0.99999968 0.00079451 -0.01399852 -0.00079488 0.99990170
0.99990390 -0.00200554 0.01371716 0.00199588 0.99999775 0.00071786 -0.01371857 -0.00069041 0.99990566
0.99991005 -0.00087705 0.01338331 0.00086066 0.99999887 0.00123060 -0.01338437 -0.00121897 0.99990968
0.99992597 -0.00035840 0.01216260 0.00032930 0.99999708 0.00239414 -0.01216342 -0.00238995 0.99992317
0.99993333 -0.00107174 0.01149745 0.00106071 0.99999897 0.00096616 -0.01149847 -0.00095390 0.99993344
0.99994585 -0.00206452 0.01020011 0.00207609 0.99999721 -0.00112422 -0.01019776 0.00114534 0.99994735
0.99997367 -0.00227291 0.00689155 0.00226697 0.99999705 0.00086935 -0.00689350 -0.00085371 0.99997588
0.99998150 -0.00079306 0.00603082 0.00079192 0.99999967 0.00019281 -0.00603097 -0.00018803 0.99998180
0.99998718 -0.00125188 0.00490607 0.00125713 0.99999864 -0.00106641 -0.00490473 0.00107256 0.99998740
0.99999508 -0.00061309 0.00307747 0.00061242 0.99999979 0.00021965 -0.00307760 -0.00021777 0.99999524
0.99999341 -0.00187847 0.00310698 0.00188040 0.99999804 -0.00061856 -0.00310581 0.00062440 0.99999498
0.99999741 0.00020276 0.00226636 -0.00020185 0.99999990 -0.00040108 -0.00226644 0.00040062 0.99999735
0.99999709 -0.00044066 0.00237182 0.00043931 0.99999974 0.00056961 -0.00237207 -0.00056856 0.99999703
0.99999640 0.00165666 0.00210948 -0.00165559 0.99999850 -0.00050740 -0.00211031 0.00050390 0.99999765
0.99999484 -0.00226152 0.00228048 0.00226473 0.99999644 -0.00140761 -0.00227729 0.00141277 0.99999641
0.99999174 0.00367205 0.00173965 -0.00367531 0.99999148 0.00187836 -0.00173274 -0.00188474 0.99999672
0.99999661 -0.00005044 0.00260447 0.00005099 0.99999998 -0.00021334 -0.00260446 0.00021347 0.99999659
0.99998258 0.00529558 0.00260517 -0.00530396 0.99998076 0.00321720 -0.00258808 -0.00323096 0.99999143
0.99999653 0.00081229 0.00250683 -0.00081148 0.99999962 -0.00032480 -0.00250709 0.00032276 0.99999681
0.99999305 0.00242352 0.00283233 -0.00241860 0.99999557 -0.00173754 -0.00283653 0.00173068 0.99999448
0.99999584 0.00107136 0.00267841 -0.00106807 0.99999868 -0.00122625 -0.00267972 0.00122338 0.99999566
0.99999624 0.00157567 0.00224546 -0.00157383 0.99999843 -0.00082025 -0.00224675 0.00081671 0.99999714
0.99999808 0.00040236 0.00191836 -0.00040485 0.99999908 0.00129691 -0.00191784 -0.00129769 0.99999732
0.99999922 -0.00070576 0.00103517 0.00070453 0.99999905 0.00118885 -0.00103601 -0.00118812 0.99999876
0.99999809 0.00166618 0.00101759 -0.00166784 0.99999728 0.00163302 -0.00101487 -0.00163471 0.99999815
0.99999924 -0.00092817 0.00081689 0.00092742 0.99999915 0.00092069 -0.00081774 -0.00091993 0.99999924
0.99999880 -0.00154041 -0.00017530 0.00154013 0.99999755 -0.00158994 0.00017775 0.00158967 0.99999872
0.99999958 -0.00091435 0.00010816 0.00091451 0.99999846 -0.00149486 -0.00010679 0.00149496 0.99999888
0.99999983 0.00057233 -0.00012517 -0.00057237 0.99999979 -0.00031310 0.00012499 0.00031317 0.99999994
0.99999939 0.00089084 -0.00065606 -0.00089161 0.99999892 -0.00117167 0.00065502 0.00117225 0.99999910
0.99999869 0.00146291 -0.00068662 -0.00146295 0.99999893 -0.00005626 0.00068654 0.00005727 0.99999976
0.99999946 0.00086341 -0.00057080 -0.00086310 0.99999948 0.00054142 0.00057126 -0.00054093 0.99999969
0.99999941 -0.00041594 -0.00100689 0.00041542 0.99999978 -0.00051551 0.00100710 0.00051510 0.99999936
0.99999939 -0.00052735 -0.00097386 0.00052752 0.99999985 0.00017373 0.00097377 -0.00017424 0.99999951
0.99999406 0.00125333 -0.00321010 -0.00125916 0.99999756 -0.00181511 0.00320781 0.00181914 0.99999320
0.99999725 -0.00107049 -0.00208455 0.00106674 0.99999782 -0.00179645 0.00208647 0.00179422 0.99999621
0.99999456 -0.00108118 -0.00311533 0.00107912 0.99999920 -0.00066325 0.00311605 0.00065988 0.99999493
0.99999960 -0.00072471 -0.00051654 0.00072537 0.99999892 0.00127670 0.00051562 -0.00127707 0.99999905
0.99999895 0.00071631 -0.00125583 -0.00071479 0.99999902 0.00120764 0.00125669 -0.00120674 0.99999848
0.99999753 0.00103266 -0.00196913 -0.00103233 0.99999945 0.00016705 0.00196930 -0.00016502 0.99999805
0.99999957 -0.00030344 0.00087066 0.00030389 0.99999982 -0.00051776 -0.00087050 0.00051803 0.99999949
0.99999925 0.00087620 -0.00085923 -0.00087688 0.99999931 -0.00078389 0.00085854 0.00078464 0.99999932
0.99999717 0.00208870 -0.00114308 -0.00209016 0.99999699 -0.00128138 0.00114040 0.00128377 0.99999853
0.99999529 0.00296817 -0.00078509 -0.00296933 0.99999451 -0.00147073 0.00078072 0.00147306 0.99999861
0.99999332 0.00364113 -0.00032987 -0.00364213 0.99998860 -0.00308640 0.00031863 0.00308758 0.99999518
0.99998418 0.00521350 -0.00211400 -0.00521256 0.99998631 0.00045220 0.00211632 -0.00044118 0.99999766
0.99999826 -0.00082373 -0.00167409 0.00083140 0.99998912 0.00459021 0.00167029 -0.00459160 0.99998806
0.99994714 0.00152078 -0.01016855 -0.00153515 0.99999783 -0.00140518 0.01016639 0.00142071 0.99994731
0.99999653 -0.00114816 -0.00237036 0.00113936 0.99999247 -0.00371043 0.00237460 0.00370771 0.99999031
0.99999615 -0.00070260 -0.00268366 0.00070679 0.99999853 0.00156210 0.00268256 -0.00156399 0.99999518
0.99999939 -0.00090679 0.00063227 0.00090544 0.99999732 0.00212962 -0.00063419 -0.00212904 0.99999753
0.99999534 -0.00304418 0.00024300 0.00304295 0.99998333 0.00490634 -0.00025793 -0.00490557 0.99998793
0.99999670 -0.00089847 -0.00240677 0.00090229 0.99999833 0.00158736 0.00240534 -0.00158953 0.99999584
0.99999406 0.00339022 0.00061973 -0.00338956 0.99999369 -0.00106615 -0.00062334 0.00106404 0.99999924
0.99999258 0.00384868 0.00015869 -0.00384823 0.99998874 -0.00277717 -0.00016938 0.00277654 0.99999613
0.99999690 0.00073821 0.00237962 -0.00073416 0.99999828 -0.00170155 -0.00238087 0.00169980 0.99999572
0.99999853 -0.00141206 -0.00096863 0.00141269 0.99999879 0.00065115 0.00096770 -0.00065252 0.99999932
0.99999552 -0.00262011 0.00144889 0.00261280 0.99998396 0.00502552 -0.00146204 -0.00502171 0.99998632
0.99999322 0.00079093 0.00359764 -0.00079232 0.99999961 0.00038628 -0.00359734 -0.00038913 0.99999345
0.99999516 0.00134329 0.00280625 -0.00134660 0.99999840 0.00117697 -0.00280466 -0.00118075 0.99999537
0.99999951 0.00072523 -0.00067307 -0.00072483 0.99999956 0.00060038 0.00067351 -0.00059990 0.99999959
0.99999403 -0.00088401 0.00333951 0.00087921 0.99999858 0.00143616 -0.00334078 -0.00143322 0.99999339
0.99999055 0.00132835 0.00413966 -0.00132752 0.99999910 -0.00020378 -0.00413993 0.00019828 0.99999141
0.99998826 0.00069245 0.00479561 -0.00068746 0.99999922 -0.00104192 -0.00479633 0.00103861 0.99998796
0.99999974 0.00036553 0.00062382 -0.00036572 0.99999988 0.00031234 -0.00062371 -0.00031256 0.99999976
0.99999795 0.00055800 -0.00194439 -0.00055693 0.99999969 0.00055083 0.00194470 -0.00054974 0.99999796
0.99999712 -0.00012638 0.00239488 0.00012671 0.99999998 -0.00013977 -0.00239486 0.00014007 0.99999712
0.99999962 -0.00021488 -0.00083956 0.00021546 0.99999974 0.00068558 0.00083941 -0.00068576 0.99999941
0.99999625 0.00072138 0.00264127 -0.00072097 0.99999973 -0.00015444 -0.00264138 0.00015254 0.99999650
0.99999994 -0.00032345 0.00007638 0.00032348 0.99999983 -0.00049472 -0.00007622 0.00049475 0.99999987
0.99999744 -0.00147558 0.00171329 0.00147351 0.99999819 0.00120692 -0.00171506 -0.00120439 0.99999780
0.99999694 -0.00240296 0.00058307 0.00240207 0.99999595 0.00152730 -0.00058674 -0.00152590 0.99999866
0.99999555 -0.00232006 0.00187496 0.00231870 0.99999705 0.00072988 -0.00187665 -0.00072553 0.99999798
0.99999238 0.00083267 0.00381289 -0.00083439 0.99999955 0.00045108 -0.00381251 -0.00045426 0.99999263
0.99999632 0.00114025 0.00246187 -0.00113864 0.99999914 -0.00065721 -0.00246262 0.00065441 0.99999675
0.99999734 0.00091124 0.00211759 -0.00090720 0.99999777 -0.00190868 -0.00211932 0.00190675 0.99999594
0.99999810 0.00004638 0.00194846 -0.00004076 0.99999583 -0.00288656 -0.00194858 0.00288647 0.99999394
0.99999099 0.00348918 0.00241751 -0.00348489 0.99999236 -0.00177331 -0.00242368 0.00176487 0.99999551
0.99998536 0.00291447 0.00455923 -0.00292161 0.99999451 0.00156120 -0.00455466 -0.00157449 0.99998839
0.99998701 0.00260476 0.00438116 -0.00262200 0.99998882 0.00393401 -0.00437087 -0.00394544 0.99998266
0.99995666 -0.00424024 0.00828803 0.00422507 0.99998937 0.00184682 -0.00829577 -0.00181173 0.99996395
0.99999075 -0.00012937 0.00430002 0.00013552 0.99999897 -0.00143136 -0.00429983 0.00143193 0.99998973
0.99998604 -0.00055003 0.00525562 0.00057303 0.99999026 -0.00437670 -0.00525316 0.00437965 0.99997661
0.99998237 0.00010228 0.00593717 -0.00007417 0.99998878 -0.00473588 -0.00593759 0.00473536 0.99997116
0.99998689 -0.00123603 0.00496955 0.00124725 0.99999668 -0.00225523 -0.00496675 0.00226140 0.99998511
0.99998713 0.00302133 0.00407464 -0.00301932 0.99999532 -0.00050152 -0.00407614 0.00048921 0.99999157
0.99998470 -0.00150917 0.00532181 0.00153074 0.99999062 -0.00405238 -0.00531565 0.00406046 0.99997763
0.99998566 0.00011683 0.00535482 -0.00010254 0.99999643 -0.00266902 -0.00535511 0.00266844 0.99998210
0.99998525 0.00150704 0.00521890 -0.00151041 0.99999865 0.00064195 -0.00521793 -0.00064982 0.99998618
0.99999362 0.00153928 0.00322197 -0.00154294 0.99999817 0.00113424 -0.00322021 -0.00113920 0.99999417
0.99999661 0.00038640 0.00257421 -0.00039729 0.99999096 0.00423306 -0.00257255 -0.00423407 0.99998773
0.99999266 -0.00054008 0.00379246 0.00053488 0.99999892 0.00137199 -0.00379320 -0.00136995 0.99999187
0.99999452 -0.00164655 0.00287081 0.00164442 0.99999837 0.00074510 -0.00287204 -0.00074037 0.99999560
0.99999841 -0.00165860 0.00065619 0.00165826 0.99999850 0.00050951 -0.00065703 -0.00050842 0.99999965
0.99998713 -0.00113916 0.00494472 0.00114250 0.99999912 -0.00067393 -0.00494395 0.00067957 0.99998755
0.99999564 -0.00074950 0.00285585 0.00075498 0.99999787 -0.00192031 -0.00285441 0.00192246 0.99999408
0.99999617 0.00013201 0.00276565 -0.00012504 0.99999682 -0.00251991 -0.00276597 0.00251956 0.99999300
0.99997427 -0.00610572 0.00376676 0.00611477 0.99997843 -0.00239610 -0.00375205 0.00241907 0.99999004
0.99999487 -0.00158155 0.00278385 0.00158899 0.99999517 -0.00267117 -0.00277961 0.00267558 0.99999256
0.99997956 0.00563467 0.00302074 -0.00563570 0.99998406 0.00033160 -0.00301882 -0.00034862 0.99999538
0.99998625 0.00333189 0.00404881 -0.00333818 0.99999323 0.00154870 -0.00404363 -0.00156219 0.99999060
0.99998971 0.00085093 0.00445516 -0.00085006 0.99999962 -0.00019692 -0.00445533 0.00019313 0.99999006
0.99998938 -0.00387842 0.00248930 0.00388890 0.99998352 -0.00422234 -0.00247288 0.00423198 0.99998799
0.99999209 -0.00247762 0.00311054 0.00248699 0.99999237 -0.00301103 -0.00310306 0.00301874 0.99999063
0.99999636 -0.00196023 0.00185231 0.00195957 0.99999801 0.00036143 -0.00185302 -0.00035780 0.99999822
0.99999646 -0.00130920 0.00231845 0.00130523 0.99999768 0.00171456 -0.00232069 -0.00171153 0.99999584
0.99999575 -0.00026554 0.00290255 0.00026037 0.99999838 0.00178179 -0.00290302 -0.00178103 0.99999420
0.99999655 0.00141212 0.00221644 -0.00141043 0.99999872 -0.00076066 -0.00221751 0.00075753 0.99999725
0.99999509 0.00072829 0.00304677 -0.00072999 0.99999958 0.00055658 -0.00304636 -0.00055880 0.99999520
0.99999680 0.00109271 0.00227956 -0.00109376 0.99999930 0.00046055 -0.00227906 -0.00046304 0.99999730
0.99999710 0.00104210 0.00216936 -0.00103955 0.99999877 -0.00117645 -0.00217058 0.00117419 0.99999695
0.99999695 -0.00014212 0.00246482 0.00014299 0.99999993 -0.00035424 -0.00246477 0.00035460 0.99999690
0.99999846 0.00025999 0.00173649 -0.00025960 0.99999994 -0.00022915 -0.00173655 0.00022870 0.99999847
0.99999566 -0.00005215 0.00294631 0.00005837 0.99999777 -0.00211244 -0.00294620 0.00211261 0.99999343
0.99999623 -0.00029786 0.00273051 0.00030115 0.99999923 -0.00120393 -0.00273015 0.00120475 0.99999555
0.99999695 0.00016903 0.00246315 -0.00017243 0.99999903 0.00138029 -0.00246292 -0.00138071 0.99999601
0.99999572 -0.00000133 0.00292597 -0.00000028 0.99999985 0.00054873 -0.00292597 -0.00054873 0.99999557
0.99999480 0.00110132 0.00303221 -0.00109916 0.99999914 -0.00071599 -0.00303299 0.00071266 0.99999515
0.99999409 0.00127764 0.00319061 -0.00126955 0.99999598 -0.00253628 -0.00319383 0.00253222 0.99999169
0.99999303 0.00028440 0.00372265 -0.00027885 0.99999885 -0.00148982 -0.00372307 0.00148877 0.99999196
0.99998938 0.00024337 0.00460123 -0.00024223 0.99999994 -0.00025021 -0.00460129 0.00024909 0.99998938
0.99999582 0.00039062 0.00286438 -0.00039152 0.99999987 0.00031309 -0.00286425 -0.00031421 0.99999585
0.99999765 0.00044903 0.00212178 -0.00044966 0.99999986 0.00029510 -0.00212164 -0.00029605 0.99999771
0.99999800 -0.00011693 0.00199594 0.00011867 0.99999962 -0.00086815 -0.00199584 0.00086838 0.99999763
0.99999919 -0.00015912 0.00126537 0.00016105 0.99999882 -0.00152665 -0.00126512 0.00152685 0.99999803
0.99999798 0.00180298 0.00089393 -0.00180197 0.99999774 -0.00112760 -0.00089596 0.00112599 0.99999896
0.99999802 -0.00006903 0.00199038 0.00006990 0.99999990 -0.00043652 -0.00199035 0.00043666 0.99999792
0.99999936 -0.00074689 0.00085355 0.00074642 0.99999957 0.00054708 -0.00085396 -0.00054644 0.99999949
0.99999830 -0.00015048 0.00183715 0.00014995 0.99999995 0.00029177 -0.00183719 -0.00029149 0.99999827
0.99999845 0.00017847 0.00175284 -0.00017849 0.99999998 0.00000847 -0.00175284 -0.00000878 0.99999846
0.99999720 -0.00009053 0.00236404 0.00008765 0.99999925 0.00121878 -0.00236414 -0.00121857 0.99999646
0.99999686 0.00070413 0.00240339 -0.00070301 0.99999965 -0.00046416 -0.00240371 0.00046247 0.99999700
0.99999759 0.00012313 0.00219386 -0.00011998 0.99999896 -0.00143375 -0.00219404 0.00143349 0.99999657
0.99999283 -0.00083418 0.00369276 0.00083664 0.99999943 -0.00066511 -0.00369220 0.00066820 0.99999296
0.99999570 -0.00178073 0.00232999 0.00178183 0.99999830 -0.00047202 -0.00232915 0.00047617 0.99999717
0.99999586 -0.00196624 0.00210140 0.00196624 0.99999807 0.00000055 -0.00210139 0.00000358 0.99999779
0.99999992 -0.00008163 0.00037929 0.00008194 0.99999967 -0.00080670 -0.00037922 0.00080673 0.99999960
0.99999849 0.00145039 0.00095920 -0.00145015 0.99999892 -0.00025751 -0.00095957 0.00025612 0.99999951
0.99999755 0.00124910 0.00182909 -0.00124751 0.99999884 -0.00087032 -0.00183018 0.00086803 0.99999795
0.99999898 0.00126630 0.00066280 -0.00126661 0.99999909 0.00047312 -0.00066220 -0.00047396 0.99999967
0.99999938 0.00034353 0.00106367 -0.00034422 0.99999973 0.00064701 -0.00106345 -0.00064738 0.99999922
0.99999674 -0.00188595 0.00171965 0.00188680 0.99999810 -0.00049387 -0.00171871 0.00049712 0.99999840
0.99999876 -0.00081108 0.00134764 0.00081188 0.99999950 -0.00058729 -0.00134717 0.00058839 0.99999892
0.99999863 0.00006244 0.00165247 -0.00006194 0.99999995 -0.00030554 -0.00165249 0.00030544 0.99999859
0.99999876 0.00040093 0.00152587 -0.00040045 0.99999987 -0.00031901 -0.00152600 0.00031840 0.99999878
0.99999782 0.00021581 0.00207926 -0.00021463 0.99999982 -0.00056750 -0.00207938 0.00056705 0.99999768
0.99999729 0.00062916 0.00223946 -0.00062663 0.99999917 -0.00112913 -0.00224017 0.00112773 0.99999685
0.99999629 0.00049671 0.00267767 -0.00049368 0.99999924 -0.00113308 -0.00267823 0.00113175 0.99999577
0.99999368 0.00046598 0.00352525 -0.00046570 0.99999989 -0.00008191 -0.00352529 0.00008027 0.99999378
0.99999489 0.00076012 0.00310607 -0.00075856 0.99999959 -0.00050313 -0.00310645 0.00050077 0.99999505
0.99999103 -0.00003506 0.00423494 0.00003912 0.99999954 -0.00095969 -0.00423490 0.00095985 0.99999057
